
	华南理工大学	31168109,31168109,
创意艺术		277457122,277457122,265661002,265661002,304495810,304495810,279174065,279174065,304503292,304503292,284287480,284287480,305344988,305344988,269070865,269070865,282495703,282495703,304421794,304421794,
	
互联网	厦门	29316907,29316907,21108346,21108346,
计算机软件	芝加哥	53748568,53748568,346895765,346895765,31537241,31537241,336717781,336717781,343348904,343348904,343470319,343470319,340517006,340517006,58762730,58762730,321696018,321696018,317250430,317250430,
林业	长沙	309148105,309148105,61478739,61478739,267025690,267025690,267155943,267155943,37644358,37644358,266254687,266254687,38708083,38708083,266109196,266109196,266055423,266055423,27934611,27934611,
化工业		347487482,347487482,349970567,349970567,349852529,349852529,351399437,351399437,314235326,314235326,349794499,349794499,346024815,346024815,20300634,20300634,351886425,351886425,325245772,325245772,
水利能源	沈阳	337736701,337736701,311885728,311885728,321078879,321078879,29288818,29288818,320946543,320946543,317838645,317838645,295751948,295751948,309933588,309933588,289548198,289548198,288324648,288324648,
电影录音		347954489,347954489,351527837,351527837,344019917,344019917,345630781,345630781,349328737,349328737,346130613,346130613,350283581,350283581,349639326,349639326,347776143,347776143,346282105,346282105,
	我们的太空	304160528,48510028,304160528,351964089,48510028,351964089,351991857,48510028,351991857,351831350,48510028,351831350,351823646,48510028,351823646,351542727,48510028,351542727,349613825,48510028,349613825,348639185,48510028,348639185,347411547,48510028,347411547,347791409,48510028,347791409,
地产建筑	Imperial College	317265589,317265589,20400360,20400360,23709933,23709933,24196191,24196191,20640230,20640230,21973281,21973281,
	陈勇	27062686,27062686,26077880,26077880,20398616,20398616,20216574,20216574,22913650,22913650,25145037,25145037,47647183,47647183,22629470,22629470,28544155,28544155,30161095,30161095,
政府	湖南	320985173,320985173,347869019,347869019,351752719,351752719,349568449,349568449,311382617,311382617,351810026,351810026,343754603,343754603,347210268,347210268,339424230,339424230,339541457,339541457,
高等教育	青岛	330993785,48510028,330993785,330235820,48510028,330235820,24811233,48510028,24811233,321695737,48510028,321695737,31502257,48510028,31502257,23305736,48510028,23305736,328450551,48510028,328450551,21466753,48510028,21466753,324256166,48510028,324256166,325166718,48510028,325166718,
高新科技	北京大学	325346550,48510028,325346550,34279916,48510028,34279916,349114865,48510028,349114865,348029595,48510028,348029595,329067254,48510028,329067254,53394745,48510028,53394745,276481621,48510028,276481621,337322950,48510028,337322950,333069012,48510028,333069012,315608112,48510028,315608112,
互联网	Ehco	351948626,351948626,347503862,347503862,347839037,347839037,347312003,347312003,345307809,345307809,27641736,27641736,336574343,336574343,323247139,323247139,336055967,336055967,53460936,53460936,
	中山大学	349781196,48510028,349781196,349598228,48510028,349598228,68647249,48510028,68647249,347745552,48510028,347745552,331830864,48510028,331830864,32210468,48510028,32210468,340096565,48510028,340096565,339422830,48510028,339422830,21100102,48510028,21100102,338809806,48510028,338809806,
	混沌大学	20281460,48510028,20281460,22818974,48510028,22818974,321219463,48510028,321219463,19727047,48510028,19727047,318657727,48510028,318657727,321317538,48510028,321317538,306249128,48510028,306249128,23524562,48510028,23524562,19551084,48510028,19551084,21733358,48510028,21733358,
	刺猬大学	304838170,48510028,304838170,347938061,48510028,347938061,268961398,48510028,268961398,288290769,48510028,288290769,318628129,48510028,318628129,315012080,48510028,315012080,290543744,48510028,290543744,35953016,48510028,35953016,33635478,48510028,33635478,41088875,48510028,41088875,
电子游戏	永州	352361530,352361530,350706759,350706759,335183322,335183322,352173424,352173424,352116978,352116978,352076986,352076986,351900452,351900452,350868589,350868589,351525979,351525979,351508151,351508151,
	梅赛德斯-奔驰	31524027,48510028,31524027,265781540,48510028,265781540,306809846,48510028,306809846,41558555,48510028,41558555,
餐饮	四川	352231492,352231492,352143972,352143972,351190633,351190633,302479879,302479879,339489489,339489489,348508571,348508571,350823185,350823185,350336215,350336215,349022103,349022103,343141235,343141235,
	最高学历：胎教	349014495,349014495,349568449,349568449,31058230,31058230,31358636,31358636,308583858,308583858,294966068,294966068,68568499,68568499,343832187,343832187,344954942,344954942,286725777,286725777,
食品饮料业	上海	21738443,48510028,21738443,343850790,48510028,343850790,344865142,48510028,344865142,344788683,48510028,344788683,342272475,48510028,342272475,338376650,48510028,338376650,336253512,48510028,336253512,333463946,48510028,333463946,323400514,48510028,323400514,321107584,48510028,321107584,
科研	少司命	346999432,48510028,346999432,291597382,48510028,291597382,52579481,48510028,52579481,338619329,48510028,338619329,334681627,48510028,334681627,332903563,48510028,332903563,268218579,48510028,268218579,332837918,48510028,332837918,329510875,48510028,329510875,301668691,48510028,301668691,
艺术娱乐	上海	351145503,48509984,351145503,28247984,48509984,28247984,350126182,48509984,350126182,322990786,48509984,322990786,348181962,48509984,348181962,347358765,48509984,347358765,327906843,48509984,327906843,346215062,48509984,346215062,317516405,48509984,317516405,345293594,48509984,345293594,
资本投资	带头大哥	31160385,31160385,297452172,297452172,25670119,25670119,288688040,288688040,334316502,334316502,263474432,263474432,271847734,271847734,34200652,34200652,57196316,57196316,31905410,31905410,
互联网	北京	
创意艺术	新西兰	268450915,268450915,20939533,20939533,264714010,264714010,265983470,265983470,263366010,263366010,68758065,68758065,68268105,68268105,68264747,68264747,68423661,68423661,68480035,68480035,
	
高等教育	英国	352473175,48510028,352473175,351920965,48510028,351920965,346862321,48510028,346862321,23448791,48510028,23448791,349870265,48510028,349870265,346198994,48510028,346198994,348916228,48510028,348916228,345282592,48510028,345282592,334189586,48510028,334189586,340516766,48510028,340516766,
	美食	20031331,48509984,20031331,35056624,48509984,35056624,37196810,48509984,37196810,64897703,48509984,64897703,27910600,48509984,27910600,22869052,48509984,22869052,33406340,48509984,33406340,21644143,48509984,21644143,50608844,48509984,50608844,62930336,48509984,62930336,
互联网	北京市	297726264,48509984,297726264,339495165,48509984,339495165,302242038,48509984,302242038,23900793,48509984,23900793,335092172,48509984,335092172,35186326,48509984,35186326,266233586,48509984,266233586,26290994,48509984,26290994,31149968,48509984,31149968,53675464,48509984,53675464,
	北京	351208531,351208531,351858172,351858172,350706899,350706899,318584240,318584240,330583918,330583918,340515773,340515773,338132225,338132225,318447291,318447291,336418831,336418831,321746555,321746555,
互联网	上海	346805059,48509984,346805059,345431917,48509984,345431917,42108357,48509984,42108357,19575248,48509984,19575248,338378919,48509984,338378919,333022816,48509984,333022816,28498235,48509984,28498235,325164812,48509984,325164812,324121374,48509984,324121374,323488800,48509984,323488800,
	囡囡吖	347264732,347264732,333453353,333453353,344356939,344356939,
化工业	上海	49086068,49086068,320307231,320307231,294347201,294347201,315424608,315424608,35779421,35779421,332677678,332677678,328700668,328700668,35463549,35463549,30562488,30562488,21183629,21183629,
	仙境里的小屋	32300010,32300010,352074184,352074184,35103080,35103080,335807213,335807213,351139751,351139751,279262202,279262202,23819007,23819007,35046637,35046637,300656169,300656169,40207910,40207910,
	钟文	352197797,352197797,352308261,352308261,352450361,352450361,352395925,352395925,352459050,352459050,349863077,349863077,352455513,352455513,352321089,352321089,352478460,352478460,352406836,352406836,
畜牧养殖业		
	成都	337090932,337090932,28335543,28335543,35130645,35130645,310738373,310738373,274454044,274454044,317520471,317520471,310361305,310361305,300675271,300675271,265858317,265858317,31569563,31569563,
法律	上海市	351779111,48509984,351779111,351118441,48509984,351118441,350655387,48509984,350655387,29861427,48509984,29861427,348350686,48509984,348350686,349120697,48509984,349120697,346897709,48509984,346897709,61427887,48509984,61427887,347354112,48509984,347354112,345411976,48509984,345411976,
资本投资	西安	23733855,23733855,346574411,346574411,265644478,265644478,53138025,53138025,338505394,338505394,344725183,344725183,346696497,346696497,338228497,338228497,24983736,24983736,321791385,321791385,
互联网	北京	348029701,48510028,348029701,318496731,48510028,318496731,304499020,
广播电视	北京	35130645,35130645,344276433,344276433,346244808,346244808,345593418,347302891,347302891,346856864,346856864,346631685,346631685,315027677,315027677,342659537,342659537,323731445,323731445,62278110,62278110,

	周磊	24960733,24960733,20413167,20413167,22859867,22859867,
电子商务		278594044,278594044,37181077,37181077,297374208,297374208,333094946,333094946,314893283,314893283,319258164,319258164,31741726,31741726,20572630,20572630,305507128,305507128,20677532,20677532,
科研	复旦大学	68765873,48509984,68765873,54400017,48509984,54400017,22466087,54425564,48509984,54425564,53987899,48509984,53987899,53830758,48509984,53830758,20071319,49540250,48509984,49540250,21719178,48509984,21719178,48612210,48509984,48612210,28457577,48509984,28457577,20686111,48509984,20686111,
		328571237,328571237,349938042,349938042,61192834,61192834,333164560,333164560,310186247,310186247,307906704,307906704,335188712,335188712,31312526,31312526,325407294,325407294,265353375,265353375,
互联网	安徽	20161454,20161454,48893288,48893288,56361359,56361359,57482385,57482385,
餐饮	宁输输	339382914,339382914,295324182,295324182,347473813,347473813,24560066,24560066,342744599,342744599,64501030,64501030,344347843,344347843,29147727,29147727,332761242,332761242,339048496,339048496,
电子游戏	北京市	28125763,28125763,290506401,290506401,29795630,29795630,327086256,327086256,29995649,29995649,28638314,28638314,58188314,58188314,267511897,267511897,298265287,298265287,270836742,270836742,
临床医疗	叙利亚马斯亚夫	275188264,275188264,25003208,25003208,39117286,39117286,341811886,341811886,322735344,322735344,332110899,332110899,320868620,320868620,320278620,320278620,319004064,319004064,307255465,307255465,
高等教育	Columbus, OH	333166407,48509984,333166407,331869630,48509984,331869630,324473155,48509984,324473155,305992374,48509984,305992374,29179041,48509984,29179041,263757539,48509984,263757539,28994313,48509984,28994313,62121443,48509984,62121443,61140222,48509984,61140222,59674171,48509984,59674171,
	
互联网	北京	352389016,352389016,330402365,330402365,351574168,351574168,29122083,29122083,350993224,350993224,46693101,46693101,271661899,271661899,350171737,350171737,56740436,56740436,49432258,49432258,
创意艺术	上海	340670848,48510028,340670848,340823422,48510028,340823422,340424050,48510028,340424050,289194119,48510028,289194119,24266800,48510028,24266800,271362788,48510028,271362788,37952141,48510028,37952141,22653788,48510028,22653788,23424798,48510028,23424798,283621627,48510028,283621627,
政府	Washington DC	351551096,351551096,345899888,345899888,337089517,337089517,336224104,336224104,334346323,334346323,21746164,21746164,268776003,268776003,303175503,303175503,325177150,325177150,327177518,327177518,
	电气工程师	352364249,48509984,352364249,352321760,48509984,352321760,351918727,48509984,351918727,352374275,48509984,352374275,352200405,48509984,352200405,266836494,48509984,266836494,351046928,48509984,351046928,351875122,48509984,351875122,350768129,48509984,350768129,351967113,48509984,351967113,
教育	日本	301768678,48510028,301768678,334698380,48510028,334698380,332413749,48510028,332413749,328715715,48510028,328715715,20192194,48510028,20192194,51781294,48510028,51781294,322359940,48510028,322359940,317368311,48510028,317368311,318322297,48510028,318322297,318322067,48510028,318322067,
	知识星球：https:\u002F\u002Ft.xiaomiquan.com\u002FUBMJMn6	350614145,350614145,349951077,349951077,346965791,346965791,344549330,344549330,336819313,336819313,332671808,332671808,332184159,332184159,329689396,329689396,266108003,266108003,328132832,328132832,
高等教育	多伦多	351894873,351894873,346049678,346049678,338061411,338061411,347011915,347011915,346122954,346122954,343403115,343403115,339384135,339384135,339525331,339525331,48865367,48865367,335530471,335530471,
特殊教育	中国	348105182,348105182,32326226,32326226,278213527,278213527,20756458,20756458,22306097,22306097,33112559,33112559,58452083,58452083,58370394,58370394,31336814,31336814,20082759,20082759,
高等教育	马萨诸塞州剑桥市	349335257,48510028,349335257,347997936,48510028,347997936,348181968,48510028,348181968,345525984,48510028,345525984,343761769,48510028,343761769,67701534,48510028,67701534,340653057,48510028,340653057,339594280,48510028,339594280,33891578,48510028,33891578,337362714,48510028,337362714,
国防军事	北京	349937232,349937232,265648362,265648362,263839752,263839752,26804714,26804714,347285073,347285073,348923546,348923546,348299334,348299334,21030735,21030735,28782104,28782104,19676836,19676836,
计算机软件	宾夕法尼亚州	346868860,48509984,346868860,352507775,48509984,352507775,352326297,48509984,352326297,348565021,48509984,348565021,351744551,48509984,351744551,349737758,48509984,349737758,347881110,48509984,347881110,349641348,48509984,349641348,349131207,48509984,349131207,348782653,48509984,348782653,
电子电器	鸭脖子省热干面市糊汤粉区豆皮街道面窝社区蛋酒村二组	346733471,346733471,343508877,343508877,340211392,340211392,328997057,328997057,47727905,47727905,49994063,49994063,66740340,66740340,66740379,66740379,269341575,269341575,52133029,52133029,
培训	成都	332684032,332684032,56616040,56616040,318441544,318441544,331399221,331399221,328298332,328298332,327538678,327538678,328512816,328512816,68493292,68493292,21892677,21892677,48320022,48320022,
	徐惠明	55170071,48510028,55170071,29701475,48510028,29701475,40039001,48510028,40039001,38190921,48510028,38190921,37332316,48510028,37332316,36874388,48510028,36874388,20017832,48510028,20017832,36460062,48510028,36460062,35701169,48510028,35701169,
	尤点童真	343274757,343274757,342407873,342407873,315022429,315022429,324587146,324587146,319801945,319801945,302671861,302671861,297225697,297225697,64665409,64665409,301026419,301026419,
金融	北京	352182090,352182090,342160208,342160208,351273870,351273870,64714883,64714883,351085526,351085526,266254340,266254340,349994906,349994906,290071247,290071247,36297604,36297604,34037503,34037503,
	尚敬	28793652,48510028,28793652,
科研	北京	347604012,347604012,58808739,58808739,349568449,349568449,297122707,297122707,350091132,350091132,349192039,349192039,349348788,349348788,320043661,320043661,45694301,45694301,35745990,35745990,
互联网	北京	
科研	日本	350292725,48510028,350292725,350294008,48510028,350294008,350070973,48510028,350070973,347405494,48510028,347405494,292443025,48510028,292443025,343396567,48510028,343396567,22807493,48510028,22807493,22265672,48510028,22265672,294544783,48510028,294544783,24171042,48510028,24171042,
体育健身	青岛	31532984,31532984,27559710,27559710,27232723,27232723,24162555,24162555,24030747,24030747,24039611,24039611,24012435,24012435,21832929,21832929,20323338,20323338,20178311,20178311,
	知乎电影	344019917,48510028,344019917,333519959,48510028,333519959,341994002,48510028,341994002,342936488,48510028,342936488,
	
教育	北京市海淀区丹棱街丹棱SOHO  1006	34078364,34078364,319677860,319677860,29086205,29086205,39186856,305674974,305674974,39186856,39186856,51370731,51370731,20792560,20792560,24826797,24826797,34016213,34016213,63488249,63488249,
	北京	351106143,351106143,348508571,348508571,27951713,27951713,347298280,347298280,325926441,325926441,26716568,26716568,346764144,346764144,313564280,313564280,346204250,346204250,346016066,346016066,
高等教育	东莞	
制造加工	中山	41182911,41182911,19698050,19698050,22403792,22403792,25162039,25162039,264962290,264962290,328524311,328524311,323731445,323731445,65333214,65333214,338750892,338750892,332395555,332395555,
互联网	上海	351018078,48510028,351018078,55493026,48510028,55493026,278137232,48510028,278137232,348474416,48510028,348474416,25002833,48510028,25002833,333195546,48510028,333195546,62852587,48510028,62852587,340517779,48510028,340517779,320075644,48510028,320075644,335674832,48510028,335674832,
创意艺术	上海	351160403,48509984,351160403,332337059,48509984,332337059,57953126,48509984,57953126,320085265,48509984,320085265,309140492,48509984,309140492,307792533,48509984,307792533,308691335,48509984,308691335,306897389,48509984,306897389,304320824,48509984,304320824,304893968,48509984,304893968,
法律	鄂东南雨水充足的地方	351334782,48510028,351334782,280706855,48510028,280706855,350936895,48510028,350936895,350251913,48510028,350251913,346423654,48510028,346423654,349511219,48510028,349511219,347836139,48510028,347836139,267001697,48510028,267001697,327446155,48510028,327446155,22430380,48510028,22430380,
	大梦想程序商店	29147727,48510028,29147727,21940510,48510028,21940510,36546814,48510028,36546814,265726340,48510028,265726340,277398226,48510028,277398226,47045516,48510028,47045516,266021832,48510028,266021832,55262852,48510028,55262852,272485925,48510028,272485925,54580383,48510028,54580383,
医疗服务		350126182,350126182,351902990,351902990,31557238,31557238,347372020,347372020,344477978,344477978,344338112,344338112,344156081,344156081,338134502,338134502,325605528,325605528,324786943,324786943,
互联网		346846586,346846586,28875177,28875177,51257404,51257404,62038269,62038269,303985265,303985265,330807220,330807220,37101521,37101521,51701321,51701321,292091101,292091101,38762981,38762981,
互联网	大猫布丁	41303546,41303546,314015800,314015800,266696997,266696997,293599420,293599420,36690340,36690340,21008255,21008255,60536492,60536492,22508677,22508677,25257915,25257915,24447485,24447485,
	CHANGEclub	25950263,48510028,25950263,344703969,48510028,344703969,337554161,48510028,337554161,27995234,26614031,48510028,26614031,20337542,48510028,20337542,303484985,48510028,303484985,20478670,48510028,20478670,263824213,48510028,263824213,305856248,48510028,305856248,279931228,48510028,279931228,

	
	腾讯投资	275204275,48510028,275204275,342935688,48510028,342935688,66627484,48510028,66627484,57502504,48510028,57502504,271889552,48510028,271889552,
	洛杉矶	
	不知道在哪总之是在地球上市	65620092,65620092,345338901,345338901,348859111,348859111,344080799,344080799,313850426,313850426,319244615,319244615,343489112,343489112,334435316,334435316,20873203,20873203,294515448,294515448,
	光明日报	352294793,48510028,352294793,352231813,48510028,352231813,352171277,48510028,352171277,285523832,48510028,285523832,45025902,48510028,45025902,351721168,48510028,351721168,351720960,48510028,351720960,352204879,48510028,352204879,352203087,48510028,352203087,347857024,48510028,347857024,
法律	新加坡	
互联网	北京市	352048828,48509984,352048828,352171277,48509984,352171277,352108632,48509984,352108632,352222192,48509984,352222192,21818075,48509984,21818075,351706516,48509984,351706516,351920965,48509984,351920965,351413532,48509984,351413532,27058325,48509984,27058325,351316749,48509984,351316749,
电力电网	魅力度ワーストワン	
	DJI大疆创新	298235937,48510028,298235937,351074765,48510028,351074765,340381561,48510028,340381561,271932034,48510028,271932034,335457281,48510028,335457281,328999847,48510028,328999847,304004540,48510028,304004540,302791659,48510028,302791659,295279030,48510028,295279030,278144897,48510028,278144897,
高新科技	宁波	48852342,48852342,62706827,62706827,62671828,62671828,47419097,47419097,61210626,61210626,61262882,61262882,58846658,58846658,21968680,21968680,60093597,60093597,
教育	上海	347321584,48510028,347321584,279986529,48510028,279986529,348016823,48510028,348016823,349634304,48510028,349634304,306535235,48510028,306535235,343011502,48510028,343011502,
财务	天津城南开洼地八里台	29325356,29325356,352376347,352376347,19719224,19719224,352068250,352068250,351420921,351420921,351511010,351511010,352062514,352062514,352296151,352296151,352177868,352177868,350264159,350264159,
高等教育	长沙	351810026,48509984,351810026,270393195,48509984,270393195,344156081,48509984,344156081,324405640,48509984,324405640,308662400,48509984,308662400,33775481,48509984,33775481,288411165,48509984,288411165,287901085,48509984,287901085,267026228,48509984,267026228,20137753,48509984,20137753,
	kevin	22953113,22953113,305331824,305331824,289929862,289929862,290492198,290492198,263342076,263342076,266670612,266670612,61921307,61921307,62443044,62443044,
法律	美国	21107429,48509984,21107429,284737508,48509984,284737508,265491384,48509984,265491384,63823279,48509984,63823279,35409433,48509984,35409433,55817232,48509984,55817232,53409803,48509984,53409803,52455795,48509984,52455795,51362945,48509984,51362945,21560906,48509984,21560906,
高等教育		351583438,351583438,349983608,349983608,348301652,348301652,348066971,348066971,347951964,347951964,347277047,347277047,347407505,347407505,344276433,344276433,336966681,336966681,346812557,346812557,
互联网	湾区（Bay Area）	264449700,48509984,264449700,37290469,48509984,37290469,67192203,48509984,67192203,267246760,48509984,267246760,65333009,48509984,65333009,65719722,48509984,65719722,60838985,48509984,60838985,60726864,48509984,60726864,58778536,48509984,58778536,57713553,48509984,57713553,
	北京	264888074,264888074,47451561,47451561,39508731,39508731,51974238,51974238,41182911,41182911,24906516,24906516,27726057,27726057,23171083,23171083,59843383,59843383,57783756,57783756,
	大阪	304754067,304754067,264675310,264675310,349482593,349482593,339495165,339495165,346165736,346165736,28247984,28247984,345415605,345415605,327308940,327308940,320757815,320757815,264415281,264415281,
环境保护	蛏子圣子	48920545,48920545,323388650,323388650,323388650,320347760,320347760,305312950,305312950,313191641,313191641,311804404,311804404,310944734,310944734,308232247,308232247,308030764,308030764,307839946,307839946,
	知乎用户	
互联网	上海	27325912,48510028,27325912,29967475,48510028,29967475,67961924,48510028,67961924,310808608,48510028,310808608,30468951,48510028,30468951,267068003,48510028,267068003,310065369,48510028,310065369,20773513,48510028,20773513,307148675,48510028,307148675,22818482,48510028,22818482,
	量子位	322335739,48510028,322335739,26754848,48510028,26754848,66949369,48510028,66949369,25866010,48510028,25866010,20337132,48510028,20337132,322530705,48510028,322530705,322651220,48510028,322651220,28196675,48510028,28196675,333671830,48510028,333671830,27529154,48510028,27529154,
互联网	中国	27615769,27615769,27834147,27834147,60165921,60165921,24966963,24966963,46683612,46683612,52261156,52261156,20391650,20391650,41996685,41996685,29631466,29631466,55162958,55162958,
电子游戏	北京	332078305,48510028,332078305,347238391,48510028,347238391,347691011,48510028,347691011,347571130,48510028,347571130,340249822,48510028,340249822,338587248,48510028,338587248,339421060,48510028,339421060,338075727,48510028,338075727,338096583,48510028,338096583,333019483,48510028,333019483,
创意艺术		349815415,349815415,347279520,347279520,288061730,288061730,348074372,348074372,347273732,347273732,346345547,346345547,341248179,341248179,55904207,55904207,343915242,343915242,339052655,339052655,
互联网		31937124,31937124,32276442,32276442,62972819,62972819,308662400,308662400,336840672,336840672,286525154,286525154,348318313,348318313,304970889,304970889,26111344,26111344,266586355,266586355,
	美食	349862723,48509984,349862723,347728539,48509984,347728539,349408724,48509984,349408724,334485083,48509984,334485083,345282592,48509984,345282592,344709246,48509984,344709246,345687356,48509984,345687356,344293653,48509984,344293653,344156081,48509984,344156081,344233234,48509984,344233234,
	漫画	
信息传媒	北京	295007509,295007509,19610070,19610070,272066061,272066061,271123832,271123832,37743956,37743956,267994382,267994382,263817674,263817674,28306387,28306387,31870607,31870607,55367952,55367952,
高等教育	加拿大	350215777,48510028,350215777,339126201,48510028,339126201,340878015,48510028,340878015,339266482,48510028,339266482,340486237,48510028,340486237,340134550,48510028,340134550,336811839,48510028,336811839,339165323,48510028,339165323,337520035,48510028,337520035,334806759,48510028,334806759,
	十一学校	
广播电视	瓜掉了你捡不捡	346708717,346708717,341390846,341390846,343607762,343607762,332144102,332144102,21808248,21808248,296774554,296774554,339329734,339329734,323305666,323305666,288381809,288381809,323927781,323927781,
互联网	北京	341001568,341001568,349740234,349740234,19905740,19905740,20702866,20702866,22290804,22290804,19984612,19984612,26396713,26396713,19982961,19982961,19765487,19765487,20902805,20902805,
娱乐休闲	宁波	292915917,292915917,309287745,309287745,267460120,267460120,61319575,61319575,264128967,264128967,54864508,54864508,22448808,22448808,45182527,45182527,29189201,29189201,24729523,24729523,
	SexyVC	344935472,48510028,344935472,344285556,48510028,344285556,266139783,48510028,266139783,23970838,48510028,23970838,312817256,48510028,312817256,40307225,48510028,40307225,297374208,48510028,297374208,337015183,48510028,337015183,342584347,48510028,342584347,325605167,48510028,325605167,
高等教育	上海	
	菠菜	20462764,20462764,348832762,348832762,347756476,347756476,344508272,344508272,347882308,347882308,343651554,343651554,346673824,346673824,346132434,346132434,342318692,342318692,345502481,345502481,
教育	北京	344827837,344827837,336875505,336875505,340480494,340480494,22968065,22968065,55832521,55832521,336616421,336616421,31347237,31347237,310830182,310830182,21262792,21262792,47451561,47451561,
	阿潘馆长	336417193,336417193,63538299,63538299,319258164,319258164,276248841,276248841,318606911,318606911,55629283,55629283,28079504,28079504,276906660,276906660,29687555,29687555,276620696,276620696,
互联网	上海	277993916,277993916,19763541,19763541,322544517,322544517,303977965,303977965,302562570,302562570,283303767,283303767,291804959,291804959,28694420,28694420,283798564,283798564,282931198,282931198,
法律	北京	271618627,48510028,271618627,267713450,48510028,267713450,60113195,48510028,60113195,57961848,48510028,57961848,66770322,48510028,66770322,59614208,48510028,59614208,50832573,55642773,48510028,55642773,48840916,48510028,48840916,52959387,48510028,52959387,21140914,48510028,21140914,26840075,
娱乐休闲	知乎用户	
渔业	日本动画	21002845,48509984,21002845,350880032,48509984,350880032,351047511,48509984,351047511,351453558,48509984,351453558,351835175,48509984,351835175,351092300,48509984,351092300,351583196,48509984,351583196,326797252,48509984,326797252,36904508,48509984,36904508,351340726,48509984,351340726,
	上海	352045391,48509984,352045391,352502245,48509984,352502245,350313500,48509984,350313500,350949035,48509984,350949035,352387157,48509984,352387157,351709626,48509984,351709626,349740305,48509984,349740305,350133239,48509984,350133239,351421128,48509984,351421128,350922338,48509984,350922338,
电子商务	中国美术学院	343633143,343633143,347182898,347182898,347392324,347392324,296578324,296578324,35373395,35373395,342813959,342813959,345293594,345293594,338991392,338991392,344844457,344844457,344483118,344483118,
		327398945,327398945,48173062,48173062,334587481,334587481,294520264,294520264,67029821,67029821,311862300,311862300,336463996,336463996,48894984,48894984,299970574,299970574,21652570,21652570,
咨询分析	纽约	299700466,48510028,299700466,349685679,48510028,349685679,349942003,48510028,349942003,292091101,48510028,292091101,318913382,48510028,318913382,63936962,48510028,63936962,347835822,48510028,347835822,348131574,48510028,348131574,344080799,48510028,344080799,348028641,48510028,348028641,
	艺术	
创意艺术	地球	352219802,352219802,28217018,28217018,348996703,348996703,348904824,348904824,351406805,351406805,351262548,351262548,346139525,346139525,350957345,350957345,350272769,350272769,49940883,49940883,
咨询分析	北京	
互联网	程大航	48502375,48502375,38887751,38887751,
	Shanlll	331546953,331546953,61413926,61413926,35293789,35293789,57466330,57466330,21778055,21778055,
	博士在读	351752346,48509984,351752346,266586355,48509984,266586355,350779983,48509984,350779983,350595678,48509984,350595678,336175189,48509984,336175189,295108216,48509984,295108216,348890232,48509984,348890232,347495742,48509984,347495742,264476156,48509984,264476156,345124567,48509984,345124567,
政府	大俄亥俄首府	351875084,351875084,351165549,351165549,315745653,315745653,349629354,349629354,349373671,349373671,49219202,49219202,54957651,54957651,349545655,349545655,348608210,348608210,346253906,346253906,
科研	伦敦（Greater London）	348067123,48510028,348067123,338980186,48510028,338980186,334381036,327614103,48510028,327614103,50465242,48510028,50465242,327357864,48510028,327357864,327563015,48510028,327563015,46883195,48510028,46883195,318346341,48510028,318346341,58018004,48510028,58018004,19583765,48510028,19583765,
	
临床医疗		35033860,35033860,42072080,42072080,36142964,36142964,
	懿颜爱神爱世人	
互联网	广州市	301192914,301192914,20551945,20551945,283474944,283474944,291804959,291804959,290250035,290250035,30992224,30992224,282407180,282407180,280533037,280533037,43697913,43697913,49635278,49635278,
	
教育	西雅图（Seattle）	346908676,48510028,346908676,338528528,48510028,338528528,323480330,48510028,323480330,319952294,48510028,319952294,321083459,48510028,321083459,320650054,48510028,320650054,306118688,48510028,306118688,265242751,48510028,265242751,286792173,48510028,286792173,38334372,48510028,38334372,
出版业	大连市	351108862,351108862,287094159,287094159,335663341,335663341,317862569,317862569,305188717,305188717,276401999,276401999,302608489,302608489,306261517,306261517,301851609,301851609,274498093,274498093,
临床医疗	鹿公子	324249952,324249952,319775996,319775996,304561792,304561792,318404350,318404350,282828475,282828475,282943649,282943649,280706944,280706944,275565043,275565043,55786783,55786783,33306582,33306582,
政府	武汉	40315645,40315645,349598228,349598228,310626210,310626210,32237866,32237866,341470490,341470490,271212996,271212996,340534076,340534076,315370573,315370573,346522169,346522169,318163620,318163620,
教育	陈兰香	352171277,352171277,345606113,345606113,338381574,338381574,306771843,306771843,350823185,350823185,350126182,350126182,348446136,348446136,348315251,348315251,341729604,341729604,347545743,347545743,
	小坏蛋咩	65637502,65637502,293233555,293233555,
互联网	北京	349698023,349698023,349598228,349598228,50522456,50522456,27029591,27029591,20097263,20097263,22048545,22048545,286733591,286733591,310308485,310308485,
创意艺术		66364901,48509984,66364901,59456316,48509984,59456316,287318331,48509984,287318331,52740250,48509984,52740250,40215400,48509984,40215400,282815376,48509984,282815376,31069750,48509984,31069750,285652803,48509984,285652803,25436452,48509984,25436452,24315448,48509984,24315448,
	美食	321894996,48510028,321894996,25374923,48510028,25374923,31837676,48510028,31837676,20466683,48510028,20466683,283796731,48510028,283796731,48339054,48510028,48339054,309433961,48510028,309433961,30679600,48510028,30679600,20034102,48510028,20034102,22473004,48510028,22473004,
	简十一	301793024,301793024,321905909,321905909,19581185,19581185,25056214,25056214,35471739,35471739,37708264,37708264,304087708,304087708,36091285,36091285,47908341,47908341,24317568,24317568,
互联网	北京海淀清河	63110287,63110287,55736600,55736600,56811834,56811834,56478261,56478261,56129456,56129456,56093520,56093520,55923197,55923197,53966441,53966441,52077644,52077644,53232461,53232461,
	雕爷	
创意艺术	深圳市	336203471,336203471,344019917,344019917,291962739,291962739,29174460,29174460,347620659,347620659,347520333,347520333,20743279,20743279,345593418,345593418,341140280,341140280,37879507,37879507,
	林带鱼w	351958284,351958284,349316625,349316625,351351169,351351169,350675490,350675490,347548153,347548153,346993906,346993906,345938341,345938341,346417774,346417774,343761058,343761058,339548424,339548424,
博物馆	北京市	343366307,48510028,343366307,342658585,48510028,342658585,338705766,48510028,338705766,312706857,48510028,312706857,312980482,48510028,312980482,276438817,48510028,276438817,269339532,48510028,269339532,60487154,48510028,60487154,60880564,48510028,60880564,65074012,48510028,65074012,
法律	北京	346786578,48510028,346786578,66257687,48510028,66257687,350875999,48510028,350875999,345537932,48510028,345537932,350995572,48510028,350995572,52792601,48510028,52792601,36996031,48510028,36996031,344897808,48510028,344897808,331769587,48510028,331769587,340197997,48510028,340197997,
金融	知乎用户	
互联网	北京	302402544,48510028,302402544,48618004,48510028,48618004,28923765,48510028,28923765,288026861,48510028,288026861,25539779,48510028,25539779,40223190,48510028,40223190,271314820,48510028,271314820,339254105,48510028,339254105,27775308,48510028,27775308,41476888,48510028,41476888,
临床医疗	上海	350336215,48510028,350336215,348029595,48510028,348029595,349548263,48510028,349548263,341063544,48510028,341063544,347495742,48510028,347495742,347354112,48510028,347354112,347268325,48510028,347268325,346949677,48510028,346949677,346080508,48510028,346080508,346758272,48510028,346758272,
互联网	上海	268945226,268945226,21390105,21390105,352171277,352171277,351948626,351948626,26229699,26229699,346181097,346181097,309293640,309293640,61192834,61192834,351728964,351728964,351248066,351248066,
电子商务	深圳市	346936214,346936214,352486423,352486423,312434037,312434037,351607398,351607398,320507085,320507085,323966917,323966917,352011101,352011101,351426844,351426844,352361530,352361530,352018211,352018211,
互联网	北京	346801183,346801183,27286682,27286682,285854519,285854519,280469393,280469393,287086780,287086780,283670451,283670451,280107648,280107648,271189004,271189004,270359083,270359083,269575910,269575910,
	迷糊圈	
互联网	杭州	309433961,309433961,314076042,314076042,265502843,265502843,265529851,265529851,35119423,35119423,30173127,30173127,39371344,39371344,36479507,36479507,296571484,296571484,22292474,22292474,
互联网	Rex Tong	320122053,320122053,313854340,313854340,313831599,313831599,308035492,308035492,307672403,307672403,301990435,301990435,307101161,307101161,307011438,307011438,306892364,306892364,306910291,306910291,
	萌爪医生	321931313,48510028,321931313,36537491,48510028,36537491,21004422,48510028,21004422,278924939,48510028,278924939,278432895,48510028,278432895,275607596,48510028,275607596,66613701,48510028,66613701,51468021,48510028,51468021,65619825,48510028,65619825,49771306,48510028,49771306,
	嗯哪	351378387,351378387,347510965,347510965,345811287,345811287,342976772,342976772,339103015,339103015,337166591,337166591,333244832,333244832,330462784,330462784,51787084,51787084,326104089,326104089,
	王誠實	25101830,25101830,351013719,351013719,282077362,282077362,351064085,351064085,351133657,351133657,350937329,350937329,20198973,20198973,350372490,350372490,349528654,349528654,324459830,324459830,
互联网	北京	
教育	成都	334347192,334347192,20576400,20576400,45496240,45496240,322429630,322429630,20004747,20004747,30992855,30992855,61295793,61295793,290508427,290508427,62522529,62522529,40600160,40600160,
	真实故事计划	26765834,48510028,26765834,23716039,48510028,23716039,51690276,48510028,51690276,350996756,48510028,350996756,23969756,48510028,23969756,290210695,48510028,290210695,323446334,48510028,323446334,31421459,48510028,31421459,54619234,48510028,54619234,286175714,48510028,286175714,
	杭州	275826056,275826056,24797610,24797610,24166078,24166078,23921711,23921711,
	南京	318626472,318626472,313430569,313430569,19812204,19812204,
高等教育	Oxford	342296529,342296529,263503310,263503310,330485362,330485362,40946493,40946493,62416327,62416327,55928118,55928118,59211882,59211882,22772515,22772515,59785170,59785170,58612458,58612458,
	听说很苏	318505416,318505416,49467213,49467213,23794890,23794890,36532219,36532219,21972983,21972983,
计算机硬件	北京	315338132,315338132,349981329,349981329,349677376,349677376,349354764,349354764,342376613,342376613,341095498,341095498,305877017,305877017,335947288,335947288,334762750,334762750,305670257,305670257,
	澳大利亚	56673737,56673737,41114813,41114813,26933347,26933347,41065640,41065640,24657862,24657862,34332065,34332065,23961132,23961132,31008827,31008827,26010850,26010850,20513917,20513917,
	日作古美术	64268185,64268185,
非营利组织	香港	346364807,346364807,268864361,268864361,333658857,333658857,331641673,331641673,324993596,324993596,326193747,326193747,323173945,323173945,320229580,320229580,312622675,312622675,46967603,46967603,
互联网	浙江	19988840,48510028,19988840,271940490,48510028,271940490,22139035,48510028,22139035,324978602,48510028,324978602,22204774,48510028,22204774,68103156,48510028,68103156,27925812,48510028,27925812,22378218,48510028,22378218,21430286,48510028,21430286,37226968,48510028,37226968,
	mango	68062479,68062479,
培训	加利福尼亚	333802967,333802967,48899883,48899883,19700338,19700338,29387653,29387653,304371286,304371286,22968875,22968875,50773388,50773388,19983640,19983640,20964415,20964415,274371051,274371051,
互联网	伯克利	320396123,320396123,
教育	上海	
教育	成都	344084892,344084892,348181968,348181968,349146314,349146314,25575379,25575379,31117395,31117395,59796563,59796563,30466809,30466809,298521066,298521066,347039315,347039315,24007365,24007365,
信息传媒	武汉市	32299417,32299417,268873095,268873095,34395388,34395388,
	CJMcCollum	29888808,48510028,29888808,337874022,48510028,337874022,27334576,48510028,27334576,
娱乐休闲	上海市	342616024,342616024,345132630,345132630,351008278,351008278,351200680,351200680,347276611,347276611,350869637,350869637,351074765,351074765,350411823,350411823,350028180,350028180,343820560,343820560,
种植业	北京	48580390,48580390,47347953,47347953,26701102,26701102,40561887,40561887,51605025,51605025,58387168,58387168,281170030,281170030,26479642,26479642,56254389,56254389,40234499,40234499,
互联网	北京	350206088,48510028,350206088,345701163,48510028,345701163,345283912,48510028,345283912,344763924,48510028,344763924,340134550,48510028,340134550,332699841,48510028,332699841,19568396,302311885,48510028,302311885,315361987,48510028,315361987,297841881,48510028,297841881,25332314,48510028,25332314,
计算机硬件	上海市	264366404,264366404,264836232,266917279,266917279,350920719,350920719,63234557,63234557,350952691,350952691,27816801,27816801,29056468,29056468,34425386,34425386,311969233,311969233,348845664,348845664,
	幼儿教育	
临床医疗	常州	21641318,48510028,21641318,20031140,48510028,20031140,303870741,48510028,303870741,266585955,48510028,266585955,62057625,48510028,62057625,59862732,48510028,59862732,56079850,48510028,56079850,56010378,48510028,56010378,54972185,48510028,54972185,55011681,48510028,55011681,
	北京	
临床医疗	上海市	351897906,48510028,351897906,351583622,48510028,351583622,352231492,48510028,352231492,352270843,48510028,352270843,351479801,48510028,351479801,351341267,48510028,351341267,350724508,48510028,350724508,351330539,48510028,351330539,349412723,48510028,349412723,351398961,48510028,351398961,
高等教育	纽约	27619267,48510028,27619267,29047809,48510028,29047809,
银行	私聊请前往我的公众号：呵呵的小书屋	303789714,303789714,272158547,272158547,36236144,36236144,28314077,28314077,21181450,21181450,20777058,20777058,284816819,284816819,275026601,275026601,276206847,276206847,271046202,271046202,
	荒野大鲸鱼	352228162,352228162,315012080,315012080,20579757,20579757,333347370,333347370,40420015,40420015,329964430,329964430,331629246,331629246,312272168,312272168,325438317,325438317,324707434,324707434,
博物馆	北京	40028642,40028642,47045516,47045516,263678290,263678290,68014919,68014919,29183631,29183631,273866042,273866042,22866524,22866524,321211386,321211386,46680759,46680759,25368703,25368703,
	知乎用户	
培训	北京	337458896,337458896,333284804,333284804,327944629,327944629,323499647,323499647,322109780,322109780,320163778,320163778,316328850,316328850,315430110,315430110,317398554,317398554,316609593,316609593,
广告	北京	345715558,48509984,345715558,351156756,48509984,351156756,350079196,48509984,350079196,349675596,48509984,349675596,346699949,48509984,346699949,29887765,48509984,29887765,339369090,48509984,339369090,346314264,48509984,346314264,313514508,48509984,313514508,345725012,48509984,345725012,
	Airbnb爱彼迎	39388689,39388689,23810529,23810529,290431408,290431408,286889053,286889053,264239372,264239372,271136542,271136542,39167242,39167242,50548488,50548488,265765381,265765381,33913345,33913345,
高等教育	北京市朝阳区东四环	334627619,48509984,334627619,327311693,48509984,327311693,19819957,48509984,19819957,324137789,48509984,324137789,320663787,48509984,320663787,317383267,48509984,317383267,36756803,48509984,36756803,314262952,48509984,314262952,284128568,48509984,284128568,303489055,48509984,303489055,
化工业	上海	
	
	深圳市	62021811,62021811,33278807,33278807,272189066,272189066,269076022,35484344,35484344,269076022,269076022,21654460,21654460,20136746,20136746,269408314,269408314,269455516,269455516,
	
	刘看山福利社	351145503,48510028,351145503,36071560,48510028,36071560,351143845,48510028,351143845,343247440,48510028,343247440,343187633,48510028,343187633,340478420,48510028,340478420,21688284,48510028,21688284,295883762,48510028,295883762,323689116,48510028,323689116,275632612,48510028,275632612,
广播电视	从心	304996039,304996039,292387380,292387380,292226933,292226933,50646412,50646412,266265198,266265198,265912319,265912319,265961172,265961172,265113194,265113194,265931223,265931223,265805236,265805236,
互联网	北京	20995711,20995711,60495586,60495586,64673400,64673400,47034512,47034512,34663120,34663120,320286692,320286692,28002959,28002959,30062423,30062423,316021905,316021905,296132052,296132052,
互联网	深圳市	56313752,56313752,65646397,65646397,37002510,37002510,41677539,41677539,19580096,19580096,48470937,48470937,30770284,30770284,38841081,38841081,34626465,34626465,34031641,34031641,
互联网	杭州	342049298,48509984,342049298,35289579,48509984,35289579,51269171,48509984,51269171,47451561,48509984,47451561,281158235,48509984,281158235,310675395,48509984,310675395,39474276,48509984,39474276,41854964,48509984,41854964,295454420,48509984,295454420,296260566,48509984,296260566,
	
互联网	纸糊	
互联网	北京	351607398,351607398,352171277,352171277,345606113,345606113,343995869,343995869,344954093,344954093,349944053,349944053,350827215,350827215,23713916,23713916,351188478,351188478,345593418,345593418,
体育健身	天津	41194593,41194593,276224355,276224355,49010624,49010624,68596537,68596537,68482076,68482076,68387652,68387652,67883500,67883500,67580590,67580590,63875728,63875728,41039849,63937086,63937086,
政府	香港	
资本投资	上海	334388678,334388678,316459534,316459534,296480350,296480350,51671791,51671791,285714034,285714034,281787678,281787678,20347891,20347891,22317631,22317631,64131048,64131048,22529857,22529857,
科研	洛杉矶 (Los Angeles)	
政府	南乔	343685354,343685354,349961426,349961426,295940870,295940870,37801869,37801869,282989027,282989027,30522147,30522147,36435092,36435092,279637455,279637455,61885011,61885011,36333752,36333752,
高新科技	何静回来了	349405067,349405067,344313665,344313665,351426844,351426844,309141897,309141897,351886822,351886822,351757732,351757732,351316749,351316749,350788959,350788959,351412702,351412702,351014096,351014096,
艺术娱乐	北京	339695922,339695922,338424458,338424458,41179781,41179781,305368437,305368437,332716341,332716341,19994825,19994825,329503456,329503456,23836035,23836035,26796160,26796160,311419880,311419880,
旅游	世界	349598228,48509984,349598228,19851528,48509984,19851528,344250849,48509984,344250849,318446058,48509984,318446058,324250123,48509984,324250123,322314853,48509984,322314853,321467115,48509984,321467115,50608844,48509984,50608844,321168776,48509984,321168776,321197042,48509984,321197042,
培训		
互联网	北京	319356354,319356354,287647009,287647009,303024131,303024131,303789714,303789714,303482683,303482683,293366890,293366890,35111303,35111303,31907973,31907973,275882359,275882359,273416889,273416889,
电子游戏		316586744,316586744,303783311,303783311,303627516,303627516,289955083,289955083,300548973,300548973,298138866,298138866,298017561,298017561,297658509,297658509,47648061,47648061,275491202,275491202,
证券投资	辽宁	352124873,352124873,341345227,341345227,327035700,327035700,323905274,323905274,320818450,320818450,320630503,320630503,319540484,319540484,318507344,318507344,303772441,303772441,309433180,309433180,
互联网	北京	
法律	中国、美国、加拿大	352108632,352108632,351165549,351165549,351911584,351911584,340889121,340889121,278581281,278581281,350875999,350875999,350595678,350595678,34279916,34279916,347448236,347448236,348859803,348859803,
培训	上海	340298969,48510028,340298969,346908676,48510028,346908676,340103948,48510028,340103948,20612257,48510028,20612257,23900793,48510028,23900793,332480012,48510028,332480012,325747572,48510028,325747572,327779254,48510028,327779254,34469135,48510028,34469135,46440628,48510028,46440628,
	北隐BEIYIN	34970175,34970175,48418022,48418022,19580548,19580548,
艺术娱乐	广州市	351370497,48509984,351370497,342016897,48509984,342016897,336035791,48509984,336035791,336577422,48509984,336577422,332192284,48509984,332192284,50070668,48509984,50070668,316236851,48509984,316236851,326166837,48509984,326166837,324512663,48509984,324512663,314568486,48509984,314568486,
互联网	北京	35482151,35482151,39559151,39559151,34853466,34853466,42153411,42153411,24708976,24708976,50548488,50548488,26292855,26292855,41328651,41328651,25096456,25096456,22012538,22012538,
互联网	北京市	21422415,21422415,336546067,336546067,327830971,327830971,335925332,335925332,312970427,312970427,313435818,313435818,313300943,313300943,311904828,311904828,311684339,311684339,307383062,307383062,
	
基础教育	北京	20143444,20143444,43583006,43583006,34012038,34012038,23373977,23373977,59668922,59668922,46294998,46294998,58566757,58566757,58013022,58013022,58014082,58014082,58013986,58013986,
互联网	南京	
制造加工	上海	332807660,332807660,25857988,25857988,273636716,273636716,324980338,324980338,25527413,25527413,285777699,285777699,323834312,323834312,323384423,323384423,323079960,323079960,323777052,323777052,
互联网	北京	316456796,316456796,338097891,338097891,337689435,337689435,334327701,334327701,328159860,328159860,314619499,314619499,62684503,62684503,267488245,267488245,325768047,325768047,323435194,323435194,
	广州市	325465259,325465259,322172454,322172454,320926172,320926172,59397636,59397636,315333322,315333322,307414042,307414042,320669736,320669736,285989317,285989317,29666661,29666661,304706190,304706190,
畜牧养殖业	北京	352473175,352473175,33220674,33220674,287524343,287524343,306535168,306535168,352108632,352108632,351787265,351787265,352075702,352075702,334316502,334316502,338967544,338967544,351893135,351893135,
电子游戏	上海	
电子商务	暨南大学 (JNU)	60665247,60665247,
互联网	合肥	351074765,351074765,346924084,346924084,30716075,30716075,343033809,343033809,343003613,343003613,340134905,340134905,335383170,335383170,328270045,328270045,23084771,23084771,323488800,323488800,
	窦太太	346725493,346725493,292830014,292830014,337738272,337738272,337953855,337953855,337294898,337294898,38899113,38899113,291200054,291200054,309064282,309064282,50346251,50346251,280663116,280663116,
市场推广	北京	310478448,310478448,271547699,271547699,268873647,268873647,268779922,268779922,265449653,265449653,54705356,54705356,31974805,31974805,25659001,25659001,30443555,30443555,29742496,29742496,
互联网	杭州	318065326,318065326,27207307,27207307,31065632,31065632,343827709,343827709,344072428,344072428,33889180,33889180,293309623,293309623,314166850,314166850,27289926,27289926,333216993,333216993,
	武汉	60120147,60120147,24450839,24450839,
互联网	东京	299015935,299015935,36797739,36797739,41943180,41943180,31124386,31124386,31513817,31513817,23358462,23358462,20503539,20503539,22122115,22122115,26685056,26685056,26996348,26996348,
临床医疗	飒姐	351766115,48510028,351766115,345606113,48510028,345606113,35682635,48510028,35682635,38827553,48510028,38827553,275605748,48510028,275605748,351341159,48510028,351341159,45676793,48510028,45676793,340502307,48510028,340502307,350961606,48510028,350961606,348049253,48510028,348049253,
	
科研	海淀区	352384014,48510028,352384014,352108632,48510028,352108632,351857255,48510028,351857255,48300695,48510028,48300695,274978007,48510028,274978007,22930891,48510028,22930891,335140617,48510028,335140617,278155816,48510028,278155816,344405727,48510028,344405727,351574168,48510028,351574168,

计算机软件	西雅图（Seattle）	337481109,337481109,352498895,352498895,352171277,352171277,351386257,351386257,350801376,350801376,343979039,343979039,352116266,352116266,351820283,351820283,347670274,347670274,341544600,341544600,
法律	上海	
图书馆	杭州	347747158,347747158,21331609,21331609,270943641,270943641,40723276,40723276,23386750,23386750,19850186,19850186,314581045,314581045,297452172,297452172,20547441,20547441,27123625,27123625,
	香港	321245626,48510028,321245626,28109978,48510028,28109978,309818306,48510028,309818306,20104381,48510028,20104381,284209426,48510028,284209426,22821862,48510028,22821862,40161363,48510028,40161363,23730582,48510028,23730582,304473490,48510028,304473490,19573169,48510028,19573169,
互联网	温哥华	
	啊啊啊啊啊啊啊达	270298909,270298909,
互联网	深圳市	351617208,351617208,36903052,36903052,352002502,352002502,350087161,350087161,38827553,38827553,68044048,68044048,347295614,347295614,351496924,351496924,352387157,352387157,61138306,61138306,
互联网	织语	301556058,301556058,61177375,61177375,274876811,274876811,298222730,298222730,299939048,299939048,299630269,299630269,299646119,299646119,63693297,63693297,280436540,280436540,68139688,68139688,
	北京市	351728964,351728964,349566175,349566175,349554492,349554492,31107721,31107721,344546627,344546627,36486450,36486450,343489112,343489112,341926844,341926844,20489674,20489674,339406812,339406812,
互联网		
	水寒	276636947,276636947,279891778,279891778,26009615,26009615,267912777,267912777,21570600,21570600,58022548,58022548,298216819,298216819,314027428,314027428,29658588,29658588,65958062,65958062,
互联网	知乎用户	
	
		348246976,348246976,275605748,275605748,336834505,336834505,343523019,343523019,348939653,348939653,279736196,279736196,286100715,286100715,61187448,61187448,348957764,348957764,344891586,344891586,
汽车		352228356,48509984,352228356,350797654,48509984,350797654,350931231,48509984,350931231,350191144,48509984,350191144,349598228,48509984,349598228,347585177,48509984,347585177,346936125,48509984,346936125,345218874,48509984,345218874,58640881,48509984,58640881,340478420,48509984,340478420,
互联网	北京	350613389,350613389,332870431,332870431,347242398,347242398,334388678,334388678,328132832,328132832,327682638,327682638,265408094,265408094,318763133,318763133,318511053,318511053,51459956,51459956,
	深圳市	
	ARKIE	
	上海	280651361,48509984,280651361,47581654,48509984,47581654,307263436,48509984,307263436,333436260,48509984,333436260,68480751,48509984,68480751,50895523,48509984,50895523,323763825,48509984,323763825,322844188,48509984,322844188,296753623,48509984,296753623,19866749,48509984,19866749,
科研	德国法兰克福	55110691,48510028,55110691,351105205,48510028,351105205,49401742,48510028,49401742,351630539,48510028,351630539,349617188,48510028,349617188,270498281,48510028,270498281,347302891,48510028,347302891,348515847,48510028,348515847,347330239,48510028,347330239,346999432,48510028,346999432,
	北京	348609141,348609141,348269505,348269505,315180355,315180355,341042176,341042176,334452253,334452253,322605368,322605368,323913031,323913031,66816311,66816311,68508524,68508524,
	公众号：电波发射基站	351143845,351143845,351106143,351106143,350538624,350538624,350030635,350030635,349688525,349688525,45965977,45965977,348515819,348515819,348370059,348370059,346299665,346299665,299256126,299256126,
互联网	丁香医生	296368004,296368004,47471413,47471413,26057352,26057352,65462889,65462889,20160110,20160110,27837895,27837895,48423595,48423595,318749074,318749074,268163243,268163243,269918057,269918057,
非营利组织		271058335,271058335,
电子游戏	上海	346735133,48510028,346735133,343123306,48510028,343123306,34845154,48510028,34845154,338438233,48510028,338438233,323681477,48510028,323681477,21713209,48510028,21713209,333842651,48510028,333842651,337109682,48510028,337109682,26382065,48510028,26382065,334890951,48510028,334890951,
计算机软件	成都	322243675,322243675,341655770,341655770,340370503,340370503,290015423,290015423,332625292,332625292,268533818,268533818,325482703,325482703,328881292,328881292,328774535,328774535,23312466,23312466,
互联网	深圳市	21921531,21921531,26680255,26680255,45965977,45965977,28156746,28156746,27885546,27885546,35163533,35163533,37111755,37111755,30309844,30309844,40630409,40630409,48239376,48239376,
	精读君	284519710,48510028,284519710,
电子电器	深圳市	352108632,352108632,344233918,344233918,327679183,327679183,321785989,321785989,314207257,314207257,314107737,314107737,314453028,314453028,315402936,315402936,62335486,62335486,296269495,296269495,
创意艺术		298318626,298318626,58560102,58560102,345612807,345612807,343605277,343605277,341027533,341027533,336406499,336406499,328658752,328658752,23957022,23957022,333441858,333441858,330999543,330999543,
	郎朗	
广告		
	知乎汽车	343499950,48510028,343499950,327035700,
教育	印第安纳大学（Indiana University）	352053263,48510028,352053263,351388902,48510028,351388902,351469045,48510028,351469045,351327621,48510028,351327621,348908360,48510028,348908360,349638149,48510028,349638149,349043609,48510028,349043609,348814414,48510028,348814414,348496304,48510028,348496304,348012807,48510028,348012807,
创意艺术	北京	351512686,351512686,349175130,349175130,351413532,351413532,343600519,343600519,350937823,350937823,348003746,348003746,347839037,347839037,347832922,347832922,349126598,349126598,346122954,346122954,
	OPPO智美心品	341383096,48510028,341383096,
互联网	广州市	346709712,48510028,346709712,344590862,48510028,344590862,351928284,48510028,351928284,299203094,48510028,299203094,346554006,48510028,346554006,20840874,48510028,20840874,348486989,48510028,348486989,318744375,48510028,318744375,345301305,48510028,345301305,348639185,48510028,348639185,
	儒雅的陈小	276270536,276270536,275061882,275061882,274914818,274914818,274216095,274216095,273698457,273698457,273456702,273456702,269458729,269458729,267590869,267590869,
		312860875,312860875,311953248,311953248,30377128,30377128,293713306,293713306,277317975,277317975,287878217,287878217,20350384,20350384,288884310,288884310,275543436,275543436,276505161,276505161,
互联网	北京市	351955380,351955380,350586960,350586960,350351013,350351013,350182428,350182428,349869491,349869491,349446855,349446855,348641796,348641796,346282105,346282105,347241865,347241865,347582341,347582341,
	Macky小唛	55645941,55645941,287275123,287275123,266242246,266242246,59222508,59222508,57082875,57082875,55859821,55859821,52749383,52749383,52291642,52291642,51550749,51550749,41969285,41969285,
高等教育	北京	344401830,344401830,60257635,60257635,350868998,350868998,351389777,351389777,327379436,327379436,342278320,342278320,34444140,34444140,68428284,68428284,41190676,41190676,35570190,35570190,
高等教育	陆铭	334459036,48510028,334459036,26490281,48510028,26490281,286381199,48510028,286381199,300005350,48510028,300005350,288077188,48510028,288077188,278391642,48510028,278391642,270943658,48510028,270943658,269700056,48510028,269700056,267113211,48510028,267113211,65449035,48510028,65449035,
信息传媒	北京	298995970,298995970,58956769,58956769,269489550,269489550,269624188,269624188,269117314,269117314,67160092,67160092,60458987,60458987,29083850,29083850,
畜牧养殖业		341982032,341982032,349904699,349904699,344998128,344998128,345482491,345482491,22135654,22135654,343832721,343832721,339602636,339602636,340654495,340654495,342093491,342093491,334823792,334823792,
	脑洞故事板	340639712,340639712,333842651,333842651,327421856,327421856,334062832,334062832,324473155,324473155,47383779,47383779,53932675,53932675,310247178,310247178,265635368,265635368,60347845,60347845,
	知乎用户	
互联网	北京	
咨询分析		
互联网	北京	352085186,352085186,347384322,347384322,308201447,308201447,351174386,351174386,21793993,21793993,350614145,350614145,350366858,350366858,347469966,347469966,345431917,345431917,346299665,346299665,
	陈佩斯	274629543,48510028,274629543,274989914,48510028,274989914,43475432,48510028,43475432,36704909,48510028,36704909,23038648,48510028,23038648,
种植业	地球	41830599,41830599,351810026,351810026,345648963,345648963,350827215,350827215,348049253,348049253,344609136,344609136,328429744,328429744,343529277,343529277,348664608,348664608,27510629,27510629,
创意艺术		25654797,48509984,25654797,345759218,48509984,345759218,67773477,48509984,67773477,287913017,48509984,287913017,20437002,48509984,20437002,285414258,48509984,285414258,284336042,48509984,284336042,281195771,48509984,281195771,267580760,48509984,267580760,264750381,48509984,264750381,
	谷歌开发者	345145839,48510028,345145839,343385341,48510028,343385341,40099190,48510028,40099190,49909565,48510028,49909565,32037895,48510028,32037895,22213757,48510028,22213757,20042084,48510028,20042084,46495381,48510028,46495381,
公关	上海市	23035564,48510028,23035564,348419019,48510028,348419019,264818636,48510028,264818636,342091014,48510028,342091014,345383749,48510028,345383749,340917587,48510028,340917587,340988510,48510028,340988510,332546275,48510028,332546275,337696478,48510028,337696478,61348045,48510028,61348045,
	支付宝	20516844,48510028,20516844,351810026,48510028,351810026,40543633,48510028,40543633,20995758,48510028,20995758,350119582,48510028,350119582,346932256,48510028,346932256,346708717,48510028,346708717,344204972,48510028,344204972,41194412,48510028,41194412,319158572,48510028,319158572,
互联网		345431917,345431917,26787893,26787893,41226580,41226580,289588220,289588220,291377942,291377942,29288179,29288179,290003248,290003248,29162468,29162468,35471739,35471739,288884310,288884310,
互联网	上海	
	写bug；浪费试剂	
互联网	深圳市	49065128,49065128,350004287,350004287,291252727,291252727,28592283,28592283,63882664,63882664,20175774,20175774,
科研	神经现实	20427325,20427325,320625219,320625219,34467740,34467740,20403976,20403976,19875084,19875084,32245134,32245134,
	上海	351850509,351850509,352382458,352382458,346555127,346555127,352421335,352421335,352515840,352515840,352072475,352072475,352537783,352537783,348682352,348682352,351141922,351141922,350923461,350923461,
体育健身	得克萨斯州（Texas）	273579567,273579567,24869852,24869852,341818752,341818752,340889162,340889162,306379951,306379951,328735550,328735550,319849151,319849151,323988210,323988210,40236248,40236248,323054558,323054558,
	量子计算机	297471751,48509984,297471751,269151534,48509984,269151534,268753428,48509984,268753428,55341728,48509984,55341728,263909521,48509984,263909521,19982269,67807877,48509984,67807877,68546899,48509984,68546899,31009331,48509984,31009331,67812985,48509984,67812985,67018659,48509984,67018659,
互联网	北京	345282592,48509984,345282592,35516811,48509984,35516811,345303992,48509984,345303992,339855206,48509984,339855206,28646541,48509984,28646541,330202046,48509984,330202046,329177841,48509984,329177841,26713170,48509984,26713170,22131241,48509984,22131241,323056715,48509984,323056715,
互联网	杭州	351426844,351426844,352084212,352084212,351106143,351106143,351180302,351180302,350411823,350411823,308115396,308115396,336267047,336267047,319158572,319158572,347469966,347469966,21287801,21287801,
高新科技	Tommy Chen	328240218,328240218,317897722,317897722,19861840,19861840,298935771,298935771,287558039,287558039,20620268,20620268,295925884,295925884,294288793,294288793,287758248,287758248,287424239,287424239,
高等教育	Erwin Rommel	266134680,266134680,
互联网	北京	30835066,48510028,30835066,347298280,48510028,347298280,345105962,48510028,345105962,344763924,48510028,344763924,344025518,48510028,344025518,36602163,48510028,36602163,19689626,48510028,19689626,334329380,48510028,334329380,333572155,48510028,333572155,332733540,48510028,332733540,
	小螺号	351441090,351441090,351111646,351111646,345207473,345207473,335219025,335219025,350351013,350351013,339762248,339762248,348072857,348072857,343585330,343585330,35771382,35771382,338321561,338321561,
	科普	352387157,48510028,352387157,351320383,48510028,351320383,350632093,48510028,350632093,64423726,48510028,64423726,295297327,48510028,295297327,349697452,48510028,349697452,349548263,48510028,349548263,348481104,48510028,348481104,345804190,48510028,345804190,20039741,48510028,20039741,
法律	南昌市	23271389,23271389,352026926,352026926,352391875,352391875,19798040,19798040,276248841,276248841,351431356,351431356,351033398,351033398,351133657,351133657,349710754,349710754,348446136,348446136,

给排水	湖南	
互联网	济南	349564459,48510028,349564459,351643669,48510028,351643669,346444228,48510028,346444228,19594148,48510028,19594148,349766904,48510028,349766904,334364126,48510028,334364126,349856772,48510028,349856772,27032155,48510028,27032155,349751637,48510028,349751637,349864320,48510028,349864320,
资本投资	北京	309180343,309180343,292330971,292330971,52987944,52987944,48724494,48724494,28544155,28544155,38341897,38341897,35814351,35814351,20107881,20107881,24929236,24929236,24729527,24729527,
互联网	年兽	312737366,312737366,278161806,278161806,320436226,320436226,325173637,325173637,308784801,308784801,59544699,59544699,308375162,308375162,25460483,25460483,322968536,322968536,316609702,316609702,
创意艺术	华北水利水电大学	346852944,346852944,328734639,328734639,343005044,343005044,343083230,343083230,312629628,312629628,266916882,266916882,343139141,343139141,339139578,339139578,308778588,308778588,337441876,337441876,
临床医疗		312849874,312849874,50363347,50363347,350937823,350937823,350086904,350086904,349566175,349566175,349146314,349146314,348478699,348478699,266808424,266808424,309934940,309934940,65620092,65620092,
餐饮	杭州	62034453,48509984,62034453,21096649,48509984,21096649,46031129,48509984,46031129,62930336,48509984,62930336,54817888,48509984,54817888,56201711,48509984,56201711,56201709,48509984,56201709,56201648,48509984,56201648,23538008,48509984,23538008,34681219,48509984,34681219,
教育	西班牙	
	海沃德	338708770,48510028,338708770,324405002,48510028,324405002,307836621,48510028,307836621,337975081,48510028,337975081,298649385,48510028,298649385,304085049,48510028,304085049,337942067,48510028,337942067,28509422,48510028,28509422,322164326,48510028,322164326,321162053,48510028,321162053,
金融	上海	351858266,351858266,349937232,349937232,346750251,346750251,267174447,267174447,348719316,348719316,289722795,289722795,341829014,341829014,346444967,346444967,341811886,341811886,337662152,337662152,
		
	有才华的机灵鬼	344624361,344624361,20799706,20799706,327808299,327808299,328337880,328337880,326306302,326306302,41822206,41822206,30462397,30462397,312570625,312570625,304931544,304931544,297793552,297793552,
高新科技	南京	342684688,342684688,347533056,347533056,343523019,343523019,41569830,41569830,348058048,348058048,62988649,62988649,22403874,22403874,346557479,346557479,265688504,265688504,
		341988101,341988101,342873584,342873584,350827215,350827215,330676375,330676375,351028181,351028181,327635458,327635458,348132267,348132267,350656338,350656338,339861346,339861346,27441184,27441184,
信息传媒	北京市	
		352068250,352068250,350470558,350470558,37117863,37117863,349030221,349030221,48476068,48476068,350442532,350442532,350361195,350361195,52074573,52074573,63091187,63091187,20709403,20709403,
法律		346930548,346930548,346648714,346648714,276307864,276307864,268387460,268387460,299528616,299528616,263954039,263954039,265849570,265849570,35035813,35035813,338661820,338661820,28037924,28037924,
互联网	成都	339755436,339755436,335334804,335334804,309174096,309174096,334055480,334055480,326581743,326581743,327479888,327479888,324330996,324330996,321578044,321578044,268869198,268869198,318688092,318688092,
旅游	北京	29517463,48510028,29517463,312747301,48510028,312747301,30447146,48510028,30447146,22159864,48510028,22159864,59304414,48510028,59304414,48397252,48510028,48397252,50702972,48510028,50702972,27070392,48510028,27070392,23699748,48510028,23699748,61341735,48510028,61341735,
	寒月廿八	346430099,346430099,315236887,315236887,351071884,351071884,349568449,349568449,348130869,348130869,348134065,348134065,266586355,266586355,346629353,346629353,56716848,56716848,30500379,30500379,
	东京都	55783301,55783301,350675490,350675490,342267664,342267664,275612174,275612174,318608387,318608387,307201297,307201297,321316837,321316837,310673334,310673334,66367793,66367793,55625790,55625790,
	小说	351145503,351145503,340211392,340211392,338266380,338266380,338056945,338056945,335922552,335922552,61241330,61241330,328853426,328853426,328959609,328959609,302592028,302592028,327183556,327183556,
图书馆		26802920,26802920,19765215,19765215,19903784,19903784,
互联网	武汉市	
互联网	杭州	27039658,27039658,68103268,68103268,25101953,25101953,35263142,35263142,338276716,338276716,30156163,30156163,335901768,335901768,289688300,289688300,23351144,23351144,290411794,290411794,
	
互联网	广州市	349670965,349670965,349385305,349385305,351567732,351567732,348742264,348742264,344019917,344019917,349378789,349378789,343519209,343519209,349198472,349198472,349199028,349199028,346162314,346162314,
互联网	Quora每日精选	52091340,52091340,342585322,342585322,57003708,57003708,37114612,37114612,265495978,265495978,20336539,20336539,27283467,27283467,57842717,57842717,264800118,264800118,
互联网	不二小	349763770,349763770,341988101,341988101,349014495,349014495,339446777,339446777,341511829,341511829,346972954,346972954,335475478,335475478,301793024,301793024,296774554,296774554,64824383,64824383,
生物工程	Lonelycube	
	小椰子	331599338,331599338,297367237,297367237,
	sun幕后玩家	298004768,298004768,351923834,351923834,351718858,351718858,351061827,351061827,299203094,299203094,351074765,351074765,350849651,350849651,330784999,330784999,336536441,336536441,294042134,294042134,
旅游	德阳市	319952294,319952294,330436639,330436639,28240791,28240791,305885391,305885391,302451148,302451148,35931586,35931586,275164052,275164052,273961236,273961236,264627132,264627132,263774408,263774408,
法律	广州市	334435316,334435316,333086645,333086645,331656804,331656804,331208702,331208702,327281355,327281355,330726220,330726220,330016046,330016046,330354375,330354375,329919203,329919203,314416159,314416159,
高新科技	王小川	311776816,48510028,311776816,309939951,48510028,309939951,309939836,48510028,309939836,52748698,48510028,52748698,309679406,48510028,309679406,264068661,48510028,264068661,306509803,48510028,306509803,64825610,48510028,64825610,47117628,48510028,47117628,57052349,48510028,57052349,
	feby	26770719,26770719,351937599,351937599,351806204,351806204,352389200,352389200,348460737,348460737,351105205,351105205,351312949,351312949,341294095,341294095,341690024,341690024,347744137,347744137,
资本投资	旧金山 (San Francisco)	
互联网	宁波	67870993,67870993,298523503,298523503,283303767,283303767,299161079,299161079,24465165,24465165,292359078,292359078,29183631,29183631,23524562,23524562,289555563,289555563,264239712,264239712,
航运业	宁波	349691215,349691215,269757934,269757934,345103139,345103139,346060949,346060949,24770299,24770299,286534732,286534732,277405214,277405214,325357006,325357006,309909143,309909143,318341797,318341797,
	成都	276620696,276620696,46245025,46245025,49662616,49662616,19564280,19564280,46357419,46357419,
咨询分析	上海	352299328,352299328,352228356,352228356,351806204,351806204,351125954,351125954,351014096,351014096,350675490,350675490,350043460,350043460,348350686,348350686,347469966,347469966,346450641,346450641,
教育	硅谷	349617188,48510028,349617188,306755192,48510028,306755192,325926441,48510028,325926441,344827837,48510028,344827837,342851317,48510028,342851317,58389726,48510028,58389726,47045516,48510028,47045516,334437374,48510028,334437374,331318550,48510028,331318550,328706215,48510028,328706215,
互联网	北京	19960380,19960380,
创意艺术	上海	351454247,48510028,351454247,348883644,48510028,348883644,345385558,48510028,345385558,341753367,48510028,341753367,337162150,48510028,337162150,335373618,48510028,335373618,331266576,48510028,331266576,332953439,48510028,332953439,329599406,48510028,329599406,331281158,48510028,331281158,
体育健身	深圳市	30146575,30146575,23727739,23727739,306054024,306054024,39543227,39543227,28248712,28248712,20770313,20770313,56344090,56344090,28577833,28577833,27051153,27051153,24267264,24267264,
艺术娱乐	陕西西安	341061910,48509984,341061910,342936488,48509984,342936488,339738961,48509984,339738961,340858836,48509984,340858836,339786075,48509984,339786075,339607293,48509984,339607293,333388789,48509984,333388789,338458872,48509984,338458872,338352972,48509984,338352972,337235756,48509984,337235756,
	知乎动画	36185505,48510028,36185505,
娱乐休闲	石家庄	352481584,352481584,328567737,328567737,349215148,349215148,348891599,348891599,347495742,347495742,348659954,348659954,348050221,348050221,347548415,347548415,344899315,344899315,311625398,311625398,
信贷	成都	350868998,48510028,350868998,30779680,48510028,30779680,62915598,48510028,62915598,21350123,48510028,21350123,285167315,48510028,285167315,348879755,48510028,348879755,274856510,48510028,274856510,51185039,48510028,51185039,36479507,48510028,36479507,338190123,48510028,338190123,
非营利组织	北京	
临床医疗	上海市	22464016,22464016,350326810,350326810,350940640,350940640,343023891,343023891,349713569,349713569,329011099,329011099,350069658,350069658,23393294,23393294,343280582,343280582,349065238,349065238,
餐饮	上海市	335207887,335207887,336140916,336140916,275779587,335792670,335792670,335313427,335313427,335483601,335483601,333501558,333501558,333169521,333169521,317436131,317436131,46753409,46753409,297254347,297254347,
互联网	上海	347272172,347272172,301192914,301192914,311212158,311212158,310977691,310977691,276575922,276575922,276623992,276623992,270141810,270141810,68142262,68142262,267239560,267239560,55143271,55143271,
	护士衫下	339765037,48509984,339765037,349963557,48509984,349963557,351753048,48509984,351753048,277132148,48509984,277132148,350416469,48509984,350416469,350959281,48509984,350959281,341487328,48509984,341487328,349678012,48509984,349678012,348833934,48509984,348833934,337472286,48509984,337472286,
咨询分析	上海	26495738,26495738,312884368,312884368,25044125,25044125,37120133,37120133,39942309,39942309,20547441,20547441,38873484,38873484,29406553,29406553,20967699,20967699,58897012,58897012,
	北京	64460892,64460892,276786944,276786944,64907301,64907301,59942156,59942156,36490105,36490105,
	知乎用户	
信息传媒	北京	302402544,48510028,302402544,28061064,48510028,28061064,40223190,48510028,40223190,22920543,48510028,22920543,59890985,48510028,59890985,22411485,48510028,22411485,310816922,48510028,310816922,20158633,48510028,20158633,67575625,48510028,67575625,20291124,48510028,20291124,
咨询分析	北京	350690005,350690005,352299328,352299328,32065881,32065881,22464016,22464016,352173424,352173424,352077900,352077900,348882312,348882312,314691125,314691125,351843957,351843957,348703905,348703905,
	导演饺子	310186247,48510028,310186247,
	夜长梦还多	
	杜绍斐	20554389,20554389,29720783,29720783,21556327,21556327,23109007,23109007,54718516,54718516,21613029,21613029,27019406,27019406,23070672,23070672,21494744,21494744,51994862,51994862,
临床医疗		350157412,48510028,350157412,53649178,48510028,53649178,350069658,48510028,350069658,350779983,48510028,350779983,346839196,48510028,346839196,347268325,48510028,347268325,317415183,48510028,317415183,326702460,48510028,326702460,28103474,48510028,28103474,340424050,48510028,340424050,
互联网	北京	20929709,20929709,27331158,27331158,27330546,27330546,27305800,27305800,26985362,26985362,26599495,26599495,
互联网		
教育	北京市	352128783,352128783,350681184,350681184,351645662,351645662,348617718,348617718,349894752,349894752,350238419,350238419,350401704,350401704,349254927,349254927,349617310,349617310,349752647,349752647,
	Aamir Khan	60525140,48510028,60525140,26961201,48510028,26961201,305296091,48510028,305296091,
	丁香妈妈	315886868,315886868,304802687,304802687,47022148,47022148,59573058,59573058,295870008,295870008,294732133,294732133,40505759,40505759,292947201,292947201,60626096,60626096,21648017,21648017,
互联网	北京	344453437,48510028,344453437,339620495,48510028,339620495,339567108,48510028,339567108,327656909,48510028,327656909,324948447,48510028,324948447,319986727,48510028,319986727,319774219,48510028,319774219,315499909,48510028,315499909,314151954,48510028,314151954,307250286,48510028,307250286,
互联网	北京	327398945,327398945,350675490,350675490,347761332,347761332,344546627,344546627,59028311,59028311,53984755,53984755,19638296,19638296,60798516,60798516,41884637,41884637,320766499,320766499,
互联网	上海	350706759,350706759,351074765,351074765,348894431,348894431,347192123,347192123,347687354,347687354,346236024,346236024,341383096,341383096,347582341,347582341,347371048,347371048,346762535,346762535,
科研	南京	309085956,48509984,309085956,276446407,48509984,276446407,61920951,48509984,61920951,35260169,48509984,35260169,58395347,48509984,58395347,54272917,48509984,54272917,53749594,48509984,53749594,42145876,48509984,42145876,27325052,48509984,27325052,48970760,48509984,48970760,
计算机软件	北京	349976617,349976617,349447886,349447886,348687568,348687568,346383581,346383581,346523098,346523098,344725271,344725271,314763639,314763639,344752379,344752379,343585330,343585330,343506691,343506691,
	知乎用户	
咨询分析		348084838,348084838,347495565,347495565,348811131,348811131,345835565,345835565,343965012,343965012,340703902,340703902,341374742,341374742,333912320,333912320,340823422,340823422,337899794,337899794,
	塔别巴的渡鸦	333763633,333763633,322536307,322536307,320601574,320601574,34928414,34928414,28247984,28247984,42095241,42095241,294565290,294565290,47451561,47451561,34267147,34267147,264477592,264477592,
科研	香港	
环境保护	桂林电子科技大学	318657727,318657727,64019525,64019525,37248069,37248069,
教育	北京市	321873666,48510028,321873666,304700433,48510028,304700433,36262484,48510028,36262484,21562570,48510028,21562570,351199571,48510028,351199571,351642804,48510028,351642804,351264167,48510028,351264167,351913155,48510028,351913155,351982156,48510028,351982156,307452850,48510028,307452850,
体育健身	武汉	265903128,265903128,344305898,344305898,343454252,343454252,343767724,343767724,337733989,337733989,46993044,46993044,339109624,339109624,336808689,336808689,337083868,337083868,339521840,339521840,
互联网	北京	350675490,350675490,345160935,345160935,338392553,338392553,21039337,21039337,264969963,264969963,334882893,334882893,333212532,333212532,332671808,332671808,323583471,323583471,274654146,274654146,
	严谨的盖盖	333859017,333859017,348126956,348126956,349317218,349317218,348361991,348361991,298102170,298102170,337477534,337477534,348392935,348392935,347645349,347645349,346456332,346456332,346880130,346880130,
	
有色金属	地图上找不到的山沟沟	322311715,322311715,47628653,47628653,325496989,325496989,308756370,308756370,326940376,326940376,326508498,326508498,279255504,279255504,326781498,326781498,38040686,38040686,269323749,269323749,
	创业	286760117,286760117,287735395,287735395,288193987,288193987,288976630,288976630,289389543,289389543,290010817,290010817,57604767,57604767,26812049,26812049,55711667,55711667,55493328,55493328,

计算机软件	玩具	335896564,48509984,335896564,331396381,48509984,331396381,320995009,48509984,320995009,320420600,48509984,320420600,23885341,48509984,23885341,298084318,48509984,298084318,297959192,48509984,297959192,279910288,48509984,279910288,279193211,48509984,279193211,33313490,48509984,33313490,
出版业	北京	35060016,35060016,350900947,350900947,333373573,333373573,281447893,281447893,271870111,271870111,269150802,269150802,293916644,293916644,324958178,324958178,318446360,318446360,309415265,309415265,
	小侄子	350322267,350322267,340878015,340878015,327807182,327807182,263430574,263430574,334792404,334792404,318524072,318524072,328622060,328622060,326422234,326422234,278296560,278296560,287620844,287620844,
互联网	北京	349983608,48510028,349983608,348641796,48510028,348641796,347877211,48510028,347877211,309282780,48510028,309282780,292443025,48510028,292443025,328988589,48510028,328988589,313622793,48510028,313622793,343820625,48510028,343820625,269323749,48510028,269323749,323118242,48510028,323118242,
	果粒商务	319258164,319258164,292199628,292199628,349599078,349599078,
	VIPKID	295399545,295399545,22980630,22980630,36521404,36521404,295387954,295387954,35008316,35008316,21660475,21660475,24102575,24102575,286656264,286656264,22378218,22378218,286656173,286656173,
科研	日本	351766115,48509984,351766115,348029701,48509984,348029701,352077900,48509984,352077900,352082410,48509984,352082410,350654168,48509984,350654168,349697452,48509984,349697452,347913431,48509984,347913431,344795065,48509984,344795065,344557158,48509984,344557158,319997919,48509984,319997919,
培训	北京	266147523,266147523,267727098,267727098,312412495,312412495,266134442,266134442,290328896,290328896,20858931,20858931,276739929,276739929,35171507,35171507,276625322,276625322,275969244,275969244,
	藥師	352239104,352239104,350844141,350844141,346924084,346924084,341498414,341498414,338895637,338895637,320223798,320223798,21285868,21285868,305558598,305558598,22292405,22292405,263973399,263973399,
互联网	伦敦市（City of London）	350893744,48510028,350893744,350675490,48510028,350675490,348247446,48510028,348247446,346740833,48510028,346740833,347672970,48510028,347672970,345995399,48510028,345995399,344754554,48510028,344754554,344397424,48510028,344397424,344072428,48510028,344072428,343489112,48510028,343489112,
	090811mario	351410373,351410373,317217899,317217899,350934151,350934151,306485395,306485395,346656574,346656574,342281903,342281903,319622127,319622127,299942271,299942271,344963048,344963048,50282856,50282856,
	知乎用户	
	动力外骨骼装甲设计制造	

	网易人间	309933233,48510028,309933233,297618574,48510028,297618574,285105011,48510028,285105011,267253776,48510028,267253776,313564280,48510028,313564280,298521066,48510028,298521066,319637158,48510028,319637158,343965012,48510028,343965012,295831233,48510028,295831233,45147755,48510028,45147755,
	知乎职场	343499950,48510028,343499950,337037313,
互联网		348083626,348083626,300735799,300735799,337705559,337705559,337536371,337536371,337491873,337491873,337352991,337352991,333282749,333282749,331909470,331909470,327826314,327826314,327541260,327541260,
	
	中国	64784274,64784274,
	科研	349872638,48510028,349872638,55122724,48510028,55122724,349697452,48510028,349697452,349548263,48510028,349548263,346901236,48510028,346901236,345628210,48510028,345628210,344858091,48510028,344858091,344861236,48510028,344861236,344631741,48510028,344631741,343526574,48510028,343526574,
法律	兰州	
高等教育	台北	352173424,352173424,350612795,350612795,350823185,350823185,350305014,350305014,61991126,61991126,348159853,348159853,347495742,347495742,347199396,347199396,326623299,326623299,345358907,345358907,
科研	圣路易斯	351493185,48510028,351493185,352387157,48510028,352387157,352108632,48510028,352108632,350326810,48510028,350326810,350289019,48510028,350289019,39496244,48510028,39496244,350655973,48510028,350655973,348651975,48510028,348651975,303210043,48510028,303210043,344763924,48510028,344763924,
汽车		351023864,351023864,345953564,345953564,349611553,349611553,348968673,348968673,349840070,349840070,349976414,349976414,279861980,279861980,31964355,31964355,349648640,349648640,19946750,19946750,
银行	上海	29158660,29158660,51341283,51341283,264605036,264605036,39501641,39501641,43717594,43717594,27662604,27662604,61877612,61877612,35466053,35466053,51876978,51876978,51185039,51185039,
	塞瓦斯托波尔	62858544,62858544,324591468,324591468,321639894,321639894,316449115,316449115,316515533,316515533,314401037,314401037,312656315,312656315,20243185,20243185,311107742,311107742,305344773,305344773,
房地产	长沙	
互联网	北京	314776619,314776619,20688351,20688351,27359849,27359849,307389072,307389072,305725238,305725238,64193608,64193608,267653585,267653585,266369196,266369196,49995388,49995388,24565276,24565276,
电子游戏	广东省	
地产建筑		
	珠宝设计	
	云锋金融	351179505,48510028,351179505,351040814,48510028,351040814,349870265,48510028,349870265,346260925,48510028,346260925,346696497,48510028,346696497,56650948,48510028,56650948,346369886,48510028,346369886,345368361,48510028,345368361,344713145,48510028,344713145,338121179,48510028,338121179,
汽车	鬼木知	308872982,308872982,317368311,317368311,52593957,52593957,310495074,310495074,314114336,314114336,315037970,315037970,314619499,314619499,314497552,314497552,314231480,314231480,314235652,314235652,
互联网		39377853,39377853,67010656,67010656,22493101,22493101,68021635,68021635,279084672,279084672,265803900,265803900,31805021,31805021,68211909,68211909,65105643,65105643,21645470,21645470,
法律	南昌	23480564,48509984,23480564,352405724,48509984,352405724,351779111,48509984,351779111,351334782,48509984,351334782,351118441,48509984,351118441,41182911,48509984,41182911,52946036,48509984,52946036,269160774,48509984,269160774,280706855,48509984,280706855,349000519,48509984,349000519,
培训	上海市	
高新科技	美国	
教育	北京大学	28151682,28151682,23799254,48712102,20157518,267252279,42131672,264157430,311466340,311466340,23799254,23799254,310287884,310287884,310675395,310675395,271547749,271547749,39742045,39742045,48712102,48712102,310188241,310188241,276696113,276696113,
	杭州	317650444,317650444,351454883,351454883,351574168,351574168,349852529,349852529,351133657,351133657,349568449,349568449,350804592,350804592,350631177,350631177,347925738,347925738,347088259,347088259,
	清华大学	341229456,341229456,344832935,344832935,344457183,344457183,342270404,342270404,340355769,340355769,339900228,339900228,335480032,335480032,331250840,331250840,332549338,332549338,331360109,331360109,
	中国联通	340552238,48510028,340552238,333124840,48510028,333124840,350693619,48510028,350693619,351420560,48510028,351420560,348594459,48510028,348594459,351300400,48510028,351300400,349107190,48510028,349107190,350668971,48510028,350668971,294339867,48510028,294339867,305702263,48510028,305702263,
物流递送	New New York	
互联网	广州市	
	霍格沃茨魔法学校（法国魔法学校）	348980458,348980458,344932884,344932884,309029102,309029102,349898140,349898140,297279418,297279418,
	三三不丧	345103139,345103139,289637291,289637291,48119934,48119934,53594994,53594994,324270544,324270544,327122150,327122150,323026507,323026507,317339918,317339918,291200054,291200054,315725075,315725075,
教育	北京市东城区豆腐池胡同23号宏恩观	20865620,48510028,20865620,38727961,48510028,38727961,
	东京	352108632,352108632,266685868,266685868,351824698,351824698,351316550,351316550,350396035,350396035,346775314,346775314,348746876,348746876,348928508,348928508,41053508,41053508,348860827,348860827,

餐饮	上海	311942450,311942450,289060470,289060470,27579870,27579870,40273344,40273344,32070733,32070733,27792828,27792828,267219198,267219198,269697702,269697702,268676013,268676013,267182661,267182661,
房地产		348285523,348285523,347230741,347230741,326913557,326913557,341266559,341266559,275946764,275946764,338065122,338065122,293360483,293360483,319102406,319102406,330064511,330064511,283205860,283205860,
汽车	上海	341363576,341363576,339631311,339631311,335782221,335782221,293379554,293379554,329452104,329452104,63267634,63267634,322193249,322193249,310439000,310439000,300468706,300468706,317965686,317965686,
	王浩	341360755,341360755,66955361,66955361,318572657,318572657,66766801,66766801,335256830,335256830,336409996,336409996,338086197,338086197,321885934,321885934,336706714,336706714,335083614,335083614,
	集智学园	
	沈听雪的历史文集	26824436,26824436,272104567,272104567,35026480,35026480,41940368,41940368,31551594,31551594,39794366,39794366,315365575,315365575,48936061,48936061,19899222,19899222,51468472,51468472,
	中国	348572671,348572671,297727132,297727132,347737941,347737941,310893668,310893668,348091408,348091408,293960902,293960902,340915632,340915632,340862268,340862268,340890745,340890745,335504830,335504830,
信息传媒	北京	341406559,341406559,339191387,339191387,49542975,49542975,333173814,333173814,330291827,330291827,
互联网	北京市	275173479,275173479,264016940,264016940,299017653,299017653,23689729,23689729,20270003,20270003,31448606,31448606,28261881,28261881,335165764,335165764,19805272,19805272,312092758,312092758,
创意艺术	北京	40223190,40223190,340823422,340823422,320650054,320650054,312380057,312380057,317203695,317203695,310675395,310675395,23561870,23561870,264976486,264976486,305697441,305697441,296896134,296896134,
互联网	北京	350650557,350650557,343407619,343407619,266036504,266036504,62179107,62179107,335638394,335638394,316138523,316138523,334779012,334779012,334212471,334212471,335082877,335082877,302002094,302002094,
互联网	Washington D.C.	21650774,48510028,21650774,66721685,48510028,66721685,264618105,48510028,264618105,328695202,48510028,328695202,65160740,48510028,65160740,284445588,48510028,284445588,319229244,48510028,319229244,313039043,48510028,313039043,20868236,48510028,20868236,27916594,48510028,27916594,
电子商务	浙江省	342296334,342296334,286019486,286019486,25310650,25310650,22673671,22673671,49502870,49502870,301952108,301952108,263505147,263505147,25833465,25833465,30700408,30700408,36192130,36192130,
	kangxn	335373354,335373354,21719080,21719080,19599986,19599986,20532367,20532367,
高新科技	杭州	68299606,48509984,68299606,306239374,48509984,306239374,23576233,48509984,23576233,293087186,48509984,293087186,267182253,48509984,267182253,264165760,48509984,264165760,31989952,48509984,31989952,64788086,48509984,64788086,63288134,48509984,63288134,61127136,48509984,61127136,
创意艺术	郑州市	352590670,352590670,322764842,322764842,347651177,347651177,21287237,21287237,23360635,23360635,20671763,20671763,38299489,38299489,39766410,39766410,328895616,328895616,28070701,28070701,
咨询分析	广州市	300373544,48510028,300373544,347393555,48510028,347393555,28247984,48510028,28247984,334043795,48510028,334043795,330867781,48510028,330867781,325743843,48510028,325743843,324678327,48510028,324678327,323031868,48510028,323031868,322982757,48510028,322982757,322961286,48510028,322961286,
互联网		352544032,352544032,328614964,328614964,297776153,297776153,351370497,351370497,351851790,351851790,284203130,284203130,344019917,344019917,350898564,350898564,348361827,348361827,351388272,351388272,
幼儿教育	广州市	348302479,48510028,348302479,305477229,48510028,305477229,67067205,48510028,67067205,290727512,48510028,290727512,351219957,48510028,351219957,349690215,48510028,349690215,36061484,48510028,36061484,345646589,48510028,345646589,263465293,48510028,263465293,290940605,48510028,290940605,
创意艺术	导演张小策	
互联网	加拿大	352440103,48510028,352440103,352068916,48510028,352068916,352216788,48510028,352216788,351731613,48510028,351731613,352080473,48510028,352080473,352076986,48510028,352076986,352116978,48510028,352116978,351727053,48510028,351727053,48264362,48510028,48264362,30035107,48510028,30035107,
互联网	广州市	20087122,20087122,270203511,270203511,266529839,266529839,33947505,33947505,23458072,23458072,26440596,26440596,58698718,58698718,56313752,56313752,52740250,52740250,28815252,28815252,
电子游戏	上海	26575446,26575446,59109350,59109350,67842024,67842024,66514133,66514133,54463091,54463091,63280045,63280045,36452632,62632034,62632034,62429382,62429382,59210211,59210211,57021199,57021199,
出版业	北京	22731664,22731664,44109668,44109668,28167119,28167119,28130853,28130853,31824716,31824716,309804068,309804068,292802226,292802226,23597994,23597994,41346086,41346086,21926384,21926384,
互联网	十一说说	
	公众号搜	25313930,25313930,321617545,321617545,323431725,323431725,317945181,317945181,294783324,294783324,34486708,34486708,43344428,43344428,274785147,274785147,278864157,278864157,21905712,21905712,
电子商务	深圳市	319844573,319844573,319774219,319774219,26585277,26585277,319542679,319542679,314151954,314151954,311945250,311945250,297907960,297907960,288789408,288789408,298936417,298936417,39154073,39154073,
	
	6喜丸子	302124455,302124455,326203941,326203941,24631268,24631268,270608371,270608371,302519979,302519979,63310794,63310794,323873923,323873923,286144215,286144215,285040868,285040868,305670257,305670257,
教育	北京	350289806,350289806,349683184,349683184,349046368,349046368,349671916,349671916,345561230,345561230,348634438,348634438,53177892,53177892,276302656,276302656,279209153,279209153,278265649,278265649,
军火		352473175,352473175,352389200,352389200,352477928,352477928,352389782,352389782,352348769,352348769,320507085,320507085,352423720,352423720,352108632,352108632,352181117,352181117,342979775,342979775,
	成都	348400795,48509984,348400795,266668342,48509984,266668342,336995626,48509984,336995626,24227485,48509984,24227485,28918006,48509984,28918006,338302296,48509984,338302296,338005148,48509984,338005148,333398782,48509984,333398782,330166398,48509984,330166398,328415712,48509984,328415712,
	有调App	27325555,27325555,297510890,297510890,34523794,34523794,22070299,22070299,27501847,27501847,21565205,21565205,21910929,21910929,34664264,34664264,296531774,296531774,48320274,48320274,
	海淀区	323585184,323585184,48230363,48230363,265467149,265467149,24921479,24921479,
		350284078,350284078,339477907,339477907,335970369,335970369,333332267,333332267,329257181,329257181,323666913,323666913,323025602,323025602,304370890,304370890,310156289,310156289,312390460,312390460,
	北京	46279539,46279539,329658741,329658741,28112321,28112321,50511040,50511040,23913984,23913984,63894266,63894266,295111627,295111627,41604340,41604340,24778294,24778294,278115980,278115980,
信息传媒	珠海	312303293,312303293,318306686,318306686,27693691,27693691,345414288,345414288,304131604,304131604,344112651,344112651,20772729,20772729,26864883,26864883,337095631,337095631,338227151,338227151,
互联网	北京	345902466,345902466,51955085,51955085,343501369,343501369,325180444,325180444,337707736,337707736,335900004,335900004,39479510,39479510,329866732,329866732,333139522,333139522,334042135,334042135,
	爱范儿	352080473,48510028,352080473,348970353,48510028,348970353,350786596,48510028,350786596,349998035,48510028,349998035,349705396,48510028,349705396,343191468,48510028,343191468,347899440,48510028,347899440,347545402,48510028,347545402,346965791,48510028,346965791,347530825,48510028,347530825,
	Jeason	352487107,352487107,352342226,352342226,350450618,350450618,351720596,351720596,47157488,47157488,349039362,349039362,342616024,342616024,350997351,350997351,351523212,351523212,343963733,343963733,
出版业	成都	65667130,65667130,23632218,23632218,20502275,20502275,
基础教育	魔都	349781196,48509984,349781196,335168772,48509984,335168772,347545743,48509984,347545743,347767107,48509984,347767107,43561377,48509984,43561377,64745534,48509984,64745534,343332821,48509984,343332821,342187687,48509984,342187687,338921130,48509984,338921130,24256280,48509984,24256280,
	李银河	
	俗语新说	325234122,325234122,334502645,334502645,334339172,334339172,330978359,330978359,330084545,330084545,328995384,328995384,329309516,329309516,328808071,328808071,327191314,327191314,321900965,321900965,
	一只蚂蚁	23163912,23163912,22096954,22096954,350689459,350689459,30596631,30596631,349799075,349799075,20775329,20775329,263361523,263361523,36064666,36064666,349904699,349904699,68376829,68376829,
互联网	马萨诸塞州	275351176,275351176,348269505,348269505,20585936,20585936,266986582,266986582,
科研	北京	31520343,48510028,31520343,351766115,48510028,351766115,345648963,48510028,345648963,348508571,48510028,348508571,350336215,48510028,350336215,267529330,48510028,267529330,350043460,48510028,350043460,349898069,48510028,349898069,349192039,48510028,349192039,269757934,48510028,269757934,
创意艺术	武汉	351033398,351033398,350675490,350675490,347662115,347662115,329695005,329695005,33662583,33662583,348159853,348159853,345093876,345093876,345307809,345307809,346133282,346133282,340452938,340452938,
	北京	282627182,282627182,58981147,58981147,267361329,267361329,267376297,267376297,53182692,53182692,
财务	知乎用户	
	烟雨	292862228,292862228,
	北京	38886057,38886057,23075346,23075346,23082307,23082307,21821164,21821164,21789764,21789764,21740297,21740297,21728300,21728300,21726011,21726011,21683101,21683101,21667978,21667978,
互联网	杭州	67629806,67629806,327729788,327729788,302310208,302310208,336122697,336122697,23006497,23006497,35507321,35507321,30147821,30147821,20394372,20394372,61295793,61295793,23016467,23016467,
	简单心理Uni	268323209,48510028,268323209,350385311,48510028,350385311,349248056,48510028,349248056,350166034,48510028,350166034,320375887,48510028,320375887,68389602,48510028,68389602,22754393,48510028,22754393,22840297,48510028,22840297,350352593,48510028,350352593,350957231,48510028,350957231,
	鲜榨语感App	352138704,48510028,352138704,342182450,48510028,342182450,337347355,48510028,337347355,339243545,48510028,339243545,339833355,48510028,339833355,27652145,48510028,27652145,312501550,48510028,312501550,342892191,48510028,342892191,343097970,48510028,343097970,32071242,48510028,32071242,
	核聚	28966967,48510028,28966967,20807137,48510028,20807137,29237238,48510028,29237238,28184567,48510028,28184567,20773513,48510028,20773513,29646093,48510028,29646093,27286084,48510028,27286084,61413595,48510028,61413595,308972714,48510028,308972714,310077397,48510028,310077397,
	知一声	306455395,48510028,306455395,26726794,48510028,26726794,19890335,48510028,19890335,26292855,48510028,26292855,34365723,21039981,65347328,
科研	深圳 杭州 迈阿密	349564459,48510028,349564459,348084838,48510028,348084838,294987544,48510028,294987544,347439621,48510028,347439621,325949364,48510028,325949364,318706148,48510028,318706148,349614585,48510028,349614585,347881088,48510028,347881088,348831219,48510028,348831219,348299334,48510028,348299334,
互联网	539319103（唯一）	
互联网	数据分析	352264806,352264806,30115634,30115634,27347443,27347443,50153827,50153827,68018644,68018644,21287237,21287237,350980796,350980796,350002304,350002304,349481895,349481895,310110592,310110592,
高新科技	上海	20068394,20068394,48353094,48353094,24550268,24550268,271431909,271431909,34534579,34534579,59651344,59651344,26749649,26749649,20128992,20128992,20830287,20830287,59651344,
互联网	南京	316182512,316182512,314426241,314426241,32308991,32308991,274003858,274003858,68677077,68677077,65229419,65229419,62431126,62431126,62106661,62106661,61783754,61783754,38824987,38824987,
高等教育	洛杉矶	348825002,48510028,348825002,347584360,48510028,347584360,337877081,48510028,337877081,346683933,48510028,346683933,344103113,48510028,344103113,342227247,48510028,342227247,345033059,48510028,345033059,341181016,48510028,341181016,337303213,48510028,337303213,331553279,48510028,331553279,
互联网	上海	321805542,321805542,294661734,294661734,314724434,314724434,313627138,313627138,20684752,20684752,308247417,308247417,39869932,39869932,294117106,294117106,34225818,34225818,50234367,50234367,
创意艺术	上海	344019917,48509984,344019917,66955361,48509984,66955361,348478699,48509984,348478699,345077625,48509984,345077625,336899485,48509984,336899485,340751621,48509984,340751621,340112516,48509984,340112516,339921555,48509984,339921555,337736819,48509984,337736819,335530471,48509984,335530471,
进出口贸易	上海	326486872,326486872,326395665,326395665,280811294,280811294,26606083,26606083,27140510,27140510,303876116,303876116,291488103,291488103,302108435,302108435,302058670,302058670,298964172,298964172,
	lris	352361530,352361530,62684503,62684503,348914506,348914506,277508190,277508190,347533056,347533056,293025680,293025680,26999712,26999712,335866812,335866812,30498591,30498591,335209605,335209605,
	哈札尔学会	
	北京市	352137902,352137902,347030441,347030441,343523019,343523019,349014495,349014495,269757934,269757934,22811447,22811447,341470490,341470490,344865142,344865142,340895540,340895540,341903224,341903224,
互联网	北京	351613842,48510028,351613842,320877090,48510028,320877090,338427202,48510028,338427202,343030081,48510028,343030081,265477839,48510028,265477839,342936488,48510028,342936488,338530708,48510028,338530708,337792010,48510028,337792010,339105346,48510028,339105346,337455308,48510028,337455308,
创意艺术	北京	269079112,48509984,269079112,351810897,48509984,351810897,351617208,48509984,351617208,351727926,48509984,351727926,351074765,48509984,351074765,351384400,48509984,351384400,348313105,48509984,348313105,344019917,48509984,344019917,347836261,48509984,347836261,349709060,48509984,349709060,
高等教育	海淀区	345431917,345431917,298898828,298898828,334576752,334576752,335706112,335706112,335495429,335495429,329471663,329471663,326046428,326046428,316810092,316810092,317265550,317265550,317488231,317488231,
互联网		39284276,39284276,49786745,49786745,41406511,41406511,20161831,20161831,34493177,34493177,23819007,23819007,35838888,35838888,38392046,38392046,34978732,34978732,19575159,19575159,
互联网	上海	
高等教育	美国	351595007,48509984,351595007,268278134,48509984,268278134,287106712,48509984,287106712,60742575,48509984,60742575,36123272,48509984,36123272,346137320,48509984,346137320,302944250,48509984,302944250,274868804,48509984,274868804,266846161,48509984,266846161,328973912,48509984,328973912,
高等教育	知乎用户	
高等教育	上海	
	天眼查	352181117,48510028,352181117,352171277,48510028,352171277,55197169,48510028,55197169,352143972,48510028,352143972,350844327,48510028,350844327,352173424,48510028,352173424,351900452,48510028,351900452,351798864,48510028,351798864,351747235,48510028,351747235,64702085,48510028,64702085,
法律	朝阳区	






























































































