
政府	广西	351722145,351722145,329600508,329600508,347828201,347828201,347756476,347756476,347745552,347745552,264800118,264800118,27006591,27006591,277458622,277458622,23478075,23478075,61944502,61944502,
	复旦大学	299728159,299728159,278084611,278084611,27255075,27255075,
	知乎用户	
金融	深圳市	272268707,272268707,290738918,290738918,285650137,285650137,290538416,290538416,27669337,27669337,266367027,266367027,270941171,270941171,25084350,25084350,30340143,30340143,41101875,41101875,
信息传媒	辽宁省沈阳市浑南二路6-11号1-20-3	26097536,26097536,345603750,345603750,61105715,61105715,36882741,36882741,36255080,36255080,30188857,30188857,348928826,348928826,20784862,20784862,322629930,322629930,41091310,41091310,
创意艺术		349609564,349609564,349292912,349292912,344919258,344919258,343775265,343775265,339963799,339963799,339632739,339632739,337600562,337600562,332943566,332943566,332715518,332715518,328902685,328902685,

	我们的太空	304160528,48510028,304160528,351964089,48510028,351964089,351991857,48510028,351991857,351831350,48510028,351831350,351823646,48510028,351823646,351542727,48510028,351542727,349613825,48510028,349613825,348639185,48510028,348639185,347411547,48510028,347411547,347791409,48510028,347791409,
高等教育	加拿大	23713590,23713590,20174795,20174795,21248935,21248935,24410803,24410803,24354850,24354850,23208855,23208855,
	莱茵行宫伯爵	348677047,348677047,320070519,320070519,26403698,26403698,50937504,50937504,21982068,21982068,308536601,308536601,27483507,27483507,264371092,264371092,19960534,19960534,37668778,37668778,
金融	王文鹏	21564651,21564651,20686702,20686702,315307618,315307618,21021759,21021759,305719166,305719166,21648983,21648983,311417745,311417745,305672094,305672094,311412349,311412349,299855445,299855445,
互联网	杭州	298673813,298673813,296233840,296233840,276768080,276768080,65684023,65684023,295559737,295559737,20542290,20542290,31504871,31504871,20386440,20386440,27710202,27710202,54897857,54897857,
	动画学术趴	27408778,48510028,27408778,270318303,48510028,270318303,292261412,48510028,292261412,288600338,48510028,288600338,27613735,48510028,27613735,270145832,48510028,270145832,29381197,48510028,29381197,267189851,48510028,267189851,266829489,48510028,266829489,266592243,48510028,266592243,
电子商务	知乎用户	
	汉语言文学	351787265,351787265,344789027,344789027,341876584,341876584,340394006,340394006,338533187,338533187,296166690,296166690,307885148,307885148,336055967,336055967,297970204,297970204,331830643,331830643,
高等教育	杭州	274275496,274275496,271520227,271520227,
	刺猬大学	304838170,48510028,304838170,347938061,48510028,347938061,268961398,48510028,268961398,288290769,48510028,288290769,318628129,48510028,318628129,315012080,48510028,315012080,290543744,48510028,290543744,35953016,48510028,35953016,33635478,48510028,33635478,41088875,48510028,41088875,
互联网	深圳市	326511036,48510028,326511036,319371540,48510028,319371540,331904582,48510028,331904582,
电子游戏	永州	352361530,352361530,350706759,350706759,335183322,335183322,352173424,352173424,352116978,352116978,352076986,352076986,351900452,351900452,350868589,350868589,351525979,351525979,351508151,351508151,
	您拨打的用户	60408723,60408723,20799024,20799024,264243956,264243956,65502685,65502685,68018644,68018644,68759505,68759505,68552380,68552380,67043561,67043561,67160017,67160017,67419586,67419586,
咨询分析	知乎用户	
互联网	北京	352070248,352070248,351549427,351549427,290727512,290727512,349124027,349124027,307959368,307959368,350827215,350827215,351703696,351703696,300555046,300555046,304780126,304780126,348726732,348726732,
广播电视	仇子杰TuesdayQ	350903062,350903062,344581391,344581391,347362134,347362134,343759934,343759934,346513895,346513895,345325837,345325837,277146762,277146762,336368739,336368739,338820318,338820318,277922328,277922328,
互联网	沈友	352205134,352205134,282046927,282046927,351797088,351797088,349630542,349630542,348773523,348773523,347372020,347372020,346234070,346234070,274300927,274300927,343036488,343036488,334605159,334605159,
教育	温伯雪	327563279,327563279,350068974,350068974,270393195,270393195,350091798,350091798,348859803,348859803,312115311,312115311,305904866,305904866,349192039,349192039,350050209,350050209,333264576,333264576,
信息传媒	北京	308870211,308870211,310076624,310076624,299913556,299913556,305882861,305882861,307102259,307102259,29451127,29451127,275416835,275416835,275444770,275444770,274200857,274200857,273960455,273960455,
餐饮	四川	352231492,352231492,352143972,352143972,351190633,351190633,302479879,302479879,339489489,339489489,348508571,348508571,350823185,350823185,350336215,350336215,349022103,349022103,343141235,343141235,
	沈听雪	266464619,266464619,37471032,37471032,59737528,59737528,41576507,41576507,27191397,27191397,30236030,30236030,34623080,34623080,264137709,264137709,29632076,29632076,34817598,34817598,
	知乎用户	
教育	长沙	318019105,318019105,57411072,57411072,321239696,321239696,323710545,323710545,318781131,318781131,314919750,314919750,314471054,314471054,301671019,301671019,301203540,301203540,297064230,297064230,
养老服务	北京	
民用航空业	天津	
资本投资	北京	351122226,351122226,265660805,265660805,351470445,351470445,351074765,351074765,349942003,349942003,350605172,350605172,350113338,350113338,343995371,343995371,349998035,349998035,349712935,349712935,
教育	北京	
	花满楼	20037827,20037827,19586855,19586855,19557398,19557398,20438706,20438706,19832491,19832491,20014795,20014795,19990521,19990521,19825551,19825551,19826679,19826679,19615740,19615740,
	小虾汉斯	350631177,350631177,37658459,37658459,21436078,21436078,349423754,349423754,20291129,20291129,28249356,28249356,265590650,265590650,342118950,342118950,60069033,60069033,290440696,290440696,
高等教育	英国	352473175,48510028,352473175,351920965,48510028,351920965,346862321,48510028,346862321,23448791,48510028,23448791,349870265,48510028,349870265,346198994,48510028,346198994,348916228,48510028,348916228,345282592,48510028,345282592,334189586,48510028,334189586,340516766,48510028,340516766,
	伊斯特艾格	20031331,48509984,20031331,35056624,48509984,35056624,37196810,48509984,37196810,64897703,48509984,64897703,27910600,48509984,27910600,22869052,48509984,22869052,33406340,48509984,33406340,21644143,48509984,21644143,50608844,48509984,50608844,62930336,48509984,62930336,
	口蜜腹剑李右座	55182869,55182869,
互联网	北京	34963252,34963252,62229243,62229243,38173127,38173127,337916907,337916907,279551324,279551324,333056888,333056888,333517517,333517517,335717838,335717838,311789019,311789019,334184157,334184157,
互联网	上海	346805059,48509984,346805059,345431917,48509984,345431917,42108357,48509984,42108357,19575248,48509984,19575248,338378919,48509984,338378919,333022816,48509984,333022816,28498235,48509984,28498235,325164812,48509984,325164812,324121374,48509984,324121374,323488800,48509984,323488800,
	喻以流年	31408746,31408746,64071624,64071624,24219572,24219572,24297172,24297172,23017001,23017001,34541324,34541324,263379113,263379113,25540695,25540695,334529121,334529121,28740561,28740561,
互联网	上海市	301619955,301619955,21567651,21567651,345832087,345832087,348371506,348371506,348759395,348759395,351858266,351858266,28042939,28042939,317634097,317634097,343355322,343355322,349614340,349614340,
互联网	北京	337687279,337687279,320576169,320576169,21187514,316396319,316396319,314984261,314984261,22435048,22435048,296008861,296008861,19766230,19766230,304927212,304927212,313545620,313545620,290543744,290543744,
	美团技术团队	283272958,48510028,283272958,23312621,48510028,23312621,55556079,48510028,55556079,37116938,48510028,37116938,24558375,48510028,24558375,53274552,48510028,53274552,20870410,48510028,20870410,47987341,48510028,47987341,48487733,48510028,48487733,
养老服务	乌苏里斯克	277807298,48509984,277807298,31639400,48509984,31639400,19565754,48509984,19565754,23553937,48509984,23553937,281768686,48509984,281768686,19912844,48509984,19912844,291361863,48509984,291361863,27198493,48509984,27198493,27996454,48509984,27996454,26771121,48509984,26771121,
畜牧养殖业		
	中国	350859495,350859495,349534771,349534771,280240059,280240059,42721035,42721035,47506591,47506591,351681720,351681720,351583438,351583438,345207473,345207473,46281910,46281910,351096599,351096599,
法律	上海市	351779111,48509984,351779111,351118441,48509984,351118441,350655387,48509984,350655387,29861427,48509984,29861427,348350686,48509984,348350686,349120697,48509984,349120697,346897709,48509984,346897709,61427887,48509984,61427887,347354112,48509984,347354112,345411976,48509984,345411976,
电子游戏	上海	351089498,351089498,351725547,351725547,351976108,351976108,351509783,351509783,351224378,351224378,350959281,350959281,34952657,34952657,350552622,350552622,349328758,349328758,349945259,349945259,
	位卑	336769701,336769701,333195546,333195546,331652976,331652976,331021580,331021580,315650789,315650789,316038472,309177164,309177164,316038472,316038472,21732813,21732813,328190026,328190026,325663334,325663334,
科研	香港	344217389,48509984,344217389,340906660,48509984,340906660,333129092,48509984,333129092,332091079,48509984,332091079,328567160,48509984,328567160,327908582,48509984,327908582,324584262,48509984,324584262,324201192,48509984,324201192,321774101,48509984,321774101,60509620,48509984,60509620,
	Ottawa	350294008,350294008,329027536,329027536,348859803,348859803,349373533,349373533,346744505,346744505,345908376,345908376,327628635,327628635,327471497,327471497,326516594,326516594,324132887,324132887,
	黎尤金	304366381,304366381,49388538,49388538,22679124,22679124,282691813,282691813,44895503,44895503,277241694,277241694,46711189,46711189,265483925,265483925,268949583,268949583,267850742,267850742,
计算机软件	温哥华	
互联网	北京	348029701,48510028,348029701,318496731,48510028,318496731,304499020,
	知乎用户	
市场推广	比利·海灵顿	
互联网	南京	351863729,48509984,351863729,324736734,48509984,324736734,267050849,48509984,267050849,311248723,48509984,311248723,297302428,48509984,297302428,282931198,48509984,282931198,274929865,48509984,274929865,24001068,37095367,48509984,37095367,266448599,48509984,266448599,59598299,48509984,59598299,
互联网	北京	24296470,24296470,335278108,335278108,333464790,333464790,28349869,28349869,319641115,319641115,305672094,305672094,291555911,291555911,23728438,23728438,293512575,293512575,300556158,300556158,
电子游戏	游戏前端	38842804,38842804,32296009,32296009,30820505,30820505,31079945,31079945,27489664,27489664,
法律	二院院长	346283453,346283453,343152986,343152986,337358326,337358326,334524033,334524033,342056290,342056290,50257720,50257720,339960863,339960863,338422983,338422983,339110305,339110305,338904971,338904971,
	Francesca	351667348,351667348,351798864,351798864,19583219,19583219,350636234,350636234,351782671,351782671,323884966,323884966,40669044,40669044,350636545,350636545,33591602,33591602,350029304,350029304,
金融	
互联网	北京	305917770,48509984,305917770,292501248,48509984,292501248,59636030,48509984,59636030,272078554,48509984,272078554,27644563,48509984,27644563,38552565,48509984,38552565,63175444,48509984,63175444,49651743,48509984,49651743,66023088,48509984,66023088,62214094,48509984,62214094,
	
	知乎用户	
	忧国少女骑士团	52652398,52652398,51662278,51662278,
	
	夏尔	351829502,351829502,350350074,350350074,350243609,350243609,349991332,349991332,349609983,349609983,349707598,349707598,349414458,349414458,349040326,349040326,349010446,349010446,340940737,340940737,
互联网	北京	352389016,352389016,330402365,330402365,351574168,351574168,29122083,29122083,350993224,350993224,46693101,46693101,271661899,271661899,350171737,350171737,56740436,56740436,49432258,49432258,
汽车	欧洲	345711544,48509984,345711544,343419296,48509984,343419296,344158489,48509984,344158489,341375276,48509984,341375276,333549104,48509984,333549104,341719606,48509984,341719606,340065364,48509984,340065364,339284544,48509984,339284544,340424050,48509984,340424050,339368578,48509984,339368578,
广播电视	东京	349862752,349862752,348295929,348295929,317477937,317477937,345226718,345226718,347954489,347954489,350070973,350070973,48743568,48743568,268803538,268803538,348402793,348402793,50363347,50363347,
	友人A	
	电气工程师	352364249,48509984,352364249,352321760,48509984,352321760,351918727,48509984,351918727,352374275,48509984,352374275,352200405,48509984,352200405,266836494,48509984,266836494,351046928,48509984,351046928,351875122,48509984,351875122,350768129,48509984,350768129,351967113,48509984,351967113,
	被悬在半空中美	282312411,282312411,279482426,279482426,282297014,282297014,278256060,278256060,277030041,277030041,49522278,49522278,271404260,271404260,272379709,272379709,272449885,272449885,270809532,270809532,
	RetroPC	46853381,46853381,49710178,49710178,22156801,22156801,271068128,271068128,50508283,50508283,
艺术娱乐	上海	351574168,351574168,265204791,265204791,347163228,347163228,347497848,347497848,36100933,36100933,342308172,342308172,341237991,341237991,325967167,325967167,20242106,20242106,334973415,334973415,
	PC小白	352500778,352500778,348884023,348884023,350695220,350695220,347936274,347936274,347535954,347535954,347098387,347098387,344076986,344076986,343440420,343440420,340757599,340757599,338413601,338413601,
机械设备	上海	350851094,48510028,350851094,304706190,48510028,304706190,30787344,48510028,30787344,348067123,48510028,348067123,349598228,48510028,349598228,348029701,48510028,348029701,348685156,48510028,348685156,348159853,48510028,348159853,347109305,48510028,347109305,283053060,48510028,283053060,
科研	知乎用户	
	红酒汤姆一世	279863992,279863992,279506224,279506224,277429469,277429469,272377160,272377160,267785189,267785189,
基础教育	东林书院	29557266,29557266,324734795,324734795,27038837,27038837,323543104,323543104,321847420,321847420,19955311,19955311,298238543,298238543,22820967,22820967,318496657,318496657,316680557,316680557,
		280523933,280523933,22545625,22545625,308361969,308361969,277857761,277857761,
临床医疗	北京	292287884,48510028,292287884,20568677,48510028,20568677,265375171,48510028,265375171,21760852,48510028,21760852,48399456,48510028,48399456,338933707,48510028,338933707,343543293,48510028,343543293,30084178,48510028,30084178,49864286,48510028,49864286,
机械设备	汕头	350068879,350068879,335140617,335140617,349857311,349857311,42136452,42136452,347916453,347916453,49788759,49788759,350806549,350806549,351258480,351258480,351262548,351262548,38477942,38477942,
通信	石英	267277621,267277621,

银行	天津	351509783,48509984,351509783,311237432,48509984,311237432,346483418,48509984,346483418,349586626,48509984,349586626,347595832,48509984,347595832,348175747,48509984,348175747,347011915,48509984,347011915,65508048,343770599,48509984,343770599,339590011,48509984,339590011,338819110,48509984,338819110,
	
互联网	北京	
	中共中央第二党校	308058315,308058315,
科研	日本	350292725,48510028,350292725,350294008,48510028,350294008,350070973,48510028,350070973,347405494,48510028,347405494,292443025,48510028,292443025,343396567,48510028,343396567,22807493,48510028,22807493,22265672,48510028,22265672,294544783,48510028,294544783,24171042,48510028,24171042,
金融		310168011,310168011,315425371,315425371,345307809,345307809,342936488,342936488,342245028,342245028,340474608,340474608,341049216,341049216,307885148,307885148,21672013,21672013,22311783,22311783,
艺术娱乐	调色师	264572774,264572774,50575876,50575876,
广播电视		
	知乎电影	344019917,48510028,344019917,333519959,48510028,333519959,341994002,48510028,341994002,342936488,48510028,342936488,
	您右边工位的工友	338118134,338118134,319512694,319512694,318496731,318496731,318323134,318323134,
	北京市	
制造加工	中山	41182911,41182911,19698050,19698050,22403792,22403792,25162039,25162039,264962290,264962290,328524311,328524311,323731445,323731445,65333214,65333214,338750892,338750892,332395555,332395555,
	知乎用户	
互联网	成都	310737802,310737802,300603515,300603515,36435092,36435092,282499675,282499675,64264288,64264288,
艺术娱乐	纽约	314680553,48510028,314680553,352470607,48510028,352470607,312944993,48510028,312944993,347499297,48510028,347499297,343280582,48510028,343280582,346057332,48510028,346057332,345335878,48510028,345335878,284194166,48510028,284194166,289324871,48510028,289324871,317477972,48510028,317477972,
	大梦想程序商店	29147727,48510028,29147727,21940510,48510028,21940510,36546814,48510028,36546814,265726340,48510028,265726340,277398226,48510028,277398226,47045516,48510028,47045516,266021832,48510028,266021832,55262852,48510028,55262852,272485925,48510028,272485925,54580383,48510028,54580383,
	吉林建筑大学	352099668,352099668,350404658,350404658,324302626,324302626,
	广州市	349872638,349872638,340745974,340745974,338904971,338904971,24972957,24972957,286733591,286733591,330140084,330140084,21324597,21324597,327053942,327053942,325011307,325011307,326780069,326780069,
	西雅图（Seattle）	318928283,318928283,268413089,268413089,266991727,266991727,66272481,66272481,65048697,65048697,49317524,49317524,61598369,61598369,61283395,61283395,22963389,22963389,58488056,58488056,
	几百个教授	32364986,32364986,342618492,342618492,338317618,338317618,337851915,337851915,335066813,335066813,324001425,324001425,36274714,36274714,311407620,311407620,311121403,311121403,294596450,294596450,
	梦娃	293865460,293865460,291334014,291334014,291787418,291787418,275476790,275476790,274033994,274033994,22772515,22772515,268555223,268555223,46181271,46181271,39699936,39699936,268460335,268460335,
	蛉砸	330901820,330901820,339153983,339153983,336565317,336565317,336591127,336591127,334406440,334406440,332788632,332788632,332431962,332431962,317086742,317086742,321954192,321954192,308278474,308278474,
汽车	屌丝小蚂蚁	312605424,312605424,312557121,312557121,312695368,312695368,312493466,312493466,311848567,311848567,311362478,311362478,302391283,302391283,277926335,277926335,270901003,270901003,276382951,276382951,
	奋斗	338564503,338564503,338442903,338442903,334963200,334963200,337472610,337472610,336152869,336152869,
博物馆	：再造文景，岂一夕哉？	266701667,266701667,44927439,44927439,337360831,337360831,300753517,300753517,297184338,297184338,23961993,23961993,282469494,282469494,265418602,265418602,36532219,36532219,292281569,292281569,
	啊兔兔	
		352348800,352348800,350581911,350581911,337528513,337528513,350746390,350746390,351181097,351181097,339204793,339204793,349264562,349264562,349900476,349900476,55430241,55430241,348348140,348348140,
互联网	湾区（Bay Area）	348474416,348474416,340916482,340916482,20496519,20496519,27104799,27104799,327305525,327305525,26563415,26563415,322815371,322815371,294669176,294669176,319774219,319774219,66480166,66480166,
法律	英伟达	
互联网	知乎用户	
互联网	北京市宣武区	352389016,48510028,352389016,350918572,48510028,350918572,350329620,48510028,350329620,338195759,48510028,338195759,338637564,48510028,338637564,348626937,48510028,348626937,348973204,48510028,348973204,346435901,48510028,346435901,347108878,48510028,347108878,346300721,48510028,346300721,
汽车	上海	352461022,48510028,352461022,352228356,48510028,352228356,323505422,48510028,323505422,351300910,48510028,351300910,37647238,48510028,37647238,350788339,48510028,350788339,349636210,48510028,349636210,350788619,48510028,350788619,350788807,48510028,350788807,343600404,48510028,343600404,
互联网	北京市	352048828,48509984,352048828,352171277,48509984,352171277,352108632,48509984,352108632,352222192,48509984,352222192,21818075,48509984,21818075,351706516,48509984,351706516,351920965,48509984,351920965,351413532,48509984,351413532,27058325,48509984,27058325,351316749,48509984,351316749,
互联网	北京市	339340909,339340909,316974947,316974947,25535316,25535316,310188241,310188241,264279724,264279724,306236646,306236646,54318576,54318576,296374184,296374184,301499138,301499138,38519101,38519101,
财务	天津城南开洼地八里台	29325356,29325356,352376347,352376347,19719224,19719224,352068250,352068250,351420921,351420921,351511010,351511010,352062514,352062514,352296151,352296151,352177868,352177868,350264159,350264159,
电子电器	知乎用户	
电子游戏	知乎用户	
高新科技	斯特瑞克	346314318,346314318,350976729,350976729,62972819,62972819,339544939,339544939,343761838,343761838,326486872,326486872,323976342,323976342,303539150,303539150,42329631,42329631,26133593,26133593,
	郑州大学	41053508,41053508,343286201,343286201,339575040,339575040,300299654,300299654,51976252,51976252,25987306,25987306,32029119,32029119,35567907,35567907,
	东方管	350603489,350603489,346224144,346224144,346210568,346210568,330309072,330309072,327781023,327781023,311369373,311369373,274128007,274128007,23877998,23877998,306312250,306312250,64248124,64248124,
	大阪	304754067,304754067,264675310,264675310,349482593,349482593,339495165,339495165,346165736,346165736,28247984,28247984,345415605,345415605,327308940,327308940,320757815,320757815,264415281,264415281,
	疯死沃	310090675,310090675,338681798,338681798,352015591,352015591,352228356,352228356,19775798,19775798,349373533,349373533,339126201,339126201,351224378,351224378,348859803,348859803,347759596,347759596,
	南京大学	300386716,300386716,351835380,351835380,350056355,350056355,41017412,41017412,277132148,277132148,351642454,351642454,56740436,56740436,346024815,346024815,65900459,65900459,350391837,350391837,
政府	待我施为地煞变	29800599,29800599,28782497,28782497,348830362,348830362,342122096,342122096,316700186,316700186,350491888,350491888,281893979,281893979,348724298,348724298,345628902,345628902,348229748,348229748,
临床医疗	医学影像	
汽车	周安迪	304747267,304747267,305605826,305605826,304757615,304757615,305439955,305439955,300726941,300726941,297663310,297663310,282177617,282177617,295814040,295814040,296608128,296608128,291593653,291593653,
电子电器	上海市	350108568,350108568,348479993,348479993,349175544,349175544,348741597,348741597,347165089,347165089,348611547,348611547,347441634,347441634,342273373,348309553,348309553,348460796,348460796,348478910,348478910,
科研	新加坡	
	人工智能	322335739,48510028,322335739,26754848,48510028,26754848,66949369,48510028,66949369,25866010,48510028,25866010,20337132,48510028,20337132,322530705,48510028,322530705,322651220,48510028,322651220,28196675,48510028,28196675,333671830,48510028,333671830,27529154,48510028,27529154,
非营利组织		35746524,35746524,349911273,349911273,347335126,347335126,350096978,350096978,333395993,333395993,56870243,56870243,314489464,314489464,22352790,22352790,350045277,350045277,349559573,349559573,
高等教育	杭州	344806065,48510028,344806065,349809749,48510028,349809749,352108632,48510028,352108632,347084952,48510028,347084952,19656357,48510028,19656357,347439621,48510028,347439621,340356461,48510028,340356461,32306859,48510028,32306859,20406142,48510028,20406142,351304269,48510028,351304269,
法律	张小小	48861420,48861420,37039573,37039573,305103081,305103081,46173016,46173016,30684652,30684652,29528472,29528472,21024358,21024358,34626465,34626465,37414806,37414806,
	重庆市	300373544,300373544,312849874,312849874,293514046,293514046,337397238,337397238,337542334,337542334,340020878,340020878,338605061,338605061,339216972,339216972,337482840,337482840,337962015,337962015,
互联网	北京	352252298,352252298,351816857,351816857,351928247,351928247,351898624,351898624,346497452,346497452,351064085,351064085,350978893,350978893,65978633,65978633,320577367,320577367,350017791,350017791,
	禳苦书生	335045614,335045614,333262379,333262379,330146638,330146638,329713972,329713972,328019556,328019556,327653498,327653498,52724786,52724786,327595898,327595898,326261846,326261846,324716949,324716949,
	Maddalena Tocco	329677620,329677620,328094497,328094497,321432327,321432327,321423781,321423781,319734693,319734693,29860100,29860100,319493070,319493070,318929302,318929302,316332207,316332207,292317052,292317052,
	Alex 耿	323038927,323038927,275119284,275119284,267644942,267644942,266476496,266476496,266150146,266150146,265989575,265989575,265809891,265809891,265788795,265788795,265261089,265261089,265725159,265725159,
科研	西安	348829334,348829334,288120613,288120613,335905687,335905687,333592680,333592680,299617411,299617411,
	宋熙燮	346110258,346110258,
高等教育	加拿大	350215777,48510028,350215777,339126201,48510028,339126201,340878015,48510028,340878015,339266482,48510028,339266482,340486237,48510028,340486237,340134550,48510028,340134550,336811839,48510028,336811839,339165323,48510028,339165323,337520035,48510028,337520035,334806759,48510028,334806759,
银行	丹麦（Denmark）	341868551,341868551,329731855,329731855,266954305,266954305,328722471,328722471,327773221,327773221,311934252,311934252,324825289,324825289,323864028,323864028,323865158,323865158,316113560,316113560,
	qinqinhaoren	344218381,344218381,339334744,339334744,342418219,342418219,342987851,342987851,63535402,63535402,320384139,320384139,341796754,341796754,340286268,340286268,303797739,303797739,338532810,338532810,
	湖南省	352108632,352108632,339560266,339560266,325430383,325430383,350675490,350675490,350290829,350290829,345301305,345301305,350215777,350215777,347832922,347832922,347520333,347520333,31700790,31700790,
互联网	宁波	351544690,351544690,350264380,350264380,351667348,351667348,350854288,350854288,351312949,351312949,330256444,330256444,351237585,351237585,351106143,351106143,351096666,351096666,332366607,332366607,
互联网	武汉	345893480,48509984,345893480,340855881,48509984,340855881,340485618,48509984,340485618,335638715,48509984,335638715,318442390,48509984,318442390,338235190,48509984,338235190,337333474,48509984,337333474,337185921,48509984,337185921,334039589,48509984,334039589,323797880,48509984,323797880,
	北京	340494485,340494485,329780283,329780283,331876400,331876400,263904110,263904110,51111418,51111418,310298318,310298318,295289276,295289276,305802988,305802988,302578204,302578204,302353972,302353972,
创意艺术	杭州	351312949,48510028,351312949,350298815,48510028,350298815,349675424,48510028,349675424,347489182,48510028,347489182,343348904,48510028,343348904,343033809,48510028,343033809,340697469,48510028,340697469,337696478,48510028,337696478,336777001,48510028,336777001,57183057,48510028,57183057,
	菠菜	20462764,20462764,348832762,348832762,347756476,347756476,344508272,344508272,347882308,347882308,343651554,343651554,346673824,346673824,346132434,346132434,342318692,342318692,345502481,345502481,
	杭州	38463603,38463603,281502544,281502544,349604058,349604058,347921202,347921202,347667591,347667591,334343819,334343819,27914845,27914845,346292180,346292180,346125365,346125365,341334436,341334436,60082119,
艺术娱乐		28227306,28227306,352451632,352451632,327000131,327000131,352475600,352475600,323981157,323981157,284049848,284049848,350724609,350724609,352123815,352123815,351823377,351823377,302338277,302338277,
渔业	日本动画	21002845,48509984,21002845,350880032,48509984,350880032,351047511,48509984,351047511,351453558,48509984,351453558,351835175,48509984,351835175,351092300,48509984,351092300,351583196,48509984,351583196,326797252,48509984,326797252,36904508,48509984,36904508,351340726,48509984,351340726,
科研	三月雨	318580915,318580915,316112316,316112316,42898713,42898713,315988701,315988701,
化工业	威海	350636234,48510028,350636234,338921130,48510028,338921130,346596307,48510028,346596307,343981496,48510028,343981496,343147385,48510028,343147385,309829103,48510028,309829103,340654495,48510028,340654495,267229267,48510028,267229267,341372843,48510028,341372843,337970710,48510028,337970710,
	
计算机软件	悉尼 (Sydney)	352208169,48510028,352208169,351171294,48510028,351171294,347990874,48510028,347990874,37455810,48510028,37455810,350662445,48510028,350662445,264294525,48510028,264294525,36793703,48510028,36793703,19903611,48510028,19903611,350407427,48510028,350407427,348032762,48510028,348032762,
临床医疗	Jason Cole	333343755,333343755,269137690,269137690,282435806,282435806,320052844,320052844,318372160,318372160,287265259,287265259,19915870,19915870,25454994,25454994,284024587,284024587,30202362,30202362,
电子电器	广州市	343163289,343163289,53062316,53062316,337210934,337210934,335421205,335421205,322984967,322984967,318446058,318446058,309298287,309298287,317361761,317361761,313057133,313057133,309090523,309090523,
创意艺术	地球	352219802,352219802,28217018,28217018,348996703,348996703,348904824,348904824,351406805,351406805,351262548,351262548,346139525,346139525,350957345,350957345,350272769,350272769,49940883,49940883,
渔业	郑州市	345228155,345228155,348957764,348957764,30909236,30909236,341689791,341689791,342318692,342318692,31781807,31781807,340296172,340296172,343396211,343396211,332761242,332761242,341365918,341365918,
政府	大俄亥俄首府	351875084,351875084,351165549,351165549,315745653,315745653,349629354,349629354,349373671,349373671,49219202,49219202,54957651,54957651,349545655,349545655,348608210,348608210,346253906,346253906,
教育	北京	
金融	香港	282126306,282126306,293696412,293696412,301586312,301586312,288085596,288085596,37290469,37290469,
高等教育	核物理	60870328,60870328,41020462,41020462,34522780,34522780,24508884,24508884,31894603,31894603,31351915,31351915,29562787,29562787,28297498,28297498,19615248,19615248,27781516,27781516,
	应天职业技术学院	266397236,266397236,266437086,266437086,266154333,266154333,265475454,265475454,266421786,266421786,28966967,28966967,266418447,266418447,263952082,263952082,64617950,64617950,266216579,266216579,
	
互联网	广州市	344913276,344913276,346319220,346319220,347924924,347924924,348842086,348842086,346330611,346330611,348546777,348546777,344578439,344578439,27749997,27749997,344790650,344790650,344431540,344431540,
信息传媒	北京	350738607,350738607,351171344,351171344,28473484,28473484,350636061,350636061,328775763,328775763,349707598,349707598,302513483,302513483,36091630,36091630,349483923,349483923,349447886,349447886,
	
	University of Alberta	
互联网	上海	335338276,335338276,329920590,329920590,267247829,267247829,270439844,270439844,39403409,39403409,27195235,27195235,39577346,39577346,36067392,36067392,55706876,55706876,55698932,55698932,
土砂石开采		308756370,308756370,318739314,318739314,303374530,303374530,303986034,303986034,311563763,311563763,313906196,313906196,312899951,312899951,304174913,304174913,310154395,310154395,311197506,311197506,
政府	武汉	40315645,40315645,349598228,349598228,310626210,310626210,32237866,32237866,341470490,341470490,271212996,271212996,340534076,340534076,315370573,315370573,346522169,346522169,318163620,318163620,
	FFF团长	351155801,351155801,62459583,62459583,352226563,352226563,351797088,351797088,351569266,351569266,22640590,22640590,351224378,351224378,350200059,350200059,350700789,350700789,349033472,349033472,
	成都市	
互联网	北京	350842302,350842302,67037491,67037491,320802995,320802995,302036659,302036659,267399450,267399450,50056259,50056259,24721981,24721981,20142962,20142962,58716442,58716442,28621767,28621767,
教育	法国	344954093,48509984,344954093,348685156,48509984,348685156,345309425,48509984,345309425,336267047,48509984,336267047,343550429,48509984,343550429,341283138,48509984,341283138,47045516,48509984,47045516,315928924,48509984,315928924,26591730,48509984,26591730,330094028,48509984,330094028,
	大连	349550027,349550027,19719224,19719224,347733613,347733613,345310177,345310177,329122027,329122027,31175531,31175531,340302870,340302870,342064981,342064981,334965507,334965507,332114452,332114452,
	香港浸会大学	
	klxmouse	349520040,349520040,352387157,352387157,22403792,22403792,340224279,340224279,352115462,352115462,350797967,350797967,351759108,351759108,351336288,351336288,288739522,288739522,349030831,349030831,
高等教育	重庆	343995869,343995869,25151940,25151940,57411072,57411072,348639185,348639185,292890900,292890900,333376298,333376298,286534732,286534732,323657325,323657325,20566125,20566125,330915372,330915372,
	
	四佰本	298555794,298555794,20212656,20212656,44945488,44945488,68467783,68467783,54170354,54170354,271074839,271074839,269550244,269550244,26995308,26995308,267897607,267897607,21180822,21180822,
航天	北京	336264266,336264266,343081328,343081328,338623193,338623193,50173717,50173717,310192479,310192479,306171493,306171493,277925499,277925499,23810344,23810344,277305250,277305250,286870417,286870417,
	
互联网	北京	344031013,344031013,267423003,267423003,352080473,352080473,351858266,351858266,348349497,348349497,351353419,351353419,351033155,351033155,351654891,351654891,350155103,350155103,350666068,350666068,
	真啸风	349790292,349790292,288578825,288578825,351948735,351948735,334829003,334829003,351218113,351218113,343027154,343027154,342637700,342637700,349138321,349138321,350295557,350295557,348515819,348515819,
	Midgard Serpent	57493586,57493586,25150607,25150607,63258727,63258727,352376347,352376347,35679217,35679217,351610322,351610322,53092721,53092721,40082058,40082058,351165549,351165549,46448910,46448910,
汽车	成都	289679776,289679776,288064491,288064491,268834088,268834088,267571979,267571979,264579947,264579947,264311637,264311637,67998194,67998194,57053258,57053258,56233866,56233866,49463615,49463615,
公共管理	内江市	351387793,351387793,63569860,63569860,352173424,352173424,283762516,283762516,349889479,349889479,351925201,351925201,350422938,350422938,349944053,349944053,348296425,348296425,351171733,351171733,
电子游戏	石家庄	350588668,48510028,350588668,344550381,48510028,344550381,351725547,48510028,351725547,329320733,48510028,329320733,350935125,48510028,350935125,317339918,317339918,48510028,317339918,351224378,48510028,351224378,349778409,48510028,349778409,341721545,48510028,341721545,310065369,48510028,310065369,
农林牧渔	于明	271785236,271785236,264340352,264340352,66353086,66353086,39377853,39377853,29034555,29034555,
临床医疗	上海	350336215,48510028,350336215,348029595,48510028,348029595,349548263,48510028,349548263,341063544,48510028,341063544,347495742,48510028,347495742,347354112,48510028,347354112,347268325,48510028,347268325,346949677,48510028,346949677,346080508,48510028,346080508,346758272,48510028,346758272,
	白菜君	21810875,21810875,291394662,291394662,320308859,320308859,275752619,275752619,317978528,317978528,289053572,289053572,36336562,36336562,273922659,273922659,64273158,64273158,263416941,263416941,
电影录音	牧岛藤子	318855283,318855283,280945060,280945060,318215928,318215928,311464426,311464426,268395554,268395554,26297181,26297181,
互联网	安徽	352351339,352351339,328376246,328376246,346690458,346690458,352173424,352173424,352208169,352208169,345006688,345006688,349151506,349151506,312642139,312642139,351498460,351498460,351782671,351782671,
出版业	福建	39301806,39301806,59319123,59319123,266361362,266361362,
互联网	北京	22289888,48509984,22289888,314634698,48509984,314634698,46441796,48509984,46441796,305724914,48509984,305724914,299262166,48509984,299262166,299633721,48509984,299633721,299262023,48509984,299262023,26761091,48509984,26761091,288052776,48509984,288052776,19590553,48509984,19590553,
国防军事	Chelyabinsk, Russia	333830067,333830067,352001523,352001523,347868789,347868789,40754673,40754673,55596680,55596680,24928301,24928301,338449922,338449922,58927045,58927045,265004436,265004436,316715890,316715890,
	上海市	
高等教育	蒙特利尔 (Montréal)	348937979,48510028,348937979,349552602,48510028,349552602,347751637,48510028,347751637,298579442,48510028,298579442,346685502,48510028,346685502,345120231,48510028,345120231,21759143,48510028,21759143,343811197,48510028,343811197,343431810,48510028,343431810,342519418,48510028,342519418,
法律	上海	293133613,293133613,343661811,343661811,338766555,338766555,333336635,333336635,66294542,66294542,267461136,267461136,22581785,22581785,315499329,315499329,320347760,320347760,303772878,303772878,
	Yiqin Fu	317066560,317066560,306337989,306337989,26677313,26677313,24821978,24821978,23185101,23185101,264617775,264617775,32164316,32164316,34897210,34897210,41854964,41854964,41365485,41365485,
咨询分析	杭州	346709712,346709712,352202098,352202098,21108473,21108473,351384961,351384961,54826697,54826697,351862449,351862449,352483904,352483904,351937599,351937599,345019672,345019672,351966332,351966332,
	厦门	
高等教育	Boston	309141897,48510028,309141897,271934519,48510028,271934519,351744093,48510028,351744093,351133593,48510028,351133593,345606113,48510028,345606113,299203094,48510028,299203094,333374142,48510028,333374142,351646498,48510028,351646498,351312949,48510028,351312949,351336288,48510028,351336288,
高等教育	杭州	274514818,274514818,344356259,344356259,21588885,21588885,335676604,335676604,327842288,327842288,21899671,21899671,63996789,63996789,58787623,58787623,292774262,292774262,27559355,27559355,
电子游戏	Next Studios	346378288,48509984,346378288,344093057,48509984,344093057,341986107,48509984,341986107,282849088,48509984,282849088,286903291,48509984,286903291,35298247,48509984,35298247,297844630,48509984,297844630,292784075,48509984,292784075,285995615,48509984,285995615,49752795,48509984,49752795,
互联网	北京	
审计	土豆烧牛肉贴木儿	349385305,349385305,27220666,27220666,46693101,46693101,349803370,349803370,343318391,343318391,350091798,350091798,349977537,349977537,20713134,20713134,340424050,340424050,340940737,340940737,

	哈尔滨	346415171,346415171,40138325,40138325,336533652,336533652,335856540,335856540,340096565,340096565,339422830,339422830,338809806,338809806,336159359,336159359,336291657,336291657,329409238,329409238,
	武汉市	350761967,350761967,48476068,48476068,34425386,34425386,340588155,340588155,350101643,350101643,349609983,349609983,284110013,284110013,
景观	知乎用户	
计算机硬件	上海市	264366404,264366404,264836232,266917279,266917279,350920719,350920719,63234557,63234557,350952691,350952691,27816801,27816801,29056468,29056468,34425386,34425386,311969233,311969233,348845664,348845664,
	
互联网	洋猫	351552444,351552444,350690005,350690005,279247693,279247693,31551594,31551594,348281572,348281572,346993906,346993906,54311874,54311874,347334475,347334475,
高等教育	哈尔滨	350723383,350723383,350129846,350129846,348928508,348928508,350292725,350292725,19644892,19644892,349201227,349201227,347435892,347435892,349245479,349245479,346415171,346415171,342318692,342318692,
金融		349698023,349698023,345544673,345544673,321450863,321450863,277058477,277058477,322805348,322805348,319307625,319307625,321587127,321587127,56553215,56553215,320979764,320979764,319283419,319283419,
计算机软件	北京	350098582,350098582,349599078,349599078,334239868,334239868,334242417,334242417,321054625,321054625,311404362,311404362,308644890,308644890,50363347,50363347,306195557,306195557,298092942,298092942,
	时趣	40873563,48510028,40873563,313564280,48510028,313564280,352438371,48510028,352438371,350589725,48510028,350589725,294589239,48510028,294589239,20764464,48510028,20764464,40845027,48510028,40845027,336326249,48510028,336326249,33574522,48510028,33574522,55050505,48510028,55050505,
教育	长沙	310225052,310225052,345269035,345269035,31089526,31089526,335903203,335903203,68201761,68201761,28151094,28151094,323426926,323426926,301953891,301953891,266966057,266966057,310868294,310868294,
互联网	北京	21490596,21490596,30541572,30541572,58976222,58976222,58952776,58952776,33504282,33504282,33043847,33043847,28014392,28014392,20024970,20024970,28117160,28117160,22149480,22149480,
科研	开曼群岛	
	萧萧洛水	279985988,279985988,342445606,342445606,340944952,340944952,340589354,340589354,291828023,291828023,277922328,277922328,331945025,331945025,59508011,59508011,326059364,326059364,28304684,28304684,
	
科研	粒子物理学	352387157,48510028,352387157,343342308,48510028,343342308,326587329,48510028,326587329,325989432,48510028,325989432,264072638,48510028,264072638,317707332,48510028,317707332,20137814,48510028,20137814,306387564,48510028,306387564,303381175,48510028,303381175,303671507,48510028,303671507,
互联网	
高等教育	Qilin Li	340823422,340823422,291034858,291034858,49104705,49104705,32057771,32057771,
互联网	某不知名书店店长	
创意艺术	香港	267716458,48510028,267716458,35404444,48510028,35404444,277097065,48510028,277097065,279247693,48510028,279247693,271883399,48510028,271883399,275241454,48510028,275241454,281635700,48510028,281635700,29556265,48510028,29556265,268220653,48510028,268220653,266767649,48510028,266767649,
政府	养蛊少年李三蹦	344538261,344538261,344383845,344383845,344594889,344594889,343154299,343154299,343040245,343040245,342324813,342324813,340505974,340505974,340546547,340546547,340743287,340743287,339615714,339615714,
高等教育	北京	
	杭州	
	北京	347087183,347087183,349188644,349188644,310667736,310667736,336685554,336685554,59044212,59044212,350786093,350786093,349676921,349676921,49289136,49289136,53477697,53477697,349066069,349066069,
	乜一	340310905,340310905,340623221,340623221,327379623,327379623,309829103,309829103,320518308,320518308,318816668,318816668,302660722,302660722,318522400,318522400,318176847,318176847,317027543,317027543,
金融	北京	345295530,345295530,345545368,345545368,45100402,45100402,340166612,340166612,316260012,316260012,310808608,310808608,292408875,292408875,279741922,279741922,268001175,268001175,25373590,25373590,
公共服务	北京	294995559,294995559,288431819,288431819,54536693,64202959,64202959,61942520,61942520,61334193,61334193,57550406,57550406,24505197,24505197,60276869,60276869,59959350,59959350,59440377,59440377,
贸易零售	连泳华	350538994,350538994,349961997,349961997,347726707,347726707,345091976,345091976,329122947,329122947,343955368,343955368,339603385,339603385,339191228,339191228,335557322,335557322,331625006,331625006,
	知乎用户	
	改变是历史必然	275719899,275719899,267506551,267506551,55310524,55310524,272249375,272249375,38383730,38383730,264888727,264888727,271560409,271560409,271383733,271383733,271131267,271131267,58583664,58583664,

	湖南考古	49502870,48510028,49502870,39004511,48510028,39004511,57255544,48510028,57255544,331311517,48510028,331311517,330224516,48510028,330224516,327787308,48510028,327787308,327774435,48510028,327774435,49275481,48510028,49275481,325407445,48510028,325407445,325273425,48510028,325273425,
开采冶金	马萨诸塞州印斯茅斯	
临床医疗	北京市	
	虫二	311505070,311505070,264837525,264837525,48372904,48372904,279736196,279736196,295678610,295678610,61978045,61978045,281271203,281271203,50608844,50608844,49516344,49516344,61917117,61917117,
计算机硬件	河北省石家庄市	348186452,348186452,348101584,348101584,305340610,305340610,349397049,349397049,350935169,350935169,349380207,349380207,349621673,349621673,350043460,350043460,349998035,349998035,347241865,347241865,
科研	安徽	
	Tori	265569736,265569736,62107519,62107519,62116184,62116184,21404491,21404491,29368891,29368891,19709258,19709258,
进出口贸易	知乎用户	
		
互联网	徐倩倩	351720960,351720960,337883046,337883046,343102702,343102702,352176246,352176246,352178746,352178746,351353419,351353419,351219957,351219957,283444819,283444819,351431356,351431356,351312949,351312949,
房地产	北京市	350865166,350865166,350401963,350401963,67935239,67935239,349804002,349804002,304303325,304303325,349701252,349701252,59561604,59561604,21583495,21583495,26414129,26414129,49616487,49616487,
证券投资	上海	20865942,20865942,26035910,26035910,269745229,269745229,22640590,22640590,47210678,47210678,266878686,266878686,266865807,266865807,50982661,50982661,30185411,30185411,37058361,37058361,
高等教育	北京	22663532,22663532,37037858,37037858,42680272,42680272,49585495,49585495,49941576,49941576,23605931,23605931,33089738,33089738,33189347,33189347,
非营利组织	广州市	294524953,294524953,296101557,296101557,292784541,292784541,291232514,291232514,287236158,287236158,286980728,286980728,68111741,68111741,270755193,270755193,24329306,24329306,267023176,267023176,
机械设备	CNBM	352384014,352384014,352222782,352222782,352423720,352423720,352108632,352108632,352196823,352196823,351744093,351744093,352171277,352171277,349994906,349994906,351894873,351894873,351798864,351798864,
	陈栀然	294520264,294520264,27184601,27184601,296721599,296721599,28156746,28156746,278437271,278437271,316406670,316406670,31238943,31238943,33961740,33961740,336780094,336780094,35936464,35936464,
	悉尼	328617132,328617132,268287106,268287106,265972067,265972067,41737566,41737566,40401905,40401905,
	
计算机软件	北京	35665963,35665963,350940491,350940491,352004365,352004365,350460694,350460694,351695401,351695401,300735799,300735799,351747235,351747235,343118354,343118354,340229645,340229645,351214586,351214586,
汽车	黄埔军校	351099843,351099843,348476157,348476157,340837916,340837916,345668653,345668653,267802876,267802876,21421354,21421354,328882782,328882782,38175760,38175760,322519313,322519313,313500509,313500509,
金融	北京	349938042,349938042,335828820,335828820,304412824,304412824,22276116,22276116,266147523,266147523,21198701,21198701,268574705,268574705,61972854,61972854,265940951,265940951,65646454,65646454,
教育	香港	351544690,48510028,351544690,349690215,48510028,349690215,347970166,48510028,347970166,350745322,48510028,350745322,351336288,48510028,351336288,351312949,48510028,351312949,337982285,48510028,337982285,344654780,48510028,344654780,348793857,48510028,348793857,348859111,48510028,348859111,
电子游戏	田中澪	352382723,352382723,352210400,352210400,352204637,352204637,350923522,350923522,40754673,40754673,350944134,350944134,351265626,351265626,343600519,343600519,351079149,351079149,350321410,350321410,
服务业	广州市	351508202,351508202,337360831,337360831,60035353,60035353,306249128,306249128,34607755,34607755,20469267,20469267,305130944,305130944,36037648,36037648,294564853,294564853,301436834,301436834,
金融	不设目标	323574093,323574093,336055967,336055967,312539117,312539117,323278108,323278108,322207061,322207061,322365684,322365684,322410780,322410780,31918779,31918779,307380107,307380107,296320399,296320399,
互联网	深圳市	
	
法律	上海	
计算机软件	天津	265960326,265960326,266285961,266285961,56313261,56313261,265186525,265186525,264201212,264201212,263944605,263944605,57848134,57848134,66877941,66877941,37248069,37248069,63693074,63693074,
互联网	北京市	
	是江衍啊	48839861,48839861,
广播电视	会长	352211856,352211856,352481584,352481584,352285995,352285995,351958376,351958376,352060806,352060806,352026526,352026526,351185742,351185742,282077362,282077362,349262750,349262750,349172813,349172813,
	路一	348508571,348508571,59877384,59877384,349702166,349702166,329467978,329467978,348131419,348131419,338869350,338869350,340878015,340878015,341525281,341525281,281797411,281797411,340979198,340979198,
	Hobby	350692548,350692548,350675490,350675490,36049306,36049306,302445845,302445845,61244036,61244036,293910137,293910137,31873624,31873624,
	大学	287803029,287803029,50943617,50943617,50658332,50658332,29753074,29753074,47945400,47945400,47387826,47387826,39107480,39107480,40612529,40612529,40563882,40563882,
汽车	上海	310526532,310526532,310891507,310891507,302898203,302898203,273713568,273713568,284981793,284981793,284965279,284965279,284784819,284784819,281496867,281496867,276188394,276188394,265172082,265172082,
	中国	26630097,48509984,26630097,352161228,48509984,352161228,351725547,48509984,351725547,342641863,48509984,342641863,351595007,48509984,351595007,350772783,48509984,350772783,350976128,48509984,350976128,278155816,48509984,278155816,350079196,48509984,350079196,349597279,48509984,349597279,
计算机软件	北京	23632100,23632100,64402009,64402009,23881478,23881478,332042250,332042250,328444462,328444462,321451061,321451061,311415552,311415552,319202685,319202685,317920060,317920060,315908794,315908794,
科研	海淀区	352384014,48510028,352384014,352108632,48510028,352108632,351857255,48510028,351857255,48300695,48510028,48300695,274978007,48510028,274978007,22930891,48510028,22930891,335140617,48510028,335140617,278155816,48510028,278155816,344405727,48510028,344405727,351574168,48510028,351574168,
法律	北京	351312949,351312949,310080920,310080920,269308945,269308945,330848892,330848892,323992995,323992995,338966064,338966064,334018353,334018353,331595584,331595584,331276729,331276729,331986863,331986863,
房地产	中国	
信息传媒	鸥歌	40107640,40107640,29187956,29187956,22572187,22572187,26302811,26302811,22575231,22575231,31182528,31182528,59641603,59641603,27270259,27270259,50177992,50177992,46318887,46318887,
计算机软件	Seattle	35655717,35655717,348342412,348342412,347824157,347824157,21844423,21844423,20132427,20132427,59583857,59583857,340197997,340197997,281836563,281836563,343248586,343248586,295529432,295529432,
	武汉	309141897,309141897,37032452,37032452,30924140,30924140,350675490,350675490,311783683,311783683,334653809,334653809,288948815,288948815,344584245,344584245,340712338,340712338,284939230,284939230,
	北京	336098385,336098385,337887984,337887984,341247646,341247646,345893863,345893863,351398345,351398345,349991706,349991706,335205163,335205163,345362456,345362456,348645588,348645588,51906525,51906525,
	蓝臻	344098686,344098686,343867167,343867167,336446408,336446408,337191750,337191750,340444517,340444517,339475084,339475084,334816947,334816947,339217933,339217933,
教育	北京	39378139,48510028,39378139,286292969,48510028,286292969,46398324,48510028,46398324,309814289,48510028,309814289,26451097,48510028,26451097,266873100,48510028,266873100,312447002,48510028,312447002,334518238,48510028,334518238,46869085,48510028,46869085,35445384,48510028,35445384,
公共服务	江苏	285582279,285582279,346774524,346774524,341749196,341749196,343273300,343273300,347744137,347744137,347826586,347826586,346845348,346845348,344974695,344974695,295437279,295437279,266485393,266485393,
电子游戏	北京	39474276,48510028,39474276,348038467,48510028,348038467,334328877,48510028,334328877,328571302,48510028,328571302,286540606,48510028,286540606,326046428,48510028,326046428,327527374,48510028,327527374,326773279,48510028,326773279,326064057,48510028,326064057,326180649,48510028,326180649,
电子游戏	Aya Magician	338239102,338239102,334648922,334648922,330398949,330398949,335294125,335294125,330723005,330723005,331597662,331597662,65299573,65299573,320223372,320223372,316309930,316309930,305821335,305821335,
创意艺术	北京	

	36氪江苏	347692093,48510028,347692093,337729365,48510028,337729365,338274525,48510028,338274525,338555707,48510028,338555707,336233401,48510028,336233401,301318590,48510028,301318590,333022816,48510028,333022816,330326548,48510028,330326548,329620520,48510028,329620520,328445910,48510028,328445910,
	老王杰克	324119019,324119019,38965254,38965254,51103816,51103816,269105350,269105350,267947706,267947706,273850430,273850430,271403009,271403009,267775971,267775971,266900543,266900543,49702455,49702455,
高等教育	阿干	34472193,34472193,
	婚礼纪	348246976,48510028,348246976,339473990,48510028,339473990,349157980,48510028,349157980,352074184,48510028,352074184,350075934,48510028,350075934,20300634,48510028,20300634,304924099,48510028,304924099,347244638,48510028,347244638,314235326,48510028,314235326,351810026,48510028,351810026,
	北京	57736754,57736754,268330806,268330806,276018081,276018081,270364088,270364088,269145476,269145476,62847243,62847243,67422102,67422102,29192242,29192242,57622788,57622788,57756115,57756115,
互联网	上海	336203074,336203074,321337007,321337007,323376723,323376723,309365257,309365257,313968322,313968322,263748930,263748930,312622934,312622934,312720806,312720806,312477716,312477716,271292355,271292355,
互联网		334217352,48510028,334217352,341430844,48510028,341430844,344739763,48510028,344739763,35186326,48510028,35186326,21919499,48510028,21919499,30147821,48510028,30147821,329105040,48510028,329105040,30406114,48510028,30406114,35044815,48510028,35044815,318696303,48510028,318696303,
	大象公会	52564633,48510028,52564633,20772373,48510028,20772373,53477508,48510028,53477508,52211505,48510028,52211505,35079475,48510028,35079475,348882861,48510028,348882861,20360563,48510028,20360563,20263108,48510028,20263108,52927561,48510028,52927561,267734238,48510028,267734238,
	成都	351698553,351698553,351025746,351025746,349804247,349804247,349698023,349698023,349639318,349639318,347497848,347497848,347097938,347097938,347189855,347189855,345544673,345544673,345413562,345413562,
	
	朱理	315310228,48510028,315310228,
	公众号：电波发射基站	351143845,351143845,351106143,351106143,350538624,350538624,350030635,350030635,349688525,349688525,45965977,45965977,348515819,348515819,348370059,348370059,346299665,346299665,299256126,299256126,
通信	天津	350809415,350809415,349599078,349599078,37885914,37885914,349447886,349447886,349505344,349505344,349483923,349483923,304774925,304774925,58594478,58594478,320594757,320594757,58307475,58307475,
高等教育	临江仙白	350865229,350865229,349043050,349043050,348666601,348666601,64809731,64809731,345313028,345313028,343297042,343297042,339414646,339414646,339266482,339266482,301585240,301585240,50608844,50608844,
	爱烹牛排	52523915,48510028,52523915,351762775,48510028,351762775,349485208,48510028,349485208,339333348,48510028,339333348,349695580,48510028,349695580,20416898,48510028,20416898,344367688,48510028,344367688,39957694,48510028,39957694,346607022,48510028,346607022,49502870,48510028,49502870,
		352250158,352250158,346004225,346004225,346024815,346024815,339575040,339575040,338194743,338194743,333239070,333239070,324405640,324405640,327000043,327000043,321787711,321787711,299729632,299729632,
	MoneylessHui	305943277,305943277,292158900,292158900,304473490,304473490,300423301,300423301,295793488,295793488,295628605,295628605,293965262,293965262,30699864,30699864,278041412,278041412,56614095,56614095,
互联网	北京	56046425,56046425,21075487,21075487,50436958,50436958,27463242,27463242,36123269,36123269,21876069,21876069,21010426,21010426,

	复旦大学研究生	350898515,350898515,286326453,286326453,350007649,350007649,348219798,348219798,347870737,347870737,346812557,346812557,345476167,345476167,344736053,344736053,339777338,339777338,336577422,336577422,
电子游戏	上海	346735133,48510028,346735133,343123306,48510028,343123306,34845154,48510028,34845154,338438233,48510028,338438233,323681477,48510028,323681477,21713209,48510028,21713209,333842651,48510028,333842651,337109682,48510028,337109682,26382065,48510028,26382065,334890951,48510028,334890951,
	知乎用户	
金融	北京	20602526,20602526,300648528,300648528,37940173,37940173,304212209,304212209,269539188,269539188,35249750,35249750,35083230,35083230,20370442,20370442,58424544,58424544,54596367,54596367,
政府		
金融	重庆	333339395,333339395,61953908,61953908,61749774,61749774,60776987,60776987,59993041,59993041,57959953,57959953,57682781,57682781,57455766,57455766,53422255,53422255,53289714,53289714,
创意艺术		345587668,345587668,347718746,347718746,347068065,347068065,340547827,340547827,280143102,280143102,336002863,336002863,347391247,347391247,337840459,337840459,335011376,335011376,48988684,48988684,
法律	宁波市	352206489,352206489,318025890,318025890,347812245,347812245,347902316,347902316,346620997,346620997,303822684,303822684,347816334,347816334,347871829,347871829,347482866,347482866,347558353,347558353,
出版业	北京	352348769,352348769,352326297,352326297,339935672,339935672,346130692,346130692,351896687,351896687,346208601,346208601,341721545,341721545,352108632,352108632,347228924,347228924,351976108,351976108,
创意艺术	先后任肉票、师爷，张麻子好基友。	49242096,49242096,277132148,277132148,352384014,352384014,352404007,352404007,346162262,346162262,55156980,55156980,352302612,352302612,28069195,28069195,326797252,326797252,28900328,28900328,
互联网	成都	335338307,335338307,274416081,274416081,345210866,345210866,310364606,310364606,312221593,312221593,334390853,334390853,330864799,330864799,62712314,62712314,37264874,37264874,343892350,343892350,
	Miaopasii	347604012,347604012,352372848,352372848,351074765,351074765,350903062,350903062,352108632,352108632,350091721,350091721,351554371,351554371,351117488,351117488,349666153,349666153,349787690,349787690,
	昆明	284598628,284598628,64915309,64915309,31092804,31092804,270268091,270268091,266364732,266364732,265965818,265965818,27792974,27792974,264160935,264160935,29303545,29303545,46373374,46373374,
计算机软件	成都	
	Ray	342626761,342626761,346135496,346135496,339724662,339724662,339113727,339113727,335634716,335634716,332974817,332974817,332420987,332420987,332478835,332478835,330237376,330237376,330322412,330322412,
	匂宫出梦	345805127,345805127,343196093,343196093,341883673,341883673,341421709,341421709,339717916,339717916,335461865,335461865,335952196,335952196,45206155,45206155,306225350,306225350,28700153,28700153,
信息传媒	网上冲浪记事	19553984,19553984,335394948,335394948,
	上海	346709712,346709712,351442668,351442668,54675661,54675661,322783932,322783932,349698023,349698023,328565383,328565383,345532987,345532987,280651361,280651361,345124567,345124567,345056581,345056581,
汽车	上海市	32925186,32925186,29045204,29045204,22040980,22040980,39290554,39290554,339567108,339567108,327571850,327571850,313797183,313797183,267764842,267764842,
创意艺术	札幌	352325082,352325082,26967689,26967689,344019917,344019917,22388541,22388541,351008233,351008233,344313665,344313665,348467159,348467159,348557913,348557913,348400795,348400795,311822943,311822943,
银行	知乎用户	
互联网	北京	350724609,350724609,346740755,346740755,345482491,345482491,341483094,341483094,345493862,345493862,302185705,302185705,336151353,336151353,282449315,282449315,334829003,334829003,336247771,336247771,
幼儿教育	杭州	345699599,345699599,344496755,344496755,330209011,330209011,329907179,329907179,318640918,318640918,25550735,25550735,313032915,313032915,312316092,312316092,310874113,310874113,310562187,310562187,
	知乎汽车	343499950,48510028,343499950,327035700,
创意艺术	欧洲	317066560,317066560,294082059,294082059,312539117,312539117,64398890,64398890,297117888,297117888,266604665,266604665,39032811,39032811,308164287,308164287,303137080,303137080,30909543,30909543,
创意艺术	北京	351512686,351512686,349175130,349175130,351413532,351413532,343600519,343600519,350937823,350937823,348003746,348003746,347839037,347839037,347832922,347832922,349126598,349126598,346122954,346122954,
	奥恩大战雷霆咆哮	320230339,320230339,59608299,59608299,270647113,270647113,
计算机软件	上海	351434550,48510028,351434550,349908866,48510028,349908866,349203766,48510028,349203766,335982876,48510028,335982876,331994253,48510028,331994253,299766610,48510028,299766610,343191468,48510028,343191468,348875551,48510028,348875551,347691739,48510028,347691739,347069814,48510028,347069814,

创意艺术	东京	347076338,48509984,347076338,336417193,48509984,336417193,336417193,344467071,48509984,344467071,342142940,48509984,342142940,334107920,48509984,334107920,48617212,48509984,48617212,36815678,48509984,36815678,335903203,48509984,335903203,332699841,48509984,332699841,19934954,48509984,19934954,
家具	北京	352173424,48510028,352173424,23932178,48510028,23932178,351782671,48510028,351782671,351179285,48510028,351179285,59140775,48510028,59140775,299598737,48510028,299598737,347276611,48510028,347276611,63580473,48510028,63580473,19855515,48510028,19855515,35688510,48510028,35688510,
互联网	哈尔滨	348811511,48510028,348811511,349474623,48510028,349474623,346050973,48510028,346050973,317304451,48510028,317304451,307679174,48510028,307679174,308045928,48510028,308045928,58482430,48510028,58482430,291266315,48510028,291266315,288190292,48510028,288190292,282950648,48510028,282950648,
创意艺术	尼堪巴图鲁	337568352,337568352,21442920,21442920,
互联网	北京	340590218,340590218,28253356,28253356,266586687,266586687,300840760,300840760,296256378,296256378,290895525,290895525,289017119,289017119,283093946,283093946,55729084,55729084,268873123,268873123,
	树叶上的蚂蚁	349937232,349937232,342770017,342770017,23493717,23493717,46473222,46473222,28088190,28088190,265327927,265327927,348611058,348611058,345725307,345725307,341503059,341503059,320800989,320800989,
创意艺术	北京市	60674137,60674137,
	西南财经大学	306913832,306913832,343426120,343426120,59830317,59830317,26011041,26011041,340023541,340023541,338889932,338889932,332546275,332546275,28240791,28240791,286995978,286995978,264007570,264007570,
	魔都	344171595,344171595,346754389,346754389,345418172,345418172,343081328,343081328,338966064,338966064,338689850,338689850,335196947,335196947,319284583,319284583,323701356,323701356,330246588,330246588,
	
畜牧养殖业		341982032,341982032,349904699,349904699,344998128,344998128,345482491,345482491,22135654,22135654,343832721,343832721,339602636,339602636,340654495,340654495,342093491,342093491,334823792,334823792,
	暗中观察	351720960,351720960,349172046,349172046,347861591,347861591,336713902,336713902,333763633,333763633,331462319,331462319,322285070,322285070,302695432,302695432,314257106,314257106,312739210,312739210,
	知乎用户	
	重庆大学	287973194,287973194,304640867,304640867,48851768,48851768,51087951,51087951,271566296,271566296,269162666,269162666,266276812,266276812,264476410,264476410,68546899,68546899,38296690,38296690,
创意艺术	成都	307479013,307479013,320308859,320308859,316507226,316507226,298057439,298057439,25405208,25405208,271544519,271544519,68586019,68586019,68577455,68577455,53010931,53010931,50583142,50583142,

电力电网	成都市	22726557,48510028,22726557,343685354,48510028,343685354,351879403,48510028,351879403,61395899,48510028,61395899,344171595,48510028,344171595,338400476,48510028,338400476,288086121,48510028,288086121,24899496,48510028,24899496,351508202,48510028,351508202,38521237,48510028,38521237,
教育	北京市	332928605,332928605,336035791,336035791,333847622,333847622,322092871,322092871,332189681,332189681,323700404,323700404,27226379,27226379,287680332,287680332,316564926,316564926,38562043,38562043,
互联网		351143845,351143845,348054802,348054802,344382291,344382291,337302173,337302173,333022816,333022816,331313590,331313590,328270045,328270045,328198853,328198853,276764302,276764302,24170911,24170911,
公共管理	华中科技大学	309001654,309001654,302773070,302773070,
种植业		64843025,48510028,64843025,325308050,48510028,325308050,336820841,48510028,336820841,306521970,48510028,306521970,336719951,48510028,336719951,333254639,48510028,333254639,321113198,333090630,48510028,333090630,330484023,48510028,330484023,332910026,48510028,332910026,332592178,48510028,332592178,
	潘其秀	
	日本	350123392,350123392,338871479,338871479,297927560,297927560,336154130,336154130,31779643,31779643,20867390,20867390,330978076,330978076,330713665,330713665,316608391,316608391,21971971,21971971,
财务	自媒体编辑	351384961,351384961,352389016,352389016,351122226,351122226,39351511,39351511,351111646,351111646,351928284,351928284,352218914,352218914,42721035,42721035,352081765,352081765,351061827,351061827,
财务	企业财务	328838280,328838280,
计算机软件	地球	352525281,352525281,342837444,342837444,350293193,350293193,339331979,339331979,345177109,345177109,349935344,349935344,351407397,351407397,344132111,344132111,307367284,307367284,351879403,351879403,
体育健身	得克萨斯州（Texas）	273579567,273579567,24869852,24869852,341818752,341818752,340889162,340889162,306379951,306379951,328735550,328735550,319849151,319849151,323988210,323988210,40236248,40236248,323054558,323054558,
资本投资	北京	264694578,264694578,264820432,264820432,264553420,264553420,22322352,22322352,20810737,20810737,21315987,21315987,20780560,20780560,19550629,19550629,19565092,19565092,24895282,24895282,
计算机软件	长春	351718999,351718999,338710331,338710331,297552192,297552192,351835380,351835380,349691807,349691807,345334123,345334123,349852529,349852529,343600404,343600404,347487482,347487482,346632926,346632926,
物流递送	FIMS KIRA	36396890,36396890,54206437,54206437,27381922,27381922,27123879,27123879,
	漫画	57495378,48509984,57495378,19921116,48509984,19921116,266544113,48509984,266544113,347499297,48509984,347499297,350309125,48509984,350309125,349964989,48509984,349964989,289831685,48509984,289831685,340940737,48509984,340940737,32421576,48509984,32421576,346871258,48509984,346871258,
	易呀	350584483,350584483,328296194,328296194,330979145,330979145,343519831,343519831,303822684,303822684,333212532,333212532,324398387,324398387,314429233,314429233,21924273,21924273,328098593,328098593,
互联网	杭州	351426844,351426844,352084212,352084212,351106143,351106143,351180302,351180302,350411823,350411823,308115396,308115396,336267047,336267047,319158572,319158572,347469966,347469966,21287801,21287801,
汽车	武汉市	343053546,48509984,343053546,65978633,48509984,65978633,346416887,48509984,346416887,43650592,48509984,43650592,350415488,48509984,350415488,350043460,48509984,350043460,349294453,48509984,349294453,31399929,48509984,31399929,346986666,48509984,346986666,317552302,48509984,317552302,
农林牧渔	济南大学	352350862,48509984,352350862,351934271,48509984,351934271,316700186,48509984,316700186,349016011,48509984,349016011,337332223,48509984,337332223,343924421,48509984,343924421,342738448,48509984,342738448,340703902,48509984,340703902,339867433,48509984,339867433,340720902,48509984,340720902,
	小螺号	351441090,351441090,351111646,351111646,345207473,345207473,335219025,335219025,350351013,350351013,339762248,339762248,348072857,348072857,343585330,343585330,35771382,35771382,338321561,338321561,
	北京	348351096,48510028,348351096,338818657,48510028,338818657,329802213,48510028,329802213,327450549,48510028,327450549,307906704,48510028,307906704,335709559,48510028,335709559,40175858,48510028,40175858,330068726,48510028,330068726,311841841,48510028,311841841,40730965,48510028,40730965,
科研	北京	59996277,48509984,59996277,51259811,48509984,51259811,31247290,48509984,31247290,28103274,48509984,28103274,27844787,48509984,27844787,24330420,48509984,24330420,25311180,48509984,25311180,24495876,48509984,24495876,24789930,48509984,24789930,21010825,48509984,21010825,
	慕柒	64359532,64359532,282242557,282242557,
	
高新科技	深圳市	345525447,48509984,345525447,345082409,48509984,345082409,309460268,48509984,309460268,340134550,48509984,340134550,266135193,48509984,266135193,263974508,48509984,263974508,298690027,48509984,298690027,39387048,48509984,39387048,280335144,48509984,280335144,278514163,48509984,278514163,
互联网	武昌区（武汉）	344966456,344966456,324608905,324608905,319058219,319058219,317502782,317502782,311604346,311604346,310097644,310097644,295675918,295675918,302911078,302911078,301130190,301130190,300632497,300632497,
公共管理		
	日本	31580864,31580864,350007649,350007649,349482593,349482593,342285861,342285861,349162909,349162909,346779793,346779793,26517354,26517354,342753080,342753080,276704653,276704653,346895765,346895765,
法律	南昌市	23271389,23271389,352026926,352026926,352391875,352391875,19798040,19798040,276248841,276248841,351431356,351431356,351033398,351033398,351133657,351133657,349710754,349710754,348446136,348446136,
	知乎用户	
军火	上海	66683860,66683860,349434424,349434424,349016011,349016011,348551735,348551735,20781843,20781843,347348237,347348237,347687815,347687815,327906843,327906843,282495703,282495703,343203484,343203484,
创意艺术	芝加哥	
	物理学	349705396,48510028,349705396,266578103,48510028,266578103,20149030,48510028,20149030,22378707,48510028,22378707,27345635,48510028,27345635,272182118,48510028,272182118,20678127,48510028,20678127,27605022,48510028,27605022,21073959,48510028,21073959,22736533,48510028,22736533,
互联网	北京	19869956,19869956,31032841,31032841,298528206,298528206,19573843,19573843,19550679,19550679,
政府	公务员	352378907,48510028,352378907,350824218,48510028,350824218,343784698,48510028,343784698,351744093,48510028,351744093,350733010,48510028,350733010,347439536,48510028,347439536,352011854,48510028,352011854,335271644,48510028,335271644,351575413,48510028,351575413,317993541,48510028,317993541,
		352259123,352259123,351125152,351125152,31358636,31358636,41182911,41182911,350707711,350707711,350438408,350438408,349885189,349885189,350188265,350188265,338228190,341373217,341373217,349193218,349193218,
	云南大学	328949668,328949668,335331894,335331894,334588388,334588388,335033798,335033798,299205851,299205851,330641441,330641441,304926851,304926851,
餐饮	杭州	62034453,48509984,62034453,21096649,48509984,21096649,46031129,48509984,46031129,62930336,48509984,62930336,54817888,48509984,54817888,56201711,48509984,56201711,56201709,48509984,56201709,56201648,48509984,56201648,23538008,48509984,23538008,34681219,48509984,34681219,
旅游	东京	318322067,318322067,55177239,55177239,307414042,307414042,313376591,313376591,23415480,23415480,304844787,304844787,22821323,22821323,19712947,19712947,28247984,28247984,27886949,27886949,
证券投资	杭州	268207822,268207822,25670989,25670989,309589722,309589722,20424002,20424002,29087958,29087958,328988923,328988923,33948748,33948748,268734794,268734794,312597892,312597892,325193670,325193670,
电子游戏	地球	351595007,351595007,351900452,351900452,351509783,351509783,350778777,350778777,350177222,350177222,339558961,339558961,344724289,344724289,344466437,344466437,280814833,280814833,313564280,313564280,
高等教育	UPenn	352308085,48509984,352308085,65969341,48509984,65969341,351798844,48509984,351798844,351382752,48509984,351382752,318272907,48509984,318272907,352387157,48509984,352387157,351404517,48509984,351404517,352036152,48509984,352036152,351163921,48509984,351163921,297226447,48509984,297226447,
高新科技	南京	342684688,342684688,347533056,347533056,343523019,343523019,41569830,41569830,348058048,348058048,62988649,62988649,22403874,22403874,346557479,346557479,265688504,265688504,
互联网		349082705,48510028,349082705,351676519,48510028,351676519,351758452,48510028,351758452,350940640,48510028,350940640,322243675,48510028,322243675,350959336,48510028,350959336,350959281,48510028,350959281,350875012,48510028,350875012,349727420,48510028,349727420,346074208,48510028,346074208,
政府	BLACK枪骑兵	352390366,352390366,351823377,351823377,349852529,349852529,275351888,275351888,342285861,342285861,37523894,37523894,348514451,348514451,30106077,30106077,341312229,341312229,346198625,346198625,
畜牧养殖业	北京	349612730,349612730,347362134,347362134,344711977,344711977,35169140,35169140,24676987,24676987,38605414,38605414,330520800,330520800,324890707,324890707,325173949,325173949,304588656,304588656,
畜牧养殖业	morven	52547462,52547462,
		341988101,341988101,342873584,342873584,350827215,350827215,330676375,330676375,351028181,351028181,327635458,327635458,348132267,348132267,350656338,350656338,339861346,339861346,27441184,27441184,
	知乎用户	
金融	成都	352299328,352299328,349698023,349698023,349675424,349675424,304110962,304110962,341415289,341415289,28625340,28625340,20648346,20648346,20660315,20660315,335709559,335709559,335912128,335912128,
法律		346930548,346930548,346648714,346648714,276307864,276307864,268387460,268387460,299528616,299528616,263954039,263954039,265849570,265849570,35035813,35035813,338661820,338661820,28037924,28037924,
互联网	天津	25984324,25984324,
	全民故事计划	20280353,48510028,20280353,319510940,48510028,319510940,52708276,48510028,52708276,313516915,48510028,313516915,24014906,48510028,24014906,29174460,48510028,29174460,322863789,48510028,322863789,313564280,48510028,313564280,49502870,48510028,49502870,305748960,48510028,305748960,
	东京都	55783301,55783301,350675490,350675490,342267664,342267664,275612174,275612174,318608387,318608387,307201297,307201297,321316837,321316837,310673334,310673334,66367793,66367793,55625790,55625790,
图书馆	北京	
出版业	王威	325020554,325020554,57689411,57689411,307917085,307917085,304382928,304382928,316937018,316937018,282785964,282785964,322145380,322145380,321773825,321773825,320459897,320459897,319774219,319774219,
	厦门	349971964,349971964,
互联网	IBM	350716509,48510028,350716509,20757000,48510028,20757000,19602470,48510028,19602470,33497335,48510028,33497335,51233963,48510028,51233963,19850186,48510028,19850186,343550429,48510028,343550429,320547553,48510028,320547553,19904870,48510028,19904870,40693897,48510028,40693897,
	幽灵战舰复仇号	351612579,351612579,351591620,351591620,319548578,319548578,313599093,313599093,340588155,340588155,350207169,350207169,342285861,342285861,349120697,349120697,348411176,348411176,348346145,348346145,
法律	上海市	
	专栏作家斛律哥	350449683,350449683,345001417,345001417,351852239,351852239,40294781,40294781,346855547,346855547,343951951,343951951,351576652,351576652,345754030,345754030,26659392,26659392,350703561,350703561,
互联网	广州市	349670965,349670965,349385305,349385305,351567732,351567732,348742264,348742264,344019917,344019917,349378789,349378789,343519209,343519209,349198472,349198472,349199028,349199028,346162314,346162314,
非营利组织	靖韬居士	265670813,265670813,31059999,31059999,322314963,322314963,55682755,55682755,318922017,318922017,330209046,330209046,290287180,290287180,329290838,329290838,326095137,326095137,41822206,41822206,
	格勒诺布尔大学	34766305,34766305,302594048,302594048,23809895,23809895,33972831,33972831,27062851,27062851,61010049,61010049,342285861,342285861,267458939,267458939,341415289,341415289,346911813,346911813,
军火	格陵兰	41082652,48510028,41082652,351713295,48510028,351713295,348629629,48510028,348629629,347721254,48510028,347721254,339378907,48510028,339378907,338233685,48510028,338233685,31358636,48510028,31358636,35317151,48510028,35317151,351547944,48510028,351547944,351064993,48510028,351064993,
	北京	351607398,351607398,28650262,28650262,346046433,346046433,347011915,347011915,347241865,347241865,347371048,347371048,343522349,343522349,345611741,345611741,345416741,345416741,345432363,345432363,
教育	马某人	317458428,317458428,270272307,270272307,267808400,267808400,43599965,43599965,30286281,30286281,31955114,31955114,20819144,20819144,51709852,51709852,48053116,48053116,27264303,27264303,

	北京市	351713374,351713374,351903401,351903401,350843632,350843632,338005306,338005306,349348788,349348788,350007649,350007649,314948125,314948125,345031012,345031012,323344003,323344003,65806578,65806578,
高等教育	喀山联邦大学	22694984,22694984,304178445,304178445,344438949,344438949,345145947,345145947,342373043,342373043,343169640,343169640,342145939,342145939,342516833,342516833,342073817,342073817,342103316,342103316,
金融	证券业	47517205,47517205,316011341,316011341,351910126,351910126,30854615,30854615,350937823,350937823,318508177,318508177,23927603,23927603,278441781,278441781,20629493,20629493,30769912,30769912,
资本投资	旧金山 (San Francisco)	
	feby	26770719,26770719,351937599,351937599,351806204,351806204,352389200,352389200,348460737,348460737,351105205,351105205,351312949,351312949,341294095,341294095,341690024,341690024,347744137,347744137,
	国际红色通讯	316248991,316248991,318488879,318488879,268674860,268674860,277155838,277155838,
	饶晓志	
咨询分析	上海	352299328,352299328,352228356,352228356,351806204,351806204,351125954,351125954,351014096,351014096,350675490,350675490,350043460,350043460,348350686,348350686,347469966,347469966,346450641,346450641,
金融	北京	352030125,352030125,316972557,316972557,350450618,350450618,351865300,351865300,321877345,321877345,299240782,299240782,351321487,351321487,351747235,351747235,27520782,27520782,51956694,51956694,
教育	硅谷	349617188,48510028,349617188,306755192,48510028,306755192,325926441,48510028,325926441,344827837,48510028,344827837,342851317,48510028,342851317,58389726,48510028,58389726,47045516,48510028,47045516,334437374,48510028,334437374,331318550,48510028,331318550,328706215,48510028,328706215,
金融	上海	57196316,48510028,57196316,24243644,48510028,24243644,24114669,48510028,24114669,23113058,48510028,23113058,21635592,48510028,21635592,30051013,48510028,30051013,45000756,48510028,45000756,271609304,48510028,271609304,
培训	训犬师	349040421,349040421,298618910,298618910,49356479,49356479,271853691,271853691,271828569,271828569,269054581,269054581,32094733,32094733,268841904,268841904,268434456,268434456,54649470,54649470,
	知诸	351384961,351384961,351323590,351323590,350407919,350407919,314235326,314235326,349669665,349669665,275392040,275392040,310065369,310065369,348318313,348318313,26788653,26788653,66964131,66964131,
	曾國祥	328571237,48510028,328571237,52891587,48510028,52891587,35091414,48510028,35091414,23694270,48510028,23694270,
化工业	铁路	347047386,48509984,347047386,24632698,48509984,24632698,341894914,48509984,341894914,340955244,48509984,340955244,338966064,48509984,338966064,66647537,48509984,66647537,336397339,48509984,336397339,331175100,48509984,331175100,62422951,48509984,62422951,314840819,48509984,314840819,
	丛林之猫	306727324,306727324,
	知乎动画	36185505,48510028,36185505,
政府	陶吉祥	340821924,340821924,336913435,336913435,42342234,42342234,332627674,332627674,325357006,325357006,317642302,317642302,316615213,316615213,302582625,302582625,314128040,314128040,311487455,311487455,
临床医疗	北京	36378816,36378816,348639185,348639185,20759772,20759772,20976654,20976654,338590379,338590379,20776172,20776172,35667984,35667984,303672817,303672817,24947219,24947219,329358603,329358603,
汽车	南京	336547200,48510028,336547200,338584438,48510028,338584438,24230372,48510028,24230372,19741385,48510028,19741385,334079719,48510028,334079719,297350494,48510028,297350494,65213469,48510028,65213469,323479116,48510028,323479116,323136833,48510028,323136833,265629747,48510028,265629747,
	清欢	
地产建筑	欧洲	350697276,350697276,347462705,347462705,328040280,328040280,329310508,329310508,334282916,334282916,345785254,345785254,42076732,42076732,316431937,316431937,346763735,346763735,343685354,343685354,
互联网	深圳市	309589722,309589722,337510561,337510561,342483678,342483678,340904114,340904114,303710615,303710615,306540028,306540028,20909590,20909590,20281216,20281216,269412055,269412055,281759569,281759569,
	立党	
高等教育	北京	350857182,48510028,350857182,329880884,48510028,329880884,350072008,48510028,350072008,348719316,48510028,348719316,344974234,48510028,344974234,348260714,48510028,348260714,304529389,48510028,304529389,347699747,48510028,347699747,347495742,48510028,347495742,21362402,48510028,21362402,
互联网	北京	20959251,20959251,19858663,19858663,21395779,21395779,20666407,20666407,20100376,20100376,21109326,21109326,20940551,20940551,20962110,20962110,20688706,20688706,20642534,20642534,
	导演饺子	310186247,48510028,310186247,
美容	四川大学	58442444,58442444,311499979,311499979,312622611,312622611,49346390,49346390,299339599,299339599,317853876,317853876,62172326,62172326,64979224,64979224,35806677,35806677,293694199,293694199,
	阿里巴巴	352085312,48510028,352085312,299203094,48510028,299203094,347692093,48510028,347692093,345282592,48510028,345282592,345325189,48510028,345325189,25252525,48510028,25252525,345312135,48510028,345312135,345303992,48510028,345303992,313564280,48510028,313564280,345313123,48510028,345313123,
政府	湖北省	268515525,268515525,338827246,338827246,279621958,279621958,67414279,67414279,337298018,337298018,343535516,343535516,345106684,345106684,344864713,344864713,334358220,334358220,340526452,340526452,
咨询分析	哈尔滨	352603590,352603590,352173424,352173424,352387157,352387157,352069941,352069941,40669044,40669044,351542727,351542727,348942803,348942803,349576507,349576507,350967944,350967944,350675490,350675490,
临床医疗		350157412,48510028,350157412,53649178,48510028,53649178,350069658,48510028,350069658,350779983,48510028,350779983,346839196,48510028,346839196,347268325,48510028,347268325,317415183,48510028,317415183,326702460,48510028,326702460,28103474,48510028,28103474,340424050,48510028,340424050,
计算机软件	昆明	351976514,351976514,266091758,266091758,35135576,35135576,350489729,350489729,350350074,350350074,347573788,347573788,39405851,39405851,51974238,51974238,345690289,345690289,345526207,345526207,
幼儿教育		
	

公共服务		351064085,351064085,347426296,347426296,286994901,286994901,281783421,281783421,278610695,278610695,266775914,266775914,264884609,264884609,66010161,66010161,263342439,263342439,263690194,263690194,
临床医疗	杭州	
	七月在线	350940491,350940491,351886244,351886244,343407265,343407265,349405067,349405067,339417870,339417870,351676165,351676165,21669554,21669554,351054793,351054793,23165812,23165812,339068307,339068307,
高等教育	刚果布拉柴维尔十四种口味冰激凌店	303827708,48510028,303827708,281242674,48510028,281242674,344019917,48510028,344019917,351218113,48510028,351218113,349427317,48510028,349427317,66955361,48510028,66955361,348562723,48510028,348562723,348685156,48510028,348685156,348779695,48510028,348779695,348478699,48510028,348478699,
环境保护	卡拉提配·阿斯兰塔斯国家公园	38552249,38552249,340486237,340486237,327013117,327013117,46657227,46657227,265883565,265883565,333132686,333132686,318972567,318972567,19884011,19884011,29328075,29328075,51040901,51040901,
	我也是小仙女	32276442,32276442,31102829,31102829,37579606,37579606,20932648,20932648,50426133,50426133,23937716,23937716,334483667,334483667,19869956,19869956,304574828,304574828,318121062,318121062,
	Texas A&M University	351407397,351407397,341480735,341480735,338321461,338321461,61707207,61707207,347108878,347108878,346522169,346522169,339944846,326623299,326623299,344181887,344181887,343965012,343965012,299038204,299038204,
	上海	
	
	厦门	19967583,19967583,333797332,333797332,22049196,22049196,308310091,308310091,268676013,268676013,310548588,310548588,22850715,22850715,277565991,277565991,23730582,23730582,288546481,288546481,
		65806578,65806578,342662606,342662606,342389080,342389080,335828820,335828820,331289309,331289309,328144407,328144407,322063543,322063543,320946543,320946543,320096388,320096388,320063083,320063083,
种植业		
		352108632,352108632,34844163,34844163,295738789,295738789,350937823,350937823,60014105,60014105,351273361,351273361,350575701,350575701,23434532,23434532,348318284,348318284,350050209,350050209,
	姨江春水向东流	352108632,352108632,351743877,351743877,349983608,349983608,350292725,350292725,61824705,61824705,348260226,348260226,347733613,347733613,347744137,347744137,347495742,347495742,346165736,346165736,
互联网	北京市	47048874,47048874,19643119,19643119,37051490,37051490,38367415,38367415,35676304,35676304,36611688,36611688,31287229,31287229,31279986,31279986,28436846,28436846,
图书馆		345791320,345791320,333212532,333212532,330525665,330525665,59566795,59566795,53488435,53488435,328519149,328519149,328867281,328867281,326861326,326861326,29016679,29016679,321302630,321302630,
养老服务	莫斯科	58116881,58116881,351720596,351720596,351487116,351487116,351186434,351186434,278581281,278581281,351316749,351316749,23809895,23809895,38204944,38204944,349803370,349803370,298632564,298632564,
政府	星辰	352378907,352378907,20580624,20580624,325474578,325474578,351858266,351858266,352076986,352076986,63187225,63187225,346206618,346206618,351920965,351920965,304720264,304720264,351798864,351798864,
军火	首席去势男高音	
	愤怒的玩家	329520496,329520496,348859803,348859803,289853735,289853735,343440482,343440482,347510965,347510965,294088771,294088771,347834166,347834166,26789831,26789831,285823396,285823396,343514529,343514529,
高等教育	北京师范大学	
	林间集	351549481,351549481,344314011,344314011,338634022,338634022,322536307,322536307,318162620,318162620,20603783,20603783,303322776,303322776,302703561,302703561,299128396,299128396,296100643,296100643,
		21567651,21567651,352569715,352569715,335857996,335857996,351721168,351721168,352108632,352108632,265890550,265890550,352173424,352173424,352181117,352181117,351823377,351823377,351667348,351667348,
汽车	杭州	30445586,30445586,29221652,29221652,27971326,27971326,28996009,28996009,28168213,28168213,

创意艺术	重庆	35181419,35181419,61921624,61921624,28014345,28014345,30166462,30166462,50862703,50862703,55140460,55140460,51873093,51873093,36856417,36856417,56748730,56748730,47412355,47412355,
互联网	上海	22590902,22590902,326780069,326780069,325786298,325786298,323304885,323304885,313622793,313622793,319774219,319774219,317722302,317722302,313300943,313300943,295467353,295467353,307020460,307020460,
	AcWing	
高等教育	王萍	283087601,283087601,22825692,22825692,62894899,62894899,35306524,35306524,
电子电器	上海	351879880,351879880,351245615,351245615,325606395,325606395,350973995,350973995,350765478,350765478,345037220,345037220,349237644,349237644,349201227,349201227,348325768,348325768,277146762,277146762,
	
艺术娱乐	北京	344019917,48510028,344019917,292347411,48510028,292347411,351106143,48510028,351106143,41101588,48510028,41101588,318913382,48510028,318913382,350243609,48510028,350243609,346282105,48510028,346282105,349113933,48510028,349113933,348181968,48510028,348181968,340452938,48510028,340452938,
出版业	北京	
互联网	Marisa Hakurei	350857182,350857182,23598221,23598221,347321584,347321584,345933030,345933030,342679386,342679386,342483867,342483867,339651935,339651935,339320594,339320594,334968358,334968358,331930394,331930394,
广告	北京	277367992,277367992,268008364,268008364,336591222,336591222,268189551,268189551,301952210,301952210,310269740,310269740,35159928,35159928,340806302,340806302,333324095,333324095,348032762,348032762,
	小浣熊	39236212,39236212,21057553,21057553,288831030,288831030,326262765,326262765,320258043,320258043,268206325,268206325,318546309,318546309,307373951,307373951,300387669,300387669,297451480,297451480,







































































































