
	司机的自我修养	311321250,48510028,311321250,351099843,48510028,351099843,62080673,48510028,62080673,49648633,48510028,49648633,52908384,48510028,52908384,267630770,48510028,267630770,48487733,48510028,48487733,
	北京	346330089,48510028,346330089,346484670,48510028,346484670,332440020,48510028,332440020,330671869,48510028,330671869,271965305,48510028,271965305,20296247,48510028,20296247,325113773,48510028,325113773,324308541,48510028,324308541,322898816,48510028,322898816,319997919,48510028,319997919,
互联网	成都	350292725,350292725,349974076,349974076,350079402,350079402,350043460,350043460,20584744,20584744,345256340,345256340,341353733,341353733,342314453,342314453,325545605,325545605,339992319,339992319,
	ingredient list	320922816,320922816,320503837,320503837,291839248,291839248,279762998,279762998,277930650,277930650,277445401,277445401,276925473,276925473,277014581,277014581,277027405,277027405,276487499,276487499,
水利能源	沈阳	337736701,337736701,311885728,311885728,321078879,321078879,29288818,29288818,320946543,320946543,317838645,317838645,295751948,295751948,309933588,309933588,289548198,289548198,288324648,288324648,
互联网	北京	
	北京	52507433,52507433,39156929,39156929,39065271,39065271,
	我们的太空	304160528,48510028,304160528,351964089,48510028,351964089,351991857,48510028,351991857,351831350,48510028,351831350,351823646,48510028,351823646,351542727,48510028,351542727,349613825,48510028,349613825,348639185,48510028,348639185,347411547,48510028,347411547,347791409,48510028,347791409,
政府	湖南	320985173,320985173,347869019,347869019,351752719,351752719,349568449,349568449,311382617,311382617,351810026,351810026,343754603,343754603,347210268,347210268,339424230,339424230,339541457,339541457,
互联网	Azeroth	
高等教育	青岛	330993785,48510028,330993785,330235820,48510028,330235820,24811233,48510028,24811233,321695737,48510028,321695737,31502257,48510028,31502257,23305736,48510028,23305736,328450551,48510028,328450551,21466753,48510028,21466753,324256166,48510028,324256166,325166718,48510028,325166718,
电子游戏	上海	296598731,296598731,348770469,348770469,347250899,347250899,346238983,346238983,309687404,309687404,343824912,343824912,342412592,342412592,339296584,339296584,338483592,338483592,338528021,338528021,
高新科技	北京大学	325346550,48510028,325346550,34279916,48510028,34279916,349114865,48510028,349114865,348029595,48510028,348029595,329067254,48510028,329067254,53394745,48510028,53394745,276481621,48510028,276481621,337322950,48510028,337322950,333069012,48510028,333069012,315608112,48510028,315608112,
互联网	黄猫	303539827,303539827,281179300,281179300,21901731,21901731,22082457,22082457,20337411,20337411,20454315,20454315,27739717,27739717,24674958,24674958,20398841,20398841,19764746,19764746,
	动画学术趴	27408778,48510028,27408778,270318303,48510028,270318303,292261412,48510028,292261412,288600338,48510028,288600338,27613735,48510028,27613735,270145832,48510028,270145832,29381197,48510028,29381197,267189851,48510028,267189851,266829489,48510028,266829489,266592243,48510028,266592243,
	上海	278889927,278889927,278573113,278573113,68614831,68614831,37559307,37559307,65935124,65935124,66574831,66574831,30293614,30293614,66480166,66480166,40528670,40528670,34266946,34266946,
审计	洛杉矶	
互联网	北京	320775099,320775099,320415943,320415943,290813384,290813384,294121540,294121540,37127489,37127489,67781460,67781460,67572989,67572989,67726414,67726414,40984328,40984328,30445324,30445324,
渔业	
	绿皮工业	23165086,23165086,28725830,28725830,351312949,351312949,350632651,350632651,351704595,351704595,347023770,347023770,341282858,341282858,349852529,349852529,350904171,350904171,350249747,350249747,
	香港	304090066,48509984,304090066,34799792,48509984,34799792,266162539,48509984,266162539,34315321,48509984,34315321,65938579,48509984,65938579,64999069,48509984,64999069,61771508,48509984,61771508,61732400,48509984,61732400,61472620,48509984,61472620,60853987,48509984,60853987,
食品饮料业	上海	21738443,48510028,21738443,343850790,48510028,343850790,344865142,48510028,344865142,344788683,48510028,344788683,342272475,48510028,342272475,338376650,48510028,338376650,336253512,48510028,336253512,333463946,48510028,333463946,323400514,48510028,323400514,321107584,48510028,321107584,
互联网	上海	350734884,48509984,350734884,347599120,48509984,347599120,59057417,48509984,59057417,350941114,48509984,350941114,347495430,48509984,347495430,350243609,48509984,350243609,349675424,48509984,349675424,348478699,48509984,348478699,348308828,48509984,348308828,53727502,48509984,53727502,
	沈听雪	266464619,266464619,37471032,37471032,59737528,59737528,41576507,41576507,27191397,27191397,30236030,30236030,34623080,34623080,264137709,264137709,29632076,29632076,34817598,34817598,
教育	长沙	318019105,318019105,57411072,57411072,321239696,321239696,323710545,323710545,318781131,318781131,314919750,314919750,314471054,314471054,301671019,301671019,301203540,301203540,297064230,297064230,
互联网	北京	276338433,48510028,276338433,44299723,48510028,44299723,25097618,48510028,25097618,41219234,48510028,41219234,263522741,48510028,263522741,45603418,48510028,45603418,44951177,48510028,44951177,56262238,48510028,56262238,29446995,48510028,29446995,
互联网	北京	351343799,351343799,343411933,343411933,345549563,345549563,269184089,269184089,337037313,337037313,343163289,343163289,342742833,342742833,339893254,339893254,335583685,335583685,309312451,309312451,
石油工业	卡尔加里	19880954,19880954,46923664,46923664,19879625,31347495,31347495,41681286,41681286,19879625,19879625,19879191,19879191,28190855,28190855,28189717,28189717,
电子商务	网店小织	277445503,48510028,277445503,266132654,48510028,266132654,64665438,48510028,64665438,281754545,48510028,281754545,47526963,48510028,47526963,313325452,48510028,313325452,315471557,48510028,315471557,352094455,48510028,352094455,352093835,48510028,352093835,22493442,48510028,22493442,
计算机软件	湾区 (Bay Area)	269149582,48509984,269149582,52568938,48509984,52568938,64216682,48509984,64216682,24673963,48509984,24673963,63252485,48509984,63252485,63319070,48509984,63319070,54710787,48509984,54710787,52570020,48509984,52570020,28945854,48509984,28945854,48961286,48509984,48961286,
互联网	北京市	351360029,351360029,352085186,352085186,351787265,351787265,351374778,351374778,351387793,351387793,351388818,351388818,350650043,350650043,351360424,351360424,351143845,351143845,344701628,344701628,
	巴尔达诺	300593870,48510028,300593870,306281203,48510028,306281203,280462131,48510028,280462131,297473644,48510028,297473644,26959032,48510028,26959032,20332776,48510028,20332776,26576967,48510028,26576967,19993474,48510028,19993474,21444251,48510028,21444251,265553725,48510028,265553725,
科研	西安	338872631,48510028,338872631,39496448,48510028,39496448,351148107,48510028,351148107,337670520,48510028,337670520,26519773,48510028,26519773,350787653,48510028,350787653,28878205,48510028,28878205,56243371,48510028,56243371,348515819,48510028,348515819,347066022,48510028,347066022,
		341415289,341415289,19869956,19869956,30660963,30660963,327737781,327737781,264069172,264069172,317374066,317374066,318886895,318886895,324211119,324211119,323803143,323803143,323626538,323626538,
高等教育	英国	352473175,48510028,352473175,351920965,48510028,351920965,346862321,48510028,346862321,23448791,48510028,23448791,349870265,48510028,349870265,346198994,48510028,346198994,348916228,48510028,348916228,345282592,48510028,345282592,334189586,48510028,334189586,340516766,48510028,340516766,
	咳嗽不怕	295974041,295974041,295207688,295207688,295166309,295166309,295446854,295446854,294433626,294433626,294484355,294484355,294794163,294794163,40142654,40142654,293531104,293531104,293031303,293031303,
临床医疗		352173424,352173424,350336215,350336215,23155156,23155156,264969963,264969963,315022429,315022429,49357136,49357136,300711724,300711724,328188022,328188022,336816711,336816711,343661594,343661594,
广告	胡戈	348313105,48509984,348313105,347885799,48509984,347885799,22130480,48509984,22130480,347298428,48509984,347298428,320572797,48509984,320572797,344007724,48509984,344007724,343807402,48509984,343807402,67739607,48509984,67739607,341568969,48509984,341568969,340129878,48509984,340129878,

教育		337849481,48509984,337849481,346851695,48509984,346851695,344516844,48509984,344516844,333998580,48509984,333998580,337738410,48509984,337738410,337054373,48509984,337054373,314196301,48509984,314196301,320825564,48509984,320825564,320463906,48509984,320463906,319541863,48509984,319541863,
	美团技术团队	283272958,48510028,283272958,23312621,48510028,23312621,55556079,48510028,55556079,37116938,48510028,37116938,24558375,48510028,24558375,53274552,48510028,53274552,20870410,48510028,20870410,47987341,48510028,47987341,48487733,48510028,48487733,
	华农兄弟	51976252,51976252,275608259,275608259,
法律	上海市	351779111,48509984,351779111,351118441,48509984,351118441,350655387,48509984,350655387,29861427,48509984,29861427,348350686,48509984,348350686,349120697,48509984,349120697,346897709,48509984,346897709,61427887,48509984,61427887,347354112,48509984,347354112,345411976,48509984,345411976,
	
电子游戏	上海	351089498,351089498,351725547,351725547,351976108,351976108,351509783,351509783,351224378,351224378,350959281,350959281,34952657,34952657,350552622,350552622,349328758,349328758,349945259,349945259,
资本投资	上海市	349698023,349698023,20680677,20680677,341794467,341794467,268452520,268452520,42140088,42140088,336867884,336867884,329452232,329452232,328003866,328003866,327514341,327514341,22545625,22545625,
互联网	广州市	54530226,54530226,54046373,54046373,53854511,53854511,46956459,46956459,52862674,52862674,46640133,46640133,46209216,46209216,41817907,41817907,40458718,40458718,40396285,40396285,
咨询分析	胡立	61917117,61917117,346211289,346211289,294130577,294130577,341488319,341488319,341371045,341371045,329093197,329093197,336239245,336239245,313443799,313443799,333931111,333931111,328445015,328445015,
互联网	上海	316519085,316519085,24135486,24135486,278088820,278088820,267465811,267465811,341241738,341241738,22861066,22861066,26297181,26297181,33593693,33593693,268565616,268565616,65282366,65282366,
互联网	北京	348029701,48510028,348029701,318496731,48510028,318496731,304499020,
互联网	上海	301499138,301499138,21170281,21170281,35791737,35791737,60929471,60929471,47853499,47853499,21118345,21118345,50799813,50799813,50265935,50265935,34979179,34979179,43008607,43008607,
临床医疗	海淀区	274436416,48510028,274436416,335939587,48510028,335939587,305533266,48510028,305533266,349548263,48510028,349548263,337861885,48510028,337861885,347836280,48510028,347836280,282097882,48510028,282097882,263715583,48510028,263715583,346199460,48510028,346199460,340751272,48510028,340751272,
	Vogue服饰与美容	
互联网	北京市	342172376,342172376,326125696,326125696,310186247,310186247,311827320,311827320,321423286,321423286,330014058,330014058,330135947,330135947,330209011,330209011,57232418,57232418,296306547,296306547,
电子游戏	游戏前端	38842804,38842804,32296009,32296009,30820505,30820505,31079945,31079945,27489664,27489664,
汽车	重庆	335785880,48510028,335785880,346986666,48510028,346986666,346394062,48510028,346394062,343662824,48510028,343662824,322304369,48510028,322304369,333402826,48510028,333402826,335540141,48510028,335540141,21968938,48510028,21968938,309214951,48510028,309214951,325177150,48510028,325177150,
科研	杭州	328851820,328851820,300633395,300633395,23094626,23094626,297043060,297043060,296401528,296401528,64460892,64460892,294088771,294088771,283516310,283516310,20814897,20814897,281895917,281895917,
	知乎用户	
互联网	杭州	58498720,58498720,26297181,26297181,60288863,60288863,27029625,27029625,58133741,58133741,20102432,20102432,20469480,20469480,21033987,21033987,19866127,19866127,
	Yoko	
食品饮料业		
互联网	野狼獾	351659568,351659568,347533056,347533056,340957512,340957512,304290058,304290058,305348968,305348968,346456285,346456285,346688271,346688271,265169842,265169842,265787098,265787098,339494002,339494002,
	
	郑州	352171277,352171277,351843957,351843957,351900452,351900452,351502789,351502789,350788959,350788959,23713916,23713916,345953564,345953564,350857182,350857182,350067638,350067638,49180762,49180762,
广告	北京	352067954,48509984,352067954,351509783,48509984,351509783,344019917,48509984,344019917,351314759,48509984,351314759,351265626,48509984,351265626,350959281,48509984,350959281,349521049,48509984,349521049,347499297,48509984,347499297,349722950,48509984,349722950,338425968,48509984,338425968,
	机核	329934554,48510028,329934554,58491818,48510028,58491818,318322067,48510028,318322067,274654146,48510028,274654146,
广播电视	东京	349862752,349862752,348295929,348295929,317477937,317477937,345226718,345226718,347954489,347954489,350070973,350070973,48743568,48743568,268803538,268803538,348402793,348402793,50363347,50363347,
	电气工程师	352364249,48509984,352364249,352321760,48509984,352321760,351918727,48509984,351918727,352374275,48509984,352374275,352200405,48509984,352200405,266836494,48509984,266836494,351046928,48509984,351046928,351875122,48509984,351875122,350768129,48509984,350768129,351967113,48509984,351967113,
艺术娱乐	上海	351574168,351574168,265204791,265204791,347163228,347163228,347497848,347497848,36100933,36100933,342308172,342308172,341237991,341237991,325967167,325967167,20242106,20242106,334973415,334973415,
	RetroPC	46853381,46853381,49710178,49710178,22156801,22156801,271068128,271068128,50508283,50508283,
	知识星球：https:\u002F\u002Ft.xiaomiquan.com\u002FUBMJMn6	350614145,350614145,349951077,349951077,346965791,346965791,344549330,344549330,336819313,336819313,332671808,332671808,332184159,332184159,329689396,329689396,266108003,266108003,328132832,328132832,
高等教育	多伦多	351894873,351894873,346049678,346049678,338061411,338061411,347011915,347011915,346122954,346122954,343403115,343403115,339384135,339384135,339525331,339525331,48865367,48865367,335530471,335530471,
特殊教育	中国	348105182,348105182,32326226,32326226,278213527,278213527,20756458,20756458,22306097,22306097,33112559,33112559,58452083,58452083,58370394,58370394,31336814,31336814,20082759,20082759,
	
国防军事	北京	349937232,349937232,265648362,265648362,263839752,263839752,26804714,26804714,347285073,347285073,348923546,348923546,348299334,348299334,21030735,21030735,28782104,28782104,19676836,19676836,
计算机软件	绯红	39236372,39236372,65191246,65191246,62221101,62165927,62165927,61789263,61789263,57521196,57521196,54833966,54833966,52385518,52385518,50265706,50265706,50278969,50278969,48990103,48990103,
	Andy	309655046,309655046,
	
资本投资	美国	21997719,21997719,19929151,19929151,19677735,19677735,19897051,19897051,
	会员	58742248,58742248,273968354,273968354,268065793,268065793,268303873,268303873,53359163,53359163,50932073,50932073,47587261,47587261,46943058,46943058,
电子游戏	魔都上海	347489704,347489704,347495742,347495742,347453583,347453583,344615809,344615809,342548080,342548080,339265656,339265656,333672503,333672503,280814833,280814833,327961703,327961703,324921302,324921302,
培训	成都	332684032,332684032,56616040,56616040,318441544,318441544,331399221,331399221,328298332,328298332,327538678,327538678,328512816,328512816,68493292,68493292,21892677,21892677,48320022,48320022,
美容	东京	42049554,42049554,313099082,313099082,312792261,312792261,311509494,311509494,312748279,312748279,311964346,311964346,303683416,303683416,27652145,27652145,267977129,267977129,297965145,297965145,
	知足常乐	350790518,350790518,347503862,347503862,304110962,304110962,338470292,338470292,348830362,348830362,345750361,345750361,338228778,338228778,326555804,326555804,340370954,340370954,330841626,330841626,
电子游戏	上海	65875167,65875167,58607327,58607327,20247779,20247779,23974857,23974857,23829786,23829786,22308401,22308401,22143823,22143823,21174241,21174241,21063697,21063697,20898945,20898945,

互联网	北京	
法律	盐城	339916382,339916382,277873432,277873432,278071458,278071458,266422748,266422748,266301991,266301991,266000439,266000439,265804861,265804861,53507083,53507083,63550287,63550287,62321743,62321743,
艺术娱乐	调色师	264572774,264572774,50575876,50575876,
资本投资	伦敦	63846701,48509984,63846701,31222342,48509984,31222342,56313752,48509984,56313752,61699343,48509984,61699343,19839233,48509984,19839233,39574777,48509984,39574777,52619737,48509984,52619737,51631108,48509984,51631108,50115346,48509984,50115346,48692513,48509984,48692513,
	寒川千代	340516581,340516581,325284393,325284393,292497918,292497918,271934519,271934519,41956859,41956859,346709712,346709712,274885830,274885830,341513520,341513520,288290769,288290769,332872568,332872568,
	知乎电影	344019917,48510028,344019917,333519959,48510028,333519959,341994002,48510028,341994002,342936488,48510028,342936488,
创意艺术	广州市	
互联网	上海	348079217,48510028,348079217,351741173,48510028,351741173,351122226,48510028,351122226,352085186,48510028,352085186,352076986,48510028,352076986,352080473,48510028,352080473,351878598,48510028,351878598,348101584,48510028,348101584,351008278,48510028,351008278,350806549,48510028,350806549,
电子游戏	上海	341413814,48510028,341413814,302883309,48510028,302883309,304624564,48510028,304624564,20549462,48510028,20549462,323037449,48510028,323037449,57561384,48510028,57561384,317072871,48510028,317072871,316415842,48510028,316415842,305965824,48510028,305965824,61054911,48510028,61054911,
	舟山带鱼养殖基地	350068974,350068974,349898069,349898069,348350686,348350686,347011915,347011915,346953646,346953646,330205656,330205656,343380171,343380171,342781494,342781494,340486158,340486158,341025945,341025945,
大宗交易	Penny	29371567,29371567,48886507,48886507,347668696,347668696,345852196,345852196,345568381,345568381,345633832,345633832,345073122,345073122,344754591,344754591,345056581,345056581,20796117,20796117,
	大梦想程序商店	29147727,48510028,29147727,21940510,48510028,21940510,36546814,48510028,36546814,265726340,48510028,265726340,277398226,48510028,277398226,47045516,48510028,47045516,266021832,48510028,266021832,55262852,48510028,55262852,272485925,48510028,272485925,54580383,48510028,54580383,
	广州市	349872638,349872638,340745974,340745974,338904971,338904971,24972957,24972957,286733591,286733591,330140084,330140084,21324597,21324597,327053942,327053942,325011307,325011307,326780069,326780069,
电子游戏	上海	300267643,48509984,300267643,329315479,48509984,329315479,301323770,48509984,301323770,265343815,48509984,265343815,264826607,48509984,264826607,67386025,48509984,67386025,56777908,48509984,56777908,47890965,48509984,47890965,47686557,48509984,47686557,41303504,48509984,41303504,
法律		
金融	亚洲	350234419,48510028,350234419,350369710,48510028,350369710,349339740,48510028,349339740,350780694,48510028,350780694,348861832,48510028,348861832,346895765,48510028,346895765,346696497,48510028,346696497,345707368,48510028,345707368,344713145,48510028,344713145,337581477,48510028,337581477,
机械设备	追风的树叶	61015531,61015531,52157612,52157612,20394372,20394372,21117118,21117118,30362260,30362260,60868140,60868140,30163159,30163159,60110006,60110006,34932457,34932457,61031948,61031948,
环境保护	中国科学技术大学	344094578,344094578,343469809,343469809,327138354,327138354,
	上海	319582963,48510028,319582963,346107332,48510028,346107332,342166062,48510028,342166062,317012455,48510028,317012455,49930654,48510028,49930654,316195740,48510028,316195740,315243399,48510028,315243399,20104593,48510028,20104593,302882000,48510028,302882000,299625105,61113254,48510028,61113254,
互联网	北京	
创意艺术	深圳市	344954093,344954093,324981875,324981875,312769000,312769000,314192065,314192065,312943692,312943692,298094608,298094608,306801956,306801956,275830694,275830694,292022029,292022029,269683905,269683905,
信息传媒	留学英国	348783386,348783386,349983608,349983608,31053840,31053840,348957764,348957764,345420582,345420582,348788482,348788482,347745552,347745552,19591218,19591218,346421163,346421163,344036237,344036237,
汽车	上海	352461022,48510028,352461022,352228356,48510028,352228356,323505422,48510028,323505422,351300910,48510028,351300910,37647238,48510028,37647238,350788339,48510028,350788339,349636210,48510028,349636210,350788619,48510028,350788619,350788807,48510028,350788807,343600404,48510028,343600404,
	洛杉矶	
互联网	南京	351008278,351008278,351036384,351036384,350915528,350915528,349598228,349598228,348685156,348685156,346762535,346762535,346450641,346450641,345431917,345431917,345217293,345217293,343431810,343431810,
艺术娱乐	郑州	344754554,48509984,344754554,337571446,48509984,337571446,337583006,48509984,337583006,20381905,48509984,20381905,312410230,48509984,312410230,323952641,48509984,323952641,312441969,48509984,312441969,311221580,48509984,311221580,300221508,48509984,300221508,276297249,48509984,276297249,
互联网	北京市	352048828,48509984,352048828,352171277,48509984,352171277,352108632,48509984,352108632,352222192,48509984,352222192,21818075,48509984,21818075,351706516,48509984,351706516,351920965,48509984,351920965,351413532,48509984,351413532,27058325,48509984,27058325,351316749,48509984,351316749,
法律	新加坡	
	美国	307414042,307414042,309452810,309452810,277221676,277221676,35881647,35881647,26523258,26523258,63312622,63312622,20167901,20167901,36226425,36226425,64072861,64072861,65028549,65028549,22293710,29190736,
非营利组织	郑州	325701747,325701747,280322120,280322120,55105547,55105547,265352009,265352009,344400045,344400045,31154313,31154313,33539457,33539457,342623108,342623108,278110000,278110000,335429014,335429014,
广播电视	北京市朝阳区	281733931,48510028,281733931,269514982,48510028,269514982,62190658,48510028,62190658,62537113,48510028,62537113,24198847,48510028,24198847,61066763,48510028,61066763,60644783,48510028,60644783,59453243,48510028,59453243,46877037,48510028,46877037,30529459,48510028,30529459,
财务	天津城南开洼地八里台	29325356,29325356,352376347,352376347,19719224,19719224,352068250,352068250,351420921,351420921,351511010,351511010,352062514,352062514,352296151,352296151,352177868,352177868,350264159,350264159,
	羽毛球	351688736,48509984,351688736,349598228,48509984,349598228,348314136,48509984,348314136,347726589,48509984,347726589,347167322,48509984,347167322,346992479,48509984,346992479,346749488,48509984,346749488,346812557,48509984,346812557,346479878,48509984,346479878,344730666,48509984,344730666,
	往生已逝	50191499,50191499,38757436,38757436,37994622,37994622,36046268,36046268,26622567,26622567,24517975,24517975,24507241,24507241,20453739,20453739,20351249,20351249,19812078,19812078,
艺术娱乐	银河系	350659948,48509984,350659948,351108862,48509984,351108862,337895103,48509984,337895103,338378919,48509984,338378919,20409301,20409301,48509984,20409301,298900550,48509984,298900550,332192284,48509984,332192284,325840869,48509984,325840869,316062439,48509984,316062439,321916274,48509984,321916274,
高等教育	北京	285730290,48510028,285730290,351581921,48510028,351581921,351001516,48510028,351001516,265777378,48510028,265777378,349813561,48510028,349813561,20453193,48510028,20453193,344843450,48510028,344843450,348567643,48510028,348567643,22189564,48510028,22189564,345395498,48510028,345395498,
	冷衍	351508151,351508151,328619340,328619340,326873773,326873773,
	人工智能	322335739,48510028,322335739,26754848,48510028,26754848,66949369,48510028,66949369,25866010,48510028,25866010,20337132,48510028,20337132,322530705,48510028,322530705,322651220,48510028,322651220,28196675,48510028,28196675,333671830,48510028,333671830,27529154,48510028,27529154,
	AU茄子	296278616,48510028,296278616,294824127,48510028,294824127,
高等教育	杭州	344806065,48510028,344806065,349809749,48510028,349809749,352108632,48510028,352108632,347084952,48510028,347084952,19656357,48510028,19656357,347439621,48510028,347439621,340356461,48510028,340356461,32306859,48510028,32306859,20406142,48510028,20406142,351304269,48510028,351304269,
互联网		31937124,31937124,32276442,32276442,62972819,62972819,308662400,308662400,336840672,336840672,286525154,286525154,348318313,348318313,304970889,304970889,26111344,26111344,266586355,266586355,
电子游戏	洛杉矶	
餐饮	北京	350101128,350101128,351566850,351566850,351032767,351032767,350674228,350674228,351970685,351970685,19681890,19681890,49588827,49588827,352075847,352075847,350868644,350868644,265308980,265308980,
科研	香港科技大学 (HKUST)	
	汪惟	349862723,48509984,349862723,347728539,48509984,347728539,349408724,48509984,349408724,334485083,48509984,334485083,345282592,48509984,345282592,344709246,48509984,344709246,345687356,48509984,345687356,344293653,48509984,344293653,344156081,48509984,344156081,344233234,48509984,344233234,
	知乎用户	
	凉皮	63345802,63345802,
创意艺术	北京	351758452,48509984,351758452,336431847,48509984,336431847,60257635,48509984,60257635,324291565,48509984,324291565,351342332,48509984,351342332,350152174,48509984,350152174,347354047,48509984,347354047,346827522,48509984,346827522,348905162,48509984,348905162,22958460,48509984,22958460,
	北京	
	中国	324848787,324848787,320757143,320757143,298307391,298307391,282499675,282499675,272205292,272205292,263393425,263393425,292039485,292039485,63261471,63261471,290240859,290240859,
娱乐休闲	上海	318905307,318905307,351758452,351758452,351741173,351741173,351721575,351721575,350605172,350605172,35594147,35594147,348145814,348145814,347953882,347953882,34859417,34859417,21953595,21953595,
创意艺术	杭州	351312949,48510028,351312949,350298815,48510028,350298815,349675424,48510028,349675424,347489182,48510028,347489182,343348904,48510028,343348904,343033809,48510028,343033809,340697469,48510028,340697469,337696478,48510028,337696478,336777001,48510028,336777001,57183057,48510028,57183057,
科研	北京	349782877,349782877,349215148,349215148,345588920,345588920,344072428,344072428,336385874,336385874,336135603,336135603,329855267,329855267,335842341,335842341,334691608,334691608,333623191,333623191,
法律	北京	271618627,48510028,271618627,267713450,48510028,267713450,60113195,48510028,60113195,57961848,48510028,57961848,66770322,48510028,66770322,59614208,48510028,59614208,50832573,55642773,48510028,55642773,48840916,48510028,48840916,52959387,48510028,52959387,21140914,48510028,21140914,26840075,
	飍飍	27928869,27928869,271960515,271960515,55319139,55319139,
互联网	上海	
互联网	北京	351782671,351782671,341938727,341938727,24700472,24700472,337970710,337970710,349513003,349513003,329695005,329695005,310278668,310278668,347864486,347864486,343918658,343918658,346932256,346932256,
渔业	日本动画	21002845,48509984,21002845,350880032,48509984,350880032,351047511,48509984,351047511,351453558,48509984,351453558,351835175,48509984,351835175,351092300,48509984,351092300,351583196,48509984,351583196,326797252,48509984,326797252,36904508,48509984,36904508,351340726,48509984,351340726,
高新科技	Eindhoven,Netherlands	341753367,48510028,341753367,276039146,48510028,276039146,27534472,48510028,27534472,349942003,48510028,349942003,32330571,48510028,32330571,23913984,48510028,23913984,314472784,48510028,314472784,59984374,348029779,48510028,348029779,348029595,48510028,348029595,338799392,48510028,338799392,
互联网	北京	20752583,20752583,67711332,67711332,20102004,20102004,20279546,20279546,19861122,19861122,20165440,20165440,19924314,19924314,19687666,19687666,19608249,19608249,19922634,19922634,
	Sydney	29596552,29596552,268756109,268756109,268055921,268055921,266277888,266277888,
	厨房人类	324159947,48510028,324159947,321287508,48510028,321287508,349423336,48510028,349423336,351105648,48510028,351105648,349352691,48510028,349352691,350522472,48510028,350522472,350823185,48510028,350823185,348370903,48510028,348370903,344174066,48510028,344174066,348508571,48510028,348508571,
	时尚先生Esquire	
电子游戏	清华大学	352381353,352381353,341695030,341695030,351550524,351550524,337503211,337503211,350754533,350754533,350752644,350752644,349719264,349719264,349793358,349793358,348043945,348043945,348529113,348529113,
咨询分析	纽约	299700466,48510028,299700466,349685679,48510028,349685679,349942003,48510028,349942003,292091101,48510028,292091101,318913382,48510028,318913382,63936962,48510028,63936962,347835822,48510028,347835822,348131574,48510028,348131574,344080799,48510028,344080799,348028641,48510028,348028641,
	北京	21552953,48509984,21552953,19929609,48509984,19929609,21872457,48509984,21872457,49681481,48509984,49681481,22999912,48509984,22999912,26166417,48509984,26166417,41993364,48509984,41993364,34864740,48509984,34864740,21443455,48509984,21443455,32164316,48509984,32164316,
互联网	知乎用户	
	厨室机密	273668704,273668704,19574354,19574354,64424419,64424419,50100802,50100802,23776540,23776540,55103641,55103641,59981693,59981693,59141807,59141807,58846658,58846658,59093874,59093874,
科研	香港	
景观	--	315566198,315566198,314614889,314614889,315124362,315124362,271637204,271637204,63162370,63162370,61855978,61855978,61455115,61455115,60455255,60455255,34200585,34200585,57891991,57891991,
互联网	北京	293839619,293839619,296249076,296249076,264680787,264680787,264005758,264005758,68443497,68443497,68546899,68546899,67223616,67223616,24339585,24339585,63285513,63285513,36179715,36179715,
计算机硬件	Los Altos	25551786,25551786,345099419,345099419,266586355,266586355,288874624,288874624,346673824,346673824,288797213,288797213,346708717,346708717,346165736,346165736,24354832,24354832,341272357,341272357,
政府	大俄亥俄首府	351875084,351875084,351165549,351165549,315745653,315745653,349629354,349629354,349373671,349373671,49219202,49219202,54957651,54957651,349545655,349545655,348608210,348608210,346253906,346253906,
高等教育	清华大学	
高等教育	上海	349239191,48510028,349239191,348211067,48510028,348211067,346015753,48510028,346015753,40224611,48510028,40224611,336327020,48510028,336327020,335078504,48510028,335078504,335732417,48510028,335732417,53788217,48510028,53788217,333822277,48510028,333822277,324500327,48510028,324500327,
	骑马与砍杀中文站	349675596,48510028,349675596,338375291,48510028,338375291,341804897,48510028,341804897,341642102,48510028,341642102,
	怎么就木有人关注我	350267804,350267804,340893368,340893368,343376935,343376935,340310905,340310905,338473938,338473938,47226141,47226141,317094787,317094787,40902078,40902078,325370491,325370491,271057874,271057874,
	
	杭州	291073226,48510028,291073226,273746699,48510028,273746699,29538229,48510028,29538229,267159080,48510028,267159080,24522356,48510028,24522356,265768425,48510028,265768425,264967803,48510028,264967803,265270359,48510028,265270359,61197176,48510028,61197176,264383233,48510028,264383233,
	潘谨勤	54588972,54588972,20344222,20344222,49085296,49085296,46097429,46097429,27508845,27508845,21416144,21416144,20173612,20173612,20133728,20133728,20164425,20164425,
电子商务		351607398,351607398,352342226,352342226,316017797,316017797,343995869,343995869,337702501,337702501,277358256,277358256,350337824,350337824,347886667,347886667,339892424,339892424,321748790,321748790,
教育	西雅图（Seattle）	346908676,48510028,346908676,338528528,48510028,338528528,323480330,48510028,323480330,319952294,48510028,319952294,321083459,48510028,321083459,320650054,48510028,320650054,306118688,48510028,306118688,265242751,48510028,265242751,286792173,48510028,286792173,38334372,48510028,38334372,
	王猛	41418098,41418098,
土砂石开采		308756370,308756370,318739314,318739314,303374530,303374530,303986034,303986034,311563763,311563763,313906196,313906196,312899951,312899951,304174913,304174913,310154395,310154395,311197506,311197506,
政府	武汉	40315645,40315645,349598228,349598228,310626210,310626210,32237866,32237866,341470490,341470490,271212996,271212996,340534076,340534076,315370573,315370573,346522169,346522169,318163620,318163620,
非营利组织	北京	343368730,343368730,26455807,26455807,322437362,322437362,318330276,318330276,319440195,319440195,19612095,19612095,311261008,311261008,317587864,317587864,317889460,317889460,316886383,316886383,
金融	Shanghai	21271405,21271405,21081108,21081108,
互联网	杭州	300387669,300387669,305583541,305583541,306509803,306509803,305969546,305969546,288049006,288049006,283724186,283724186,66540059,66540059,37675758,37675758,45204818,45204818,55516313,55516313,
	香港浸会大学	
	东京	270950909,270950909,31263763,31263763,277903358,277903358,276638436,276638436,267348957,267348957,29553890,29553890,37240083,37240083,20734909,20734909,68304245,68304245,56748730,56748730,
	汽车	24629154,48510028,24629154,325362108,48510028,325362108,309519538,48510028,309519538,34331228,48510028,34331228,299152467,48510028,299152467,57325310,48510028,57325310,295374351,48510028,295374351,295279030,48510028,295279030,26613082,48510028,26613082,271501672,48510028,271501672,51150780,
高等教育	北京	341336919,48510028,341336919,23713916,48510028,23713916,348029701,48510028,348029701,306249128,341845058,48510028,341845058,19560612,48510028,19560612,336410972,48510028,336410972,22700005,48510028,22700005,264763117,48510028,264763117,329069499,48510028,329069499,325144561,48510028,325144561,

互联网	沈阳	
进出口贸易	上海	20526656,20526656,318720769,318720769,347645932,347645932,351782225,351782225,351528139,351528139,334483109,334483109,351568781,351568781,350909610,350909610,351245615,351245615,350329620,350329620,
信息传媒		348959251,48510028,348959251,324664130,48510028,324664130,270215994,48510028,270215994,312025129,48510028,312025129,31217962,48510028,31217962,269697702,48510028,269697702,265561633,48510028,265561633,37263457,48510028,37263457,67522164,48510028,67522164,52152930,48510028,52152930,
汽车	小正新能源解说	349494295,349494295,347585177,347585177,53375784,53375784,310540268,310540268,341615168,341615168,339347108,339347108,339777231,339777231,337197475,337197475,338919219,338919219,334002142,334002142,
	重庆大学	268032427,268032427,34353723,34353723,39009552,39009552,27074385,27074385,25378124,25378124,54637529,54637529,50667458,50667458,27010816,27010816,35414364,35414364,37104257,37104257,
科研	Tardis	352387157,48510028,352387157,349953108,48510028,349953108,351623792,48510028,351623792,351448451,48510028,351448451,347770564,48510028,347770564,266608049,48510028,266608049,350252837,48510028,350252837,349454074,48510028,349454074,348271770,48510028,348271770,340860437,48510028,340860437,
	签约主播	
临床医疗	宜昌市	352299328,352299328,312161865,312161865,307544087,307544087,27708521,27708521,350690005,350690005,323265772,323265772,290214441,290214441,22895509,22895509,346243406,346243406,21940871,21940871,
咨询分析	上海	24632706,24632706,19857821,19857821,19941282,19941282,19946343,19946343,19854013,19854013,19865174,19865174,19815229,19815229,19813918,19813918,19810073,19810073,19602632,19602632,
	北京	39495493,39495493,54562606,54562606,24135486,24135486,29872891,29872891,28964351,28964351,25670989,25670989,26804641,26804641,21808065,21808065,20686650,20686650,21396054,21396054,
	林带鱼w	351958284,351958284,349316625,349316625,351351169,351351169,350675490,350675490,347548153,347548153,346993906,346993906,345938341,345938341,346417774,346417774,343761058,343761058,339548424,339548424,
电子游戏	石家庄	350588668,48510028,350588668,344550381,48510028,344550381,351725547,48510028,351725547,329320733,48510028,329320733,350935125,48510028,350935125,317339918,317339918,48510028,317339918,351224378,48510028,351224378,349778409,48510028,349778409,341721545,48510028,341721545,310065369,48510028,310065369,
	allenzhang	
	Sunni	292092241,292092241,53851803,53851803,284477531,284477531,271590877,271590877,
电子游戏	惟生	349277847,349277847,65213469,65213469,334053396,334053396,337986596,337986596,324459830,324459830,320757143,320757143,60081832,60081832,318855283,318855283,305923767,305923767,28955271,28955271,
临床医疗	上海	350336215,48510028,350336215,348029595,48510028,348029595,349548263,48510028,349548263,341063544,48510028,341063544,347495742,48510028,347495742,347354112,48510028,347354112,347268325,48510028,347268325,346949677,48510028,346949677,346080508,48510028,346080508,346758272,48510028,346758272,
	首都警备司令部司令	331129666,331129666,40044268,40044268,323835771,323835771,22501560,22501560,264213401,264213401,352001523,352001523,346089628,346089628,55924037,55924037,54220610,54220610,351480037,351480037,
	西安	
	萌爪医生	321931313,48510028,321931313,36537491,48510028,36537491,21004422,48510028,21004422,278924939,48510028,278924939,278432895,48510028,278432895,275607596,48510028,275607596,66613701,48510028,66613701,51468021,48510028,51468021,65619825,48510028,65619825,49771306,48510028,49771306,
	第六感	335576615,335576615,327906843,327906843,346392911,346392911,332453275,332453275,340232627,340232627,320459580,320459580,319971314,319971314,320075978,320075978,319844765,319844765,20253302,20253302,
	景略集智	28283196,28283196,303429978,303429978,36853910,36853910,20254139,20254139,45422825,45422825,266856019,266856019,33569644,33569644,268375146,268375146,24031121,24031121,50275481,50275481,
互联网	山东	351542747,351542747,351033398,351033398,351239565,351239565,350937329,350937329,349773698,349773698,349637239,349637239,344700157,344700157,342350523,342350523,337186079,337186079,334312334,334312334,
科研	天津	349705396,48509984,349705396,65357795,48509984,65357795,348345598,48509984,348345598,340827879,48509984,340827879,48515554,48509984,48515554,348286509,48509984,348286509,344313665,48509984,344313665,340860756,48509984,340860756,334290524,48509984,334290524,337782308,48509984,337782308,
电子游戏	北京	
电子游戏	北京	351011770,48510028,351011770,349824540,48510028,349824540,344723560,48510028,344723560,325249500,48510028,325249500,336750450,48510028,336750450,325377042,48510028,325377042,314934386,48510028,314934386,316784763,48510028,316784763,316656170,48510028,316656170,315538471,48510028,315538471,
汽车	苏州工业园区	341629490,341629490,66217463,66217463,27620962,27620962,346701513,346701513,267562237,267562237,27952897,27952897,28443342,28443342,26805104,26805104,26620942,26620942,
教育	北京	24189696,48509984,24189696,22740007,48509984,22740007,26044440,48509984,26044440,30602857,48509984,30602857,280525031,48509984,280525031,327648566,48509984,327648566,24821622,48509984,24821622,66337727,48509984,66337727,28826602,48509984,28826602,19670995,48509984,19670995,
	北京	346932256,346932256,345662701,345662701,338754796,338754796,310186247,310186247,20518591,20518591,308866870,308866870,292774534,292774534,267127046,267127046,64731812,64731812,49939343,49939343,
	安徽省	338226156,48510028,338226156,272229091,48510028,272229091,304233761,48510028,304233761,
科研	厦门	339328495,48509984,339328495,313268969,48509984,313268969,315820831,48509984,315820831,322686063,48509984,322686063,320020251,48509984,320020251,298394539,48509984,298394539,68208296,48509984,68208296,291440789,48509984,291440789,290367626,48509984,290367626,58063369,48509984,58063369,
互联网	浙江	19988840,48510028,19988840,271940490,48510028,271940490,22139035,48510028,22139035,324978602,48510028,324978602,22204774,48510028,22204774,68103156,48510028,68103156,27925812,48510028,27925812,22378218,48510028,22378218,21430286,48510028,21430286,37226968,48510028,37226968,
体育健身	上海	348508659,48510028,348508659,348456802,48510028,348456802,348412287,48510028,348412287,345199894,48510028,345199894,341679919,48510028,341679919,343474432,48510028,343474432,344110017,48510028,344110017,337893197,48510028,337893197,338484750,48510028,338484750,341289874,48510028,341289874,
电子游戏	Next Studios	346378288,48509984,346378288,344093057,48509984,344093057,341986107,48509984,341986107,282849088,48509984,282849088,286903291,48509984,286903291,35298247,48509984,35298247,297844630,48509984,297844630,292784075,48509984,292784075,285995615,48509984,285995615,49752795,48509984,49752795,
互联网	北京	
金融	上海	350215777,350215777,344823594,344823594,28591246,28591246,331075535,331075535,68478462,68478462,309415265,309415265,301393487,301393487,21908634,21908634,267027873,267027873,284939230,284939230,
创意艺术		286782174,286782174,301611938,301611938,299053467,299053467,296862874,296862874,293513066,293513066,292243843,292243843,291311801,291311801,20015850,20015850,288730497,288730497,284909667,284909667,
	国士无双	24381635,24381635,350447763,350447763,62435765,62435765,352255885,352255885,351906859,351906859,351572126,351572126,349982086,349982086,19719224,19719224,349594967,349594967,24584432,24584432,
	CJMcCollum	29888808,48510028,29888808,337874022,48510028,337874022,27334576,48510028,27334576,
电子商务	武汉	32110547,32110547,349335257,349335257,351165549,351165549,350940095,350940095,346690458,346690458,351574168,351574168,351706516,351706516,30653168,30653168,47987880,47987880,345832087,345832087,
汽车	工科男老王	350191144,350191144,349992326,349992326,350123333,350123333,280402448,280402448,333453669,333453669,332155517,332155517,331898597,331898597,331904252,331904252,323085980,323085980,324761077,324761077,
互联网	北京	350206088,48510028,350206088,345701163,48510028,345701163,345283912,48510028,345283912,344763924,48510028,344763924,340134550,48510028,340134550,332699841,48510028,332699841,19568396,302311885,48510028,302311885,315361987,48510028,315361987,297841881,48510028,297841881,25332314,48510028,25332314,
咨询分析	北京	350193943,350193943,348469820,348469820,345200668,345200668,340550622,340550622,334559987,334559987,337321740,337321740,63130324,63130324,335602707,335602707,335135737,335135737,333897669,333897669,
电子游戏	引擎开发	349824540,48510028,349824540,350107688,48510028,350107688,67473950,48510028,67473950,25365330,48510028,25365330,318061685,48510028,318061685,317842711,48510028,317842711,317591049,48510028,317591049,317310073,48510028,317310073,317197327,48510028,317197327,317185925,48510028,317185925,
食品饮料业	上海	307512002,48509984,307512002,293453115,48509984,293453115,23978853,48509984,23978853,42004753,48509984,42004753,68546899,48509984,68546899,64218326,48509984,64218326,38624160,48509984,38624160,36560129,48509984,36560129,33977129,48509984,33977129,51869681,48509984,51869681,
教育	南京	64745534,48509984,64745534,323112098,48509984,323112098,65641135,48509984,65641135,59317341,48509984,59317341,57306856,48509984,57306856,51585619,48509984,51585619,30487224,48509984,30487224,50229314,48509984,50229314,47919709,48509984,47919709,44450054,48509984,44450054,
博彩	New Brunswick \u002F Brown \u002F Newark \u002F Piscataway Camden	352213496,352213496,351282553,351282553,306974370,306974370,351466683,351466683,349474045,349474045,347072070,347072070,340083578,340083578,339306202,339306202,335255256,335255256,268752650,268752650,
博物馆	北京	40028642,40028642,47045516,47045516,263678290,263678290,68014919,68014919,29183631,29183631,273866042,273866042,22866524,22866524,321211386,321211386,46680759,46680759,25368703,25368703,
教育	长沙	310225052,310225052,345269035,345269035,31089526,31089526,335903203,335903203,68201761,68201761,28151094,28151094,323426926,323426926,301953891,301953891,266966057,266966057,310868294,310868294,
	知乎用户	
广告	北京	345715558,48509984,345715558,351156756,48509984,351156756,350079196,48509984,350079196,349675596,48509984,349675596,346699949,48509984,346699949,29887765,48509984,29887765,339369090,48509984,339369090,346314264,48509984,346314264,313514508,48509984,313514508,345725012,48509984,345725012,
科研	开曼群岛	
出版业	辽宁省	277602071,277602071,348609757,348609757,271705647,271705647,265527652,265527652,344545420,344545420,350774740,350774740,343053772,343053772,350783243,350783243,330933230,330933230,275392040,275392040,
娱乐休闲	北京	
铁路运输	山西	277723196,277723196,66207390,66207390,23075570,23075570,310067643,310067643,278726038,278726038,40928865,40928865,27601479,27601479,64182132,64182132,301983482,301983482,330840262,330840262,
高等教育	北京市朝阳区东四环	334627619,48509984,334627619,327311693,48509984,327311693,19819957,48509984,19819957,324137789,48509984,324137789,320663787,48509984,320663787,317383267,48509984,317383267,36756803,48509984,36756803,314262952,48509984,314262952,284128568,48509984,284128568,303489055,48509984,303489055,
化工业	上海	
互联网	北京	285252029,285252029,20583784,20583784,275614039,275614039,
	电子竞技	351899528,48510028,351899528,350167168,48510028,350167168,347985708,48510028,347985708,346527871,48510028,346527871,344930735,48510028,344930735,344993003,48510028,344993003,344105565,48510028,344105565,343908125,48510028,343908125,342338503,48510028,342338503,341101166,48510028,341101166,
	日本	288029826,288029826,
	网易体育	346372237,48510028,346372237,61898579,48510028,61898579,352237500,48510028,352237500,349483923,48510028,349483923,352147808,48510028,352147808,290534479,48510028,290534479,304174913,48510028,304174913,320010349,48510028,320010349,351218630,48510028,351218630,350771528,48510028,350771528,
教育	成都	47755839,47755839,48299892,48299892,45947060,45947060,21175629,21175629,277738923,277738923,32303676,32303676,27177565,27177565,318519272,318519272,29619587,29619587,24417782,24417782,
	波波维奇	324127219,324127219,297567812,297567812,
		348470054,348470054,312849874,312849874,
	宁波	
	美团无人配送	64987081,48510028,64987081,314004891,48510028,314004891,35788789,48510028,35788789,51788678,48510028,51788678,54862155,48510028,54862155,52102239,48510028,52102239,
广播电视	杭州	266736380,266736380,280228371,280228371,21164289,21164289,344709246,344709246,342622820,342622820,38681841,38681841,339697128,339697128,338378919,338378919,333080285,333080285,331962845,331962845,
	刘看山福利社	351145503,48510028,351145503,36071560,48510028,36071560,351143845,48510028,351143845,343247440,48510028,343247440,343187633,48510028,343187633,340478420,48510028,340478420,21688284,48510028,21688284,295883762,48510028,295883762,323689116,48510028,323689116,275632612,48510028,275632612,
互联网	北京	
	大美	347376128,347376128,351399437,351399437,25973398,25973398,350127823,350127823,279380520,279380520,30645426,30645426,336393845,336393845,348141826,348141826,297157565,297157565,284142076,284142076,
医疗服务	上海	343526574,48510028,343526574,343535134,48510028,343535134,280429101,48510028,280429101,343819759,48510028,343819759,339349453,48510028,339349453,343499950,48510028,343499950,289694576,48510028,289694576,343173990,48510028,343173990,21993559,48510028,21993559,312253674,48510028,312253674,
	公子V	351133657,351133657,350857182,350857182,347495742,347495742,342318692,342318692,322666481,322666481,285582826,285582826,341049216,341049216,340023541,340023541,308413756,308413756,332507628,332507628,
信息传媒	北京	269773382,269773382,349691593,349691593,349483293,349483293,342223772,342223772,341476427,341476427,340816725,340816725,339826712,339826712,338889590,338889590,338545338,338545338,337623694,337623694,
创意艺术	伦敦（Greater London）	281990949,281990949,54706525,54706525,51553676,51553676,28472804,28472804,39566783,39566783,51532894,51532894,35785303,35785303,
	知乎用户	
互联网	西安	349911918,349911918,349675424,349675424,349262498,349262498,348949520,348949520,345526207,345526207,337304448,337304448,344607376,344607376,344632668,344632668,338412399,338412399,343935783,343935783,
电子游戏		
	
	清华大学	304912204,304912204,62573301,62573301,49358959,49358959,35015952,35015952,23213100,23213100,27350044,27350044,
创意艺术	苏州	61284412,61284412,41411151,41411151,28040909,28040909,
	市场营销	54936640,48509984,54936640,19751000,48509984,19751000,28451585,48509984,28451585,20808440,48509984,20808440,23492756,48509984,23492756,20890033,48509984,20890033,20202495,48509984,20202495,20866811,48509984,20866811,20460373,48509984,20460373,20738245,48509984,20738245,
	Holistic Game Dev	325249500,325249500,66626052,321337007,321337007,321381903,321381903,309893048,309893048,29811066,29811066,316949499,316949499,310208288,310208288,310930978,310930978,311226482,311226482,305505291,305505291,
科研	洛杉矶 (Los Angeles)	
	膛线君	66622437,66622437,66225114,66225114,27588373,27588373,51572442,51572442,
	CHAO 社区	
养老服务	尹小盐	352299328,352299328,350940491,350940491,352143972,352143972,20300634,20300634,351713374,351713374,347244638,347244638,314235326,314235326,351810026,351810026,332546633,332546633,299203094,299203094,
	北京	346089628,48510028,346089628,21935413,48510028,21935413,323790816,48510028,323790816,339284544,48510028,339284544,347597898,48510028,347597898,264603924,48510028,264603924,343282857,48510028,343282857,263785760,48510028,263785760,53586099,48510028,53586099,49765801,335411301,48510028,335411301,
	Lincoln Hui	323536290,323536290,324551520,324551520,322802072,322802072,322426144,322426144,322454211,322454211,320741755,320741755,313315907,313315907,317112462,317112462,313932191,313932191,313691239,313691239,
科研	San Diego	351262239,48510028,351262239,349957256,48510028,349957256,351706541,48510028,351706541,349298385,48510028,349298385,347887862,48510028,347887862,346319342,48510028,346319342,346275438,48510028,346275438,346038900,48510028,346038900,345969209,48510028,345969209,345726517,48510028,345726517,
	申屠	352574251,352574251,352415100,352415100,352217086,352217086,352060534,352060534,350931231,350931231,350771528,350771528,350723876,350723876,349950417,349950417,349599078,349599078,349598228,349598228,
电子游戏	旧金山 (San Francisco)	268450915,268450915,283511629,283511629,30574375,30574375,266276846,266276846,24419194,24419194,22650133,22650133,35413799,35413799,31452164,31452164,20180045,20180045,28277463,28277463,
	北京市	352060007,352060007,351145503,351145503,351028181,351028181,350675490,350675490,350696688,350696688,
法律		325200988,325200988,325193753,325193753,325187165,325187165,324785351,324785351,325062949,325062949,324990869,324990869,324917695,324917695,324228047,324228047,320637656,320637656,323692402,323692402,
培训	上海	340298969,48510028,340298969,346908676,48510028,346908676,340103948,48510028,340103948,20612257,48510028,20612257,23900793,48510028,23900793,332480012,48510028,332480012,325747572,48510028,325747572,327779254,48510028,327779254,34469135,48510028,34469135,46440628,48510028,46440628,
创意艺术	
互联网	雅楠	23964062,23964062,42860851,42860851,20498439,20498439,22008493,22008493,
	知乎用户	
旅游		344709168,48509984,344709168,337569315,48509984,337569315,337569001,48509984,337569001,337568690,48509984,337568690,337570515,48509984,337570515,337569594,48509984,337569594,20458496,48509984,20458496,20282544,48509984,20282544,61468641,48509984,61468641,333534690,48509984,333534690,
旅游	欧洲	
艺术娱乐	广州市	351370497,48509984,351370497,342016897,48509984,342016897,336035791,48509984,336035791,336577422,48509984,336577422,332192284,48509984,332192284,50070668,48509984,50070668,316236851,48509984,316236851,326166837,48509984,326166837,324512663,48509984,324512663,314568486,48509984,314568486,
电子游戏	田中澪	352382723,352382723,352210400,352210400,352204637,352204637,350923522,350923522,40754673,40754673,350944134,350944134,351265626,351265626,343600519,343600519,351079149,351079149,350321410,350321410,
互联网	湾区 (Bay Area)	
	中国	
互联网	北京	20655946,48510028,20655946,20473502,48510028,20473502,20243705,48510028,20243705,20153480,48510028,20153480,20001930,48510028,20001930,19976115,48510028,19976115,19973116,48510028,19973116,19946971,48510028,19946971,19861659,48510028,19861659,19852504,48510028,19852504,
审计	北京	
计算机软件	天津	265960326,265960326,266285961,266285961,56313261,56313261,265186525,265186525,264201212,264201212,263944605,263944605,57848134,57848134,66877941,66877941,37248069,37248069,63693074,63693074,
广播电视	会长	352211856,352211856,352481584,352481584,352285995,352285995,351958376,351958376,352060806,352060806,352026526,352026526,351185742,351185742,282077362,282077362,349262750,349262750,349172813,349172813,
互联网	上海	346708717,346708717,39829502,39829502,325084961,325084961,343376935,343376935,343238012,343238012,342485319,342485319,341901996,341901996,340810964,340810964,339857207,339857207,303633121,303633121,
电子游戏	上海	
特殊建造	中南大学	294354034,294354034,294074588,294074588,37744281,37744281,59338609,59338609,59336867,59336867,
汽车	广州市	347216384,347216384,35853007,35853007,49649714,49649714,348898628,348898628,347202009,347202009,328642449,328642449,328764968,328764968,327408701,327408701,327264905,327264905,326586058,326586058,
		332533953,332533953,40351446,40351446,21012303,21012303,341761144,341761144,54126318,54126318,277171133,277171133,33584802,33584802,34326585,34326585,36195432,36195432,35135316,35135316,
	中国	26630097,48509984,26630097,352161228,48509984,352161228,351725547,48509984,351725547,342641863,48509984,342641863,351595007,48509984,351595007,350772783,48509984,350772783,350976128,48509984,350976128,278155816,48509984,278155816,350079196,48509984,350079196,349597279,48509984,349597279,
科研	海淀区	352384014,48510028,352384014,352108632,48510028,352108632,351857255,48510028,351857255,48300695,48510028,48300695,274978007,48510028,274978007,22930891,48510028,22930891,335140617,48510028,335140617,278155816,48510028,278155816,344405727,48510028,344405727,351574168,48510028,351574168,
法律	上海	
计算机软件	西雅图（Seattle）	337481109,337481109,352498895,352498895,352171277,352171277,351386257,351386257,350801376,350801376,343979039,343979039,352116266,352116266,351820283,351820283,347670274,347670274,341544600,341544600,
	北京市	328571237,328571237,320611448,320611448,351701308,351701308,351886861,351886861,351273870,351273870,350997351,350997351,346658239,346658239,348318313,348318313,349566175,349566175,338423080,338423080,
食品饮料业	上海市	63778544,63778544,20346465,20346465,286733591,286733591,318595867,318595867,43202985,43202985,22507277,22507277,329826142,329826142,21904190,21904190,322544491,322544491,305507128,305507128,
咨询分析	北京	
	香港	321245626,48510028,321245626,28109978,48510028,28109978,309818306,48510028,309818306,20104381,48510028,20104381,284209426,48510028,284209426,22821862,48510028,22821862,40161363,48510028,40161363,23730582,48510028,23730582,304473490,48510028,304473490,19573169,48510028,19573169,
教育	北京	39378139,48510028,39378139,286292969,48510028,286292969,46398324,48510028,46398324,309814289,48510028,309814289,26451097,48510028,26451097,266873100,48510028,266873100,312447002,48510028,312447002,334518238,48510028,334518238,46869085,48510028,46869085,35445384,48510028,35445384,
信息传媒	北京	328841995,328841995,327357245,327357245,328077497,328077497,326156698,326156698,320287492,320287492,325030781,325030781,324748941,324748941,55192226,55192226,277347702,277347702,264511251,264511251,
计算机软件	Shenzhen, China	
	我不懂	
科研	珀斯	351766115,48510028,351766115,342066985,48510028,342066985,37712150,48510028,37712150,350292725,48510028,350292725,349045610,48510028,349045610,349697452,48510028,349697452,348931011,48510028,348931011,347646586,48510028,347646586,347208973,48510028,347208973,346901236,48510028,346901236,
培训	上海	315498268,315498268,324121374,324121374,323090141,323090141,321888337,321888337,318657727,318657727,320747168,320747168,320028013,320028013,311371787,311371787,307236986,307236986,314757160,314757160,
高等教育	上海	274631261,274631261,271452080,271452080,266974078,266974078,270719537,270719537,269202997,269202997,268949441,268949441,
临床医疗	北京	344301175,344301175,342341567,342341567,299175588,299175588,288693118,288693118,65944763,65944763,65764902,65764902,65844579,65844579,63508249,63508249,65171739,65171739,62791369,62791369,
	英雄联盟	351718017,48510028,351718017,352265033,48510028,352265033,351699096,48510028,351699096,344241475,48510028,344241475,351681720,48510028,351681720,351698889,48510028,351698889,351693712,48510028,351693712,351648426,48510028,351648426,351498732,48510028,351498732,351242456,48510028,351242456,
	北京市	351728964,351728964,349566175,349566175,349554492,349554492,31107721,31107721,344546627,344546627,36486450,36486450,343489112,343489112,341926844,341926844,20489674,20489674,339406812,339406812,
	斯德哥尔摩	340659904,340659904,341365922,341365922,340925019,340925019,338682247,338682247,337618374,337618374,335353117,335353117,336504074,336504074,334762464,334762464,333259025,333259025,25151940,25151940,
互联网	知乎用户	
电子游戏	Aya Magician	338239102,338239102,334648922,334648922,330398949,330398949,335294125,335294125,330723005,330723005,331597662,331597662,65299573,65299573,320223372,320223372,316309930,316309930,305821335,305821335,
	AppSo	352080473,48510028,352080473,347715592,48510028,347715592,351863929,48510028,351863929,275941413,48510028,275941413,343820560,48510028,343820560,277206344,48510028,277206344,347552141,48510028,347552141,347276101,48510028,347276101,349756951,48510028,349756951,349615849,48510028,349615849,
汽车		352228356,48509984,352228356,350797654,48509984,350797654,350931231,48509984,350931231,350191144,48509984,350191144,349598228,48509984,349598228,347585177,48509984,347585177,346936125,48509984,346936125,345218874,48509984,345218874,58640881,48509984,58640881,340478420,48509984,340478420,
	小码王在线少儿编程	342740733,48510028,342740733,351720960,48510028,351720960,351731436,48510028,351731436,351459301,48510028,351459301,351835904,48510028,351835904,349806491,48510028,349806491,317993541,48510028,317993541,291506148,48510028,291506148,311425713,48510028,311425713,351330492,48510028,351330492,
计算机软件	in nek	336848389,336848389,345981247,345981247,346422354,346422354,286808307,286808307,335412885,335412885,335050447,335050447,335559285,335559285,331238251,331238251,331166262,331166262,334107371,334107371,
高等教育	吉林大学	25248460,48509984,25248460,40459416,48509984,40459416,35580938,48509984,35580938,280518886,48509984,280518886,282009605,48509984,282009605,53961096,48509984,53961096,21822074,48509984,21822074,68150666,48509984,68150666,67022777,48509984,67022777,20939281,48509984,20939281,
	HHHHH	51295664,51295664,347878359,347878359,335552470,335552470,327449824,327449824,328755715,328755715,325554702,325554702,319418956,319418956,59717261,59717261,314718061,314718061,
	上海	280651361,48509984,280651361,47581654,48509984,47581654,307263436,48509984,307263436,333436260,48509984,333436260,68480751,48509984,68480751,50895523,48509984,50895523,323763825,48509984,323763825,322844188,48509984,322844188,296753623,48509984,296753623,19866749,48509984,19866749,
互联网	上海	28998519,28998519,24484925,24484925,20689997,20689997,20620533,20620533,20609358,20609358,20524288,20524288,20463393,20463393,19899610,19899610,20282084,20282084,20306294,20306294,
教育	深圳市	50996567,50996567,266357428,266357428,20690598,20690598,266301000,266301000,21089345,21089345,38542212,38542212,47733371,47733371,265470079,265470079,265376737,265376737,62861783,62861783,
旅游	江苏	23556188,23556188,321653816,321653816,305898425,305898425,270836742,270836742,279930859,279930859,24165918,24165918,296559060,296559060,39369877,39369877,19603240,19603240,296170846,296170846,
	朱理	315310228,48510028,315310228,
互联网	北京	56046425,56046425,21075487,21075487,50436958,50436958,27463242,27463242,36123269,36123269,21876069,21876069,21010426,21010426,
互联网	南京市	350923522,48509984,350923522,347639096,48509984,347639096,347109305,48509984,347109305,344425726,48509984,344425726,280814833,48509984,280814833,333217832,48509984,333217832,40287266,48509984,40287266,331409374,48509984,331409374,328961922,48509984,328961922,328843561,48509984,328843561,
电子游戏	上海	346735133,48510028,346735133,343123306,48510028,343123306,34845154,48510028,34845154,338438233,48510028,338438233,323681477,48510028,323681477,21713209,48510028,21713209,333842651,48510028,333842651,337109682,48510028,337109682,26382065,48510028,26382065,334890951,48510028,334890951,
非营利组织	纽约	311676091,311676091,46349433,46349433,312707470,312707470,278427185,278427185,
高新科技	北京	329643186,329643186,329481401,21211978,21211978,302224780,302224780,264449652,264449652,20429378,20429378,265020644,265020644,29333673,29333673,263569365,263569365,20904907,20904907,59791003,59791003,
房地产		351275139,351275139,62114631,62114631,28444782,28444782,268169877,268169877,55235683,55235683,264285024,264285024,344054306,344054306,342056290,342056290,340424050,340424050,339916382,339916382,
财务	郑州	
高等教育	北京	350859495,350859495,346924747,346924747,336380072,336380072,329348218,329348218,339687798,339687798,23711893,23711893,24696635,24696635,318252420,318252420,331145297,331145297,318185492,318185492,
资本投资	重庆大学	278142643,278142643,54983705,54983705,334497220,334497220,19586915,19586915,30147821,30147821,26753619,26753619,53836967,53836967,19800405,19800405,36195435,36195435,37055410,37055410,
	复旦大学	
互联网	北京	311638036,48510028,311638036,28038680,48510028,28038680,26288218,48510028,26288218,65576774,48510028,65576774,302236005,48510028,302236005,37900533,48510028,37900533,299738410,48510028,299738410,57465191,48510028,57465191,23367870,48510028,23367870,25023434,48510028,25023434,
服务业	莱茵兰-普法尔茨	
科研	北京	299741613,299741613,45729553,45729553,21274651,21274651,20985115,20985115,21278186,21278186,38233845,38233845,20064030,20064030,29124536,29124536,
	郎朗	
非营利组织	深圳市	339268473,339268473,352574251,352574251,22850715,22850715,344220807,344220807,352139939,352139939,351782671,351782671,346631685,346631685,351431356,351431356,341397173,341397173,351033398,351033398,
信息传媒	网上冲浪记事	19553984,19553984,335394948,335394948,
汽车	底特律	
汽车	上海市	32925186,32925186,29045204,29045204,22040980,22040980,39290554,39290554,339567108,339567108,327571850,327571850,313797183,313797183,267764842,267764842,
创意艺术	上海	
互联网	上海	53686737,48510028,53686737,51424346,48510028,51424346,50986779,48510028,50986779,48457735,48510028,48457735,48457286,48510028,48457286,46667028,48510028,46667028,23897121,48510028,23897121,27964401,48510028,27964401,
电子游戏	Gotham City	60719345,60719345,338748810,338748810,337139437,337139437,337618374,337618374,335867320,335867320,335610713,335610713,332698786,332698786,326399338,326399338,266247413,266247413,330016025,330016025,
餐饮	湖北省	351033398,48509984,351033398,53307696,48509984,53307696,345383749,48509984,345383749,324654668,48509984,324654668,306467814,48509984,306467814,300887288,48509984,300887288,300886864,48509984,300886864,301625077,48509984,301625077,301521736,48509984,301521736,299636854,48509984,299636854,
互联网	北京市	339405132,48509984,339405132,347545092,48509984,347545092,335289475,48509984,335289475,333074061,48509984,333074061,330307904,48509984,330307904,308543084,48509984,308543084,39448807,48509984,39448807,265357659,48509984,265357659,302392659,48509984,302392659,290088641,48509984,290088641,
	知乎汽车	343499950,48510028,343499950,327035700,
计算机软件	北京	315666793,315666793,310134196,310134196,305019365,305019365,299700466,299700466,290437864,290437864,263522502,263522502,265964945,265964945,280805829,280805829,51181803,51181803,21089878,21089878,
	企鹅吃喝指南	342976772,48510028,342976772,31388371,48510028,31388371,22062142,48510028,22062142,24078631,48510028,24078631,299046724,48510028,299046724,29037500,48510028,29037500,22293945,48510028,22293945,24584472,48510028,24584472,39845930,48510028,39845930,68305842,48510028,68305842,
	
	
	父母世界	352105200,48510028,352105200,351112024,48510028,351112024,350769603,48510028,350769603,350146162,48510028,350146162,350960554,48510028,350960554,344728364,48510028,344728364,347030441,48510028,347030441,348789255,48510028,348789255,25334605,48510028,25334605,349336654,48510028,349336654,
食品饮料业	小李飞刀	336183076,336183076,333061548,333061548,335374629,335374629,334527858,334527858,334691608,334691608,334517175,334517175,332628010,332628010,332440442,332440442,331316292,331316292,329934118,329934118,
互联网	篮球评论员	286830922,286830922,286536197,286536197,280858832,280858832,279226006,279226006,275243896,275243896,268119006,268119006,63270540,63270540,64615426,64615426,34257884,34257884,61219265,61219265,
制药	上海市	351397848,48510028,351397848,351831204,48510028,351831204,351776056,48510028,351776056,20756288,48510028,20756288,263564289,48510028,263564289,351165796,48510028,351165796,19923944,48510028,19923944,350068974,48510028,350068974,350168701,48510028,350168701,349395249,48510028,349395249,
生物工程	上海	21862436,21862436,30676996,30676996,263578524,263578524,285212032,285212032,20444756,20444756,264335140,264335140,67512889,67512889,24932149,24932149,59902130,59902130,49922975,49922975,
	新加坡	28535919,28535919,48974868,48974868,20358839,20358839,35451448,35451448,24592493,24592493,47772198,47772198,46612144,46612144,47071426,47071426,20153338,20153338,46495215,46495215,
创意艺术	尼堪巴图鲁	337568352,337568352,21442920,21442920,
互联网	北京	340590218,340590218,28253356,28253356,266586687,266586687,300840760,300840760,296256378,296256378,290895525,290895525,289017119,289017119,283093946,283093946,55729084,55729084,268873123,268873123,
科研	香港	350931231,48510028,350931231,339713279,48510028,339713279,336891587,48510028,336891587,65470092,48510028,65470092,66083812,48510028,66083812,317343267,48510028,317343267,54616936,48510028,54616936,311256345,48510028,311256345,302922944,48510028,302922944,41895584,48510028,41895584,
高等教育	
互联网	用户研究员	327336369,48510028,327336369,318852175,48510028,318852175,67857052,48510028,67857052,47020531,48510028,47020531,55323615,48510028,55323615,54726673,48510028,54726673,53484862,48510028,53484862,42936424,48510028,42936424,45062537,48510028,45062537,42452236,48510028,42452236,
	Macro kuo	22145314,22145314,65760020,65760020,53780469,53780469,52370087,52370087,25955644,25955644,32315497,32315497,38920431,38920431,20491952,20491952,35124067,35124067,54398623,54398623,
	知乎用户	
互联网	北京	348599568,48510028,348599568,323403640,48510028,323403640,347823484,48510028,347823484,343385341,48510028,343385341,345145839,48510028,345145839,343550429,48510028,343550429,340878015,48510028,340878015,342780852,48510028,342780852,267861726,48510028,267861726,336943990,48510028,336943990,
	武晓忆不是武小艺	345953564,345953564,311059365,311059365,300398332,300398332,298748055,298748055,288793589,288793589,30900238,30900238,264003149,264003149,283998810,283998810,283321797,283321797,267163724,267163724,
	时尚COSMO	51898570,48510028,51898570,324329357,48510028,324329357,309935023,48510028,309935023,312740999,48510028,312740999,29302111,48510028,29302111,42022983,48510028,42022983,24788423,48510028,24788423,324422442,48510028,324422442,323689116,48510028,323689116,30090775,48510028,30090775,
互联网	朝阳区—常营	324094815,48509984,324094815,320125128,48509984,320125128,295523340,48509984,295523340,301514499,48509984,301514499,292898365,48509984,292898365,275566110,48509984,275566110,278214266,48509984,278214266,68132965,48509984,68132965,67883500,48509984,67883500,65399434,48509984,65399434,
互联网	北京	345471945,345471945,23607165,23607165,340211392,340211392,336431847,336431847,321423286,321423286,36734444,36734444,315175118,315175118,24293804,24293804,19967622,19967622,318657727,318657727,
互联网	北京	352085186,352085186,347384322,347384322,308201447,308201447,351174386,351174386,21793993,21793993,350614145,350614145,350366858,350366858,347469966,347469966,345431917,345431917,346299665,346299665,
	gudaji	299181684,48510028,299181684,31078445,48510028,31078445,20540726,48510028,20540726,27576277,48510028,27576277,
	陈佩斯	274629543,48510028,274629543,274989914,48510028,274989914,43475432,48510028,43475432,36704909,48510028,36704909,23038648,48510028,23038648,
	谷歌开发者	345145839,48510028,345145839,343385341,48510028,343385341,40099190,48510028,40099190,49909565,48510028,49909565,32037895,48510028,32037895,22213757,48510028,22213757,20042084,48510028,20042084,46495381,48510028,46495381,
教育	山东	348376834,348376834,350957727,350957727,350769603,350769603,317250749,317250749,336822469,336822469,25334605,25334605,349801201,349801201,350243474,350243474,336587872,336587872,349656195,349656195,
体育健身	北京	336897114,48510028,336897114,326260375,48510028,326260375,320759013,48510028,320759013,319422304,48510028,319422304,310416108,48510028,310416108,21845996,48510028,21845996,65862631,48510028,65862631,65027298,48510028,65027298,64515201,48510028,64515201,59096825,48510028,59096825,
互联网	上海	309083396,309083396,332785150,332785150,284128568,284128568,304087708,304087708,310900733,310900733,33696554,33696554,309231126,309231126,280980928,280980928,22444746,22444746,278661531,278661531,
电子游戏	北京	31457375,31457375,291120900,291120900,334184157,334184157,331238049,331238049,57516199,57516199,331767728,331767728,54732267,54732267,30569684,30569684,59480936,59480936,311094888,311094888,
科研		349852529,48510028,349852529,352115462,48510028,352115462,351556451,48510028,351556451,292189961,48510028,292189961,349146314,48510028,349146314,349717782,48510028,349717782,346880594,48510028,346880594,346970674,48510028,346970674,323617617,48510028,323617617,321753611,48510028,321753611,
	学生物的七七菇凉	
博彩		
法律	合肥	346655267,48510028,346655267,313564280,48510028,313564280,344480944,48510028,344480944,341991844,48510028,341991844,339266482,48510028,339266482,19831242,48510028,19831242,335189221,48510028,335189221,338270736,48510028,338270736,19671232,48510028,19671232,310186247,48510028,310186247,
医疗服务	成都	317348174,48510028,317348174,317546725,48510028,317546725,318020826,48510028,318020826,48365629,48510028,48365629,313757744,48510028,313757744,30092547,48510028,30092547,20225184,48510028,20225184,56068759,48510028,56068759,61482915,48510028,61482915,31762721,48510028,31762721,
计算机软件	地球	352525281,352525281,342837444,342837444,350293193,350293193,339331979,339331979,345177109,345177109,349935344,349935344,351407397,351407397,344132111,344132111,307367284,307367284,351879403,351879403,
体育健身	北京	338456114,48510028,338456114,24790228,48510028,24790228,53884025,48510028,53884025,39141864,48510028,39141864,41418098,48510028,41418098,38126376,48510028,38126376,37695118,48510028,37695118,37699903,48510028,37699903,37708314,48510028,37708314,37174639,48510028,37174639,
广告	创业者	345339431,345339431,27480022,27480022,26956872,26956872,343767724,343767724,317341514,317341514,275166871,275166871,20743279,20743279,330132377,330132377,23842317,23842317,22100326,22100326,
	墨尔本	313475890,313475890,309494457,309494457,309292673,309292673,308194032,308194032,307152917,307152917,304137116,304137116,38293054,38293054,305434682,305434682,270754079,270754079,269546039,269546039,
互联网	杭州	351426844,351426844,352084212,352084212,351106143,351106143,351180302,351180302,350411823,350411823,308115396,308115396,336267047,336267047,319158572,319158572,347469966,347469966,21287801,21287801,
电子游戏	Lafrente	316212121,316212121,294808191,294808191,271768093,271768093,274452400,274452400,22561471,22561471,37008165,37008165,35097453,35097453,31651649,31651649,
农林牧渔	济南大学	352350862,48509984,352350862,351934271,48509984,351934271,316700186,48509984,316700186,349016011,48509984,349016011,337332223,48509984,337332223,343924421,48509984,343924421,342738448,48509984,342738448,340703902,48509984,340703902,339867433,48509984,339867433,340720902,48509984,340720902,
互联网	北京	30835066,48510028,30835066,347298280,48510028,347298280,345105962,48510028,345105962,344763924,48510028,344763924,344025518,48510028,344025518,36602163,48510028,36602163,19689626,48510028,19689626,334329380,48510028,334329380,333572155,48510028,333572155,332733540,48510028,332733540,
高新科技		
	北戴河桃厂电影修士会	337325764,337325764,314524131,314524131,266115777,266115777,349844321,349844321,20713456,20713456,350570496,350570496,350297378,350297378,350203998,350203998,333220171,333220171,21117199,21117199,
汽车	北京	35594440,35594440,309386443,309386443,29145392,29145392,50646769,50646769,
高新科技	深圳市	345525447,48509984,345525447,345082409,48509984,345082409,309460268,48509984,309460268,340134550,48509984,340134550,266135193,48509984,266135193,263974508,48509984,263974508,298690027,48509984,298690027,39387048,48509984,39387048,280335144,48509984,280335144,278514163,48509984,278514163,
科研	纽约大学 (New York University)	277132148,48510028,277132148,340784153,48510028,340784153,342215263,48510028,342215263,339757146,48510028,339757146,34805508,48510028,34805508,342066985,48510028,342066985,342286125,48510028,342286125,47159584,48510028,47159584,322184319,48510028,322184319,267002330,48510028,267002330,
	基本就是执行策划做到小项目主策	351089498,351089498,351398739,351398739,351500790,351500790,349852529,349852529,297225697,297225697,43407971,43407971,20579464,20579464,349633369,349633369,28247984,28247984,346088750,346088750,
非营利组织	天津	351264538,351264538,333769627,333769627,338921130,338921130,339128955,339128955,337849200,337849200,333156433,333156433,35185346,35185346,322052342,322052342,320767486,320767486,319356354,319356354,
互联网		50200915,50200915,65436992,65436992,27183576,27183576,352026926,352026926,352299328,352299328,352342226,352342226,352351475,352351475,352143972,352143972,50168820,50168820,21906003,21906003,
信息传媒	北京	335170146,335170146,278314025,278314025,29815334,29815334,265608016,265608016,29423879,29423879,33201508,33201508,46564320,46564320,49844306,49844306,25914780,25914780,
互联网	上海	49725911,48509984,49725911,342812810,48509984,342812810,26970047,48509984,26970047,324480309,48509984,324480309,323117245,48509984,323117245,22122194,48509984,22122194,52638483,48509984,52638483,53087488,48509984,53087488,36560129,48509984,36560129,33652387,48509984,33652387,
	科普	352387157,48510028,352387157,351320383,48510028,351320383,350632093,48510028,350632093,64423726,48510028,64423726,295297327,48510028,295297327,349697452,48510028,349697452,349548263,48510028,349548263,348481104,48510028,348481104,345804190,48510028,345804190,20039741,48510028,20039741,
高新科技	张良	333536778,333536778,294525127,294525127,316776069,316776069,315570060,315570060,310112688,310112688,309993403,309993403,268342632,268342632,306020807,306020807,295647025,295647025,279120080,279120080,
电子商务		341201523,48509984,341201523,65481822,48509984,65481822,285277994,48509984,285277994,320507085,48509984,320507085,352103103,48509984,352103103,30987987,48509984,30987987,36667085,48509984,36667085,336835694,48509984,336835694,64802427,48509984,64802427,351652345,48509984,351652345,
法律	南昌市	23271389,23271389,352026926,352026926,352391875,352391875,19798040,19798040,276248841,276248841,351431356,351431356,351033398,351033398,351133657,351133657,349710754,349710754,348446136,348446136,
化工业	武汉科技大学	348067123,348067123,350292725,350292725,348386359,348386359,335306543,335306543,328470579,328470579,327462785,327462785,324664908,324664908,51941302,51941302,270858236,270858236,324739151,324739151,
	葉知秋	345314977,345314977,346354924,346354924,19798798,19798798,265048690,265048690,
金融	上海	
电子游戏	知乎用户	
地产建筑	华中科技大学	351806204,48509984,351806204,350220976,48509984,350220976,344169070,48509984,344169070,342537527,48509984,342537527,324424447,48509984,324424447,342016014,48509984,342016014,340631897,48509984,340631897,340486237,48509984,340486237,338994094,48509984,338994094,339916382,48509984,339916382,
	
餐饮	杭州	62034453,48509984,62034453,21096649,48509984,21096649,46031129,48509984,46031129,62930336,48509984,62930336,54817888,48509984,54817888,56201711,48509984,56201711,56201709,48509984,56201709,56201648,48509984,56201648,23538008,48509984,23538008,34681219,48509984,34681219,
互联网	杭州	330175750,330175750,20888075,20888075,346340265,346340265,53794515,53794515,341255997,341255997,331808122,331808122,327945842,327945842,317024001,317024001,65387776,65387776,282713120,282713120,
	Youlink L	27608145,27608145,20773664,20773664,346224144,346224144,326967644,326967644,337645103,337645103,335168772,335168772,294844127,294844127,304253680,304253680,326512493,326512493,325808928,325808928,
	safeguarddo	20416898,20416898,350618992,350618992,22932447,22932447,22508901,22508901,276959657,276959657,30067241,30067241,20010579,20010579,67886843,67886843,328546838,328546838,330522580,330522580,
电子游戏	北京	345715558,345715558,336849129,336849129,55768442,55768442,55488359,55488359,334293169,334293169,349778409,349778409,
	海沃德	338708770,48510028,338708770,324405002,48510028,324405002,307836621,48510028,307836621,337975081,48510028,337975081,298649385,48510028,298649385,304085049,48510028,304085049,337942067,48510028,337942067,28509422,48510028,28509422,322164326,48510028,322164326,321162053,48510028,321162053,
电子游戏	上海	347817748,48509984,347817748,336306912,48509984,336306912,303907735,48509984,303907735,297904149,48509984,297904149,279246699,48509984,279246699,29556265,48509984,29556265,276120763,48509984,276120763,273921958,48509984,273921958,269089374,48509984,269089374,60235732,48509984,60235732,
金融	上海	351858266,351858266,349937232,349937232,346750251,346750251,267174447,267174447,348719316,348719316,289722795,289722795,341829014,341829014,346444967,346444967,341811886,341811886,337662152,337662152,
科研	北京大学	264146963,264146963,63803134,63803134,22324092,22324092,
	奥斯卡	298749337,298749337,304622499,304622499,309693086,309693086,308719714,308719714,275240345,275240345,273964181,273964181,269200905,269200905,268788036,268788036,30566381,30566381,21048545,21048545,
高新科技	圣地亚哥	54680196,48509984,54680196,24256129,48509984,24256129,52712742,48509984,52712742,52093346,48509984,52093346,50191421,48509984,50191421,46019950,48509984,46019950,35398673,48509984,35398673,28367567,48509984,28367567,41270297,48509984,41270297,41075488,48509984,41075488,
电子游戏	地球	351595007,351595007,351900452,351900452,351509783,351509783,350778777,350778777,350177222,350177222,339558961,339558961,344724289,344724289,344466437,344466437,280814833,280814833,313564280,313564280,
互联网	多伦多	349653891,48510028,349653891,49159367,48510028,49159367,339022765,48510028,339022765,339023738,48510028,339023738,318518496,48510028,318518496,276734609,48510028,276734609,320830862,48510028,320830862,321377589,48510028,321377589,31116099,48510028,31116099,311962968,48510028,311962968,
科研	南京	351350762,48510028,351350762,350771528,48510028,350771528,349631775,48510028,349631775,349385717,48510028,349385717,342172376,48510028,342172376,346213962,48510028,346213962,344826299,48510028,344826299,339346018,48510028,339346018,340703902,48510028,340703902,340964543,48510028,340964543,
信息传媒	北京市	
		352068250,352068250,350470558,350470558,37117863,37117863,349030221,349030221,48476068,48476068,350442532,350442532,350361195,350361195,52074573,52074573,63091187,63091187,20709403,20709403,
互联网	上海	265597364,48510028,265597364,350640870,48510028,350640870,283761062,48510028,283761062,31514878,48510028,31514878,343606697,48510028,343606697,328152983,48510028,328152983,34970791,48510028,34970791,318418703,48510028,318418703,341294637,48510028,341294637,30554486,48510028,30554486,
法律		346930548,346930548,346648714,346648714,276307864,276307864,268387460,268387460,299528616,299528616,263954039,263954039,265849570,265849570,35035813,35035813,338661820,338661820,28037924,28037924,
金融	成都	352299328,352299328,349698023,349698023,349675424,349675424,304110962,304110962,341415289,341415289,28625340,28625340,20648346,20648346,20660315,20660315,335709559,335709559,335912128,335912128,
	全民故事计划	20280353,48510028,20280353,319510940,48510028,319510940,52708276,48510028,52708276,313516915,48510028,313516915,24014906,48510028,24014906,29174460,48510028,29174460,322863789,48510028,322863789,313564280,48510028,313564280,49502870,48510028,49502870,305748960,48510028,305748960,
旅游	北京	29517463,48510028,29517463,312747301,48510028,312747301,30447146,48510028,30447146,22159864,48510028,22159864,59304414,48510028,59304414,48397252,48510028,48397252,50702972,48510028,50702972,27070392,48510028,27070392,23699748,48510028,23699748,61341735,48510028,61341735,
互联网	北京	324150965,324150965,280563773,280563773,23491453,23491453,46472869,46472869,31602858,31602858,269945480,269945480,270265540,270265540,63282327,63282327,60503247,60503247,266297685,266297685,
创意艺术	北京	
计算机软件	罗大有	
	北京	
	纽约	59157065,59157065,56466058,56466058,56382752,56382752,55467009,55467009,54848490,54848490,53401223,53401223,52444363,52444363,52226930,52226930,50361749,50361749,49403442,49403442,
创意艺术	悉尼 (Sydney)	23064577,23064577,24821237,24821237,47056625,47056625,44552670,44552670,26054363,26054363,37862376,37862376,38239151,38239151,41651328,41651328,39812047,39812047,39952978,39952978,
互联网	广州市	349670965,349670965,349385305,349385305,351567732,351567732,348742264,348742264,344019917,344019917,349378789,349378789,343519209,343519209,349198472,349198472,349199028,349199028,346162314,346162314,
	格勒诺布尔大学	34766305,34766305,302594048,302594048,23809895,23809895,33972831,33972831,27062851,27062851,61010049,61010049,342285861,342285861,267458939,267458939,341415289,341415289,346911813,346911813,
	北京	351607398,351607398,28650262,28650262,346046433,346046433,347011915,347011915,347241865,347241865,347371048,347371048,343522349,343522349,345611741,345611741,345416741,345416741,345432363,345432363,
	中国一带一路网	337554161,48510028,337554161,65075034,48510028,65075034,
创意艺术	同名公众号  黄静格子	
高新科技	科技公元	40375711,40375711,270867174,270867174,61951063,61951063,345589253,345589253,68760437,68760437,268522042,268522042,53727502,53727502,35701169,35701169,36904011,36904011,60347845,60347845,
互联网	北京	
金融	证券业	47517205,47517205,316011341,316011341,351910126,351910126,30854615,30854615,350937823,350937823,318508177,318508177,23927603,23927603,278441781,278441781,20629493,20629493,30769912,30769912,
	feby	26770719,26770719,351937599,351937599,351806204,351806204,352389200,352389200,348460737,348460737,351105205,351105205,351312949,351312949,341294095,341294095,341690024,341690024,347744137,347744137,
临床医疗	杭州	352181117,48510028,352181117,352059823,48510028,352059823,352021612,48510028,352021612,321071996,48510028,321071996,286733591,48510028,286733591,312513933,48510028,312513933,21279989,48510028,21279989,340891348,48510028,340891348,336287525,48510028,336287525,340134550,48510028,340134550,
资本投资	旧金山 (San Francisco)	
培训	悉尼	
	把科学带回家	65966165,48510028,65966165,65918466,48510028,65918466,
	杭州	57230324,57230324,61741565,61741565,60774289,60774289,58846658,58846658,28641345,28641345,
咨询分析	上海	352299328,352299328,352228356,352228356,351806204,351806204,351125954,351125954,351014096,351014096,350675490,350675490,350043460,350043460,348350686,348350686,347469966,347469966,346450641,346450641,
电子游戏	Technical Artist	
高新科技	南京	348019798,348019798,349733851,349733851,278567655,278567655,302124819,302124819,347590685,347590685,270393195,270393195,313882766,313882766,346976085,346976085,343995869,343995869,346260925,346260925,
互联网	Imperial University of Peking	
互联网	北京	
	知乎动画	36185505,48510028,36185505,
	北京	351133657,48510028,351133657,20478176,48510028,20478176,337670520,48510028,337670520,30566381,48510028,30566381,345124567,48510028,345124567,35621814,48510028,35621814,21359797,48510028,21359797,38839722,48510028,38839722,20234033,48510028,20234033,312025070,48510028,312025070,
互联网	杭州	333220171,333220171,304635773,304635773,65076755,65076755,325173949,325173949,321450863,321450863,321446338,321446338,318657727,318657727,320308018,320308018,319839951,319839951,315538712,315538712,
互联网	湖北武汉	345215110,345215110,40666102,40666102,347385731,347385731,341486746,341486746,343599048,343599048,327777949,327777949,339759250,339759250,313191641,313191641,287194459,287194459,310522998,310522998,
美容	上海	
互联网	北京	31147867,48510028,31147867,305664270,48510028,305664270,324666769,48510028,324666769,320650054,48510028,320650054,320217334,48510028,320217334,317383267,48510028,317383267,304788445,48510028,304788445,310297241,48510028,310297241,312025216,48510028,312025216,310289028,48510028,310289028,
广播电视	北京	
计算机软件	Milwaukee, WI	352508124,352508124,351976108,351976108,321433640,321433640,351274973,351274973,36823700,36823700,28704264,28704264,276886826,276886826,349824540,349824540,349068168,349068168,268890885,268890885,
互联网	深圳工作	352486423,352486423,268630962,268630962,37014047,37014047,347108878,347108878,68722200,68722200,347393555,347393555,344312521,344312521,344417393,344417393,343003613,343003613,338895186,338895186,
汽车	南京	336547200,48510028,336547200,338584438,48510028,338584438,24230372,48510028,24230372,19741385,48510028,19741385,334079719,48510028,334079719,297350494,48510028,297350494,65213469,48510028,65213469,323479116,48510028,323479116,323136833,48510028,323136833,265629747,48510028,265629747,
咨询分析	广州市	
	立党	
互联网	北京	351312949,351312949,290410827,290410827,351031937,351031937,337986875,337986875,350484084,350484084,347272172,347272172,351077204,351077204,339405132,339405132,351018078,351018078,350379767,350379767,
	单机游戏	339765037,48509984,339765037,349963557,48509984,349963557,351753048,48509984,351753048,277132148,48509984,277132148,350416469,48509984,350416469,350959281,48509984,350959281,341487328,48509984,341487328,349678012,48509984,349678012,348833934,48509984,348833934,337472286,48509984,337472286,
	深圳市	
	华中科技大学	337987517,337987517,330308975,330308975,328899356,328899356,67127756,67127756,53504139,53504139,
	
互联网	北京	
高等教育	北京	350857182,48510028,350857182,329880884,48510028,329880884,350072008,48510028,350072008,348719316,48510028,348719316,344974234,48510028,344974234,348260714,48510028,348260714,304529389,48510028,304529389,347699747,48510028,347699747,347495742,48510028,347495742,21362402,48510028,21362402,
计算机软件		347824318,347824318,337895103,337895103,337061771,337061771,336520506,336520506,335530471,335530471,313460737,313460737,308637338,308637338,64689568,64689568,301130190,301130190,299648282,299648282,
	导演饺子	310186247,48510028,310186247,
	李克	28890242,28890242,48156898,48156898,53966906,53966906,
	阿里巴巴	352085312,48510028,352085312,299203094,48510028,299203094,347692093,48510028,347692093,345282592,48510028,345282592,345325189,48510028,345325189,25252525,48510028,25252525,345312135,48510028,345312135,345303992,48510028,345303992,313564280,48510028,313564280,345313123,48510028,345313123,
	杜绍斐	20554389,20554389,29720783,29720783,21556327,21556327,23109007,23109007,54718516,54718516,21613029,21613029,27019406,27019406,23070672,23070672,21494744,21494744,51994862,51994862,
博彩	广州市	344443858,344443858,350405710,350405710,268748168,268748168,351759682,351759682,343559260,343559260,351334782,351334782,351025746,351025746,344899780,344899780,349594493,349594493,350599028,350599028,
	北京	338981394,48510028,338981394,29289467,48510028,29289467,346950437,48510028,346950437,351370497,48510028,351370497,339010999,48510028,339010999,21203283,48510028,21203283,19946806,48510028,19946806,277164973,48510028,277164973,348275624,48510028,348275624,350043460,48510028,350043460,
	知乎用户	
互联网	北京	
土砂石开采	杭州市	

	知乎用户	
高等教育	刚果布拉柴维尔十四种口味冰激凌店	303827708,48510028,303827708,281242674,48510028,281242674,344019917,48510028,344019917,351218113,48510028,351218113,349427317,48510028,349427317,66955361,48510028,66955361,348562723,48510028,348562723,348685156,48510028,348685156,348779695,48510028,348779695,348478699,48510028,348478699,
	杭州	332082652,332082652,317490864,317490864,317361761,317361761,317436881,317436881,316767567,316767567,
互联网	PowerBISearch	28534872,28534872,323579891,323579891,36546814,36546814,56375334,56375334,323238697,323238697,321100022,321100022,268229626,268229626,318467538,318467538,317481692,317481692,317489330,317489330,
	厦门	19967583,19967583,333797332,333797332,22049196,22049196,308310091,308310091,268676013,268676013,310548588,310548588,22850715,22850715,277565991,277565991,23730582,23730582,288546481,288546481,
互联网	北京	327398945,327398945,350675490,350675490,347761332,347761332,344546627,344546627,59028311,59028311,53984755,53984755,19638296,19638296,60798516,60798516,41884637,41884637,320766499,320766499,
互联网	北京	348641796,348641796,345658024,345658024,343551226,343551226,338145852,338145852,330976901,330976901,337700969,337700969,314010375,314010375,20137814,20137814,40689696,40689696,24725893,24725893,
军火	美国	
	梁静茹	313066786,48510028,313066786,28904989,48510028,28904989,
		25835009,48510028,25835009,308662400,48510028,308662400,310192479,48510028,310192479,308821701,48510028,308821701,40799953,48510028,40799953,304529389,48510028,304529389,277163979,302519979,48510028,302519979,294196146,48510028,294196146,293514046,48510028,293514046,282635671,48510028,282635671,
电子游戏	北京	
	余桥疑吾	343081328,343081328,335927386,335927386,339936902,339936902,339805547,339805547,337488552,337488552,336457073,336457073,335553405,335553405,335568447,335568447,334707265,334707265,333898088,333898088,
	棕榈大道	293138588,48510028,293138588,28592283,48510028,28592283,20961302,48510028,20961302,21449249,48510028,21449249,21079084,48510028,21079084,271289851,48510028,271289851,26348078,48510028,26348078,20037578,48510028,20037578,52060765,48510028,52060765,63441562,48510028,63441562,
科研	南京	309085956,48509984,309085956,276446407,48509984,276446407,61920951,48509984,61920951,35260169,48509984,35260169,58395347,48509984,58395347,54272917,48509984,54272917,53749594,48509984,53749594,42145876,48509984,42145876,27325052,48509984,27325052,48970760,48509984,48970760,
创意艺术	重庆	35181419,35181419,61921624,61921624,28014345,28014345,30166462,30166462,50862703,50862703,55140460,55140460,51873093,51873093,36856417,36856417,56748730,56748730,47412355,47412355,
艺术娱乐	北京	344019917,48510028,344019917,292347411,48510028,292347411,351106143,48510028,351106143,41101588,48510028,41101588,318913382,48510028,318913382,350243609,48510028,350243609,346282105,48510028,346282105,349113933,48510028,349113933,348181968,48510028,348181968,340452938,48510028,340452938,
互联网	
银行		321626643,321626643,320411806,320411806,284286080,284286080,280591931,280591931,36851579,36851579,66829400,66829400,66469065,66469065,23875965,23875965,29108316,29108316,36511524,36511524,
体育健身	武汉	265903128,265903128,344305898,344305898,343454252,343454252,343767724,343767724,337733989,337733989,46993044,46993044,339109624,339109624,336808689,336808689,337083868,337083868,339521840,339521840,
	烘焙帮	20303161,48510028,20303161,345492393,48510028,345492393,350310407,48510028,350310407,333220171,48510028,333220171,347761166,48510028,347761166,295108312,48510028,295108312,343499950,48510028,343499950,337054276,48510028,337054276,340740180,48510028,340740180,35917754,48510028,35917754,
保健	福建	283156610,283156610,266746227,266746227,263348486,263348486,68517943,68517943,68318221,68318221,65109304,65109304,53097746,53097746,65352723,65352723,
	
资本投资		321853021,321853021,318142619,318142619,309005520,309005520,308896980,308896980,308968260,308968260,308146794,308146794,307676918,307676918,307633152,307633152,307542678,307542678,307368646,307368646,
	WPS Office	349981154,48510028,349981154,347761332,48510028,347761332,19978753,48510028,19978753,48487733,48510028,48487733,26818387,48510028,26818387,19578002,48510028,19578002,21544434,48510028,21544434,346965791,48510028,346965791,28592283,48510028,28592283,347552141,48510028,347552141,
教育	语言学	347951574,48509984,347951574,348411182,48509984,348411182,342172376,48509984,342172376,67592992,48509984,67592992,282156179,48509984,282156179,277699317,48509984,277699317,57971910,48509984,57971910,348291952,48509984,348291952,310186247,48509984,310186247,338804615,48509984,338804615,
电子游戏	北京理工大学（BIT）	352377465,352377465,345253533,345253533,338180460,338180460,291120900,291120900,338334073,338334073,338311990,338311990,335530471,335530471,335485057,335485057,265306148,265306148,331423162,331423162,
高等教育	北美	
艺术娱乐	艺术	48805109,48509984,48805109,47581654,48509984,47581654,21554983,48509984,21554983,33505619,48509984,33505619,39775441,48509984,39775441,27753564,48509984,27753564,263610388,48509984,263610388,40211178,48509984,40211178,38756548,48509984,38756548,38301503,48509984,38301503,
	相互宝	269087700,48510028,269087700,303858435,48510028,303858435,319662616,48510028,319662616,299219658,48510028,299219658,319849774,48510028,319849774,60329724,48510028,60329724,318313641,48510028,318313641,330772071,48510028,330772071,326422896,48510028,326422896,332108730,48510028,332108730,




























































































