

金融		48907433,48510028,48907433,59077866,48510028,59077866,27709001,48510028,27709001,26525931,48510028,26525931,47929394,48510028,47929394,36707801,48510028,36707801,30821648,48510028,30821648,29191397,48510028,29191397,26637304,48510028,26637304,35803240,48510028,35803240,
互联网	北京	
	知乎用户	
互联网	北京	322758734,322758734,23862545,23862545,36216606,36216606,275253943,275253943,25118134,25118134,54318055,54318055,21089977,21089977,50109801,50109801,27487566,27487566,267607399,267607399,
高等教育	青岛	330993785,48510028,330993785,330235820,48510028,330235820,24811233,48510028,24811233,321695737,48510028,321695737,31502257,48510028,31502257,23305736,48510028,23305736,328450551,48510028,328450551,21466753,48510028,21466753,324256166,48510028,324256166,325166718,48510028,325166718,
	叶辰渊	332265335,332265335,310502414,310502414,314186543,314186543,313303577,313303577,313615527,313615527,313628447,313628447,267422261,267422261,310781797,310781797,307172197,307172197,54369266,54369266,
法律		352227381,48510028,352227381,349502360,48510028,349502360,319863335,48510028,319863335,346713326,48510028,346713326,344039773,48510028,344039773,346554824,48510028,346554824,343953177,48510028,343953177,337166531,48510028,337166531,339948324,48510028,339948324,326125696,48510028,326125696,
	混沌大学	20281460,48510028,20281460,22818974,48510028,22818974,321219463,48510028,321219463,19727047,48510028,19727047,318657727,48510028,318657727,321317538,48510028,321317538,306249128,48510028,306249128,23524562,48510028,23524562,19551084,48510028,19551084,21733358,48510028,21733358,
电子游戏	永州	352361530,352361530,350706759,350706759,335183322,335183322,352173424,352173424,352116978,352116978,352076986,352076986,351900452,351900452,350868589,350868589,351525979,351525979,351508151,351508151,
	学园都市风纪委员第177支部	352507127,352507127,352166145,352166145,351767940,351767940,351992880,351992880,351865946,351865946,351920358,351920358,351797373,351797373,351155109,351155109,351193531,351193531,351582185,351582185,
科研	北京	349792917,349792917,339919211,339919211,346686752,346686752,305216820,305216820,305194301,305194301,29138020,29138020,304360051,304360051,304321157,304321157,304290248,304290248,304271590,304271590,
	第一反应急救	308375308,48510028,308375308,316482179,48510028,316482179,315713538,48510028,315713538,315717421,48510028,315717421,315712065,48510028,315712065,294428001,48510028,294428001,290573192,48510028,290573192,21237389,48510028,21237389,34643605,48510028,34643605,19760394,48510028,19760394,
政府	江苏	
教育	温伯雪	327563279,327563279,350068974,350068974,270393195,270393195,350091798,350091798,348859803,348859803,312115311,312115311,305904866,305904866,349192039,349192039,350050209,350050209,333264576,333264576,
政府	北京	314525325,314525325,352173424,352173424,351902858,351902858,351747235,351747235,288377320,288377320,350788401,350788401,346178233,346178233,351152235,351152235,339385113,339385113,38414825,38414825,
食品饮料业	上海	21738443,48510028,21738443,343850790,48510028,343850790,344865142,48510028,344865142,344788683,48510028,344788683,342272475,48510028,342272475,338376650,48510028,338376650,336253512,48510028,336253512,333463946,48510028,333463946,323400514,48510028,323400514,321107584,48510028,321107584,
	知乎用户	
汽车	北京	33406840,33406840,279541291,279541291,278636283,278636283,278104329,278104329,278536185,278536185,57692869,57692869,275547303,275547303,46704477,46704477,65494742,65494742,32170662,32170662,
民用航空业	广州市	351798864,48509984,351798864,349598228,48509984,349598228,346282105,48509984,346282105,348000596,48509984,348000596,329473987,48509984,329473987,339340250,48509984,339340250,334886900,48509984,334886900,332285306,336692697,48509984,336692697,330165233,48509984,330165233,336119216,48509984,336119216,
互联网	北京	350675490,350675490,350030635,350030635,322801304,322801304,318242719,318242719,312461744,312461744,299970574,299970574,21105795,21105795,21606264,21606264,298780005,298780005,296975344,296975344,
计算机硬件	聊城	
	高千山	
教育	悉尼 (Sydney)	336241522,336241522,324943215,324943215,318258234,318258234,319352329,319352329,313093861,313093861,312814893,312814893,284206141,284206141,34812999,34812999,312745776,312745776,28966967,28966967,
科研	西安	338872631,48510028,338872631,39496448,48510028,39496448,351148107,48510028,351148107,337670520,48510028,337670520,26519773,48510028,26519773,350787653,48510028,350787653,28878205,48510028,28878205,56243371,48510028,56243371,348515819,48510028,348515819,347066022,48510028,347066022,
高等教育	英国	352473175,48510028,352473175,351920965,48510028,351920965,346862321,48510028,346862321,23448791,48510028,23448791,349870265,48510028,349870265,346198994,48510028,346198994,348916228,48510028,348916228,345282592,48510028,345282592,334189586,48510028,334189586,340516766,48510028,340516766,
	小虾汉斯	350631177,350631177,37658459,37658459,21436078,21436078,349423754,349423754,20291129,20291129,28249356,28249356,265590650,265590650,342118950,342118950,60069033,60069033,290440696,290440696,
互联网	北京市	297726264,48509984,297726264,339495165,48509984,339495165,302242038,48509984,302242038,23900793,48509984,23900793,335092172,48509984,335092172,35186326,48509984,35186326,266233586,48509984,266233586,26290994,48509984,26290994,31149968,48509984,31149968,53675464,48509984,53675464,
金融	成都	
	仙境里的小屋	32300010,32300010,352074184,352074184,35103080,35103080,335807213,335807213,351139751,351139751,279262202,279262202,23819007,23819007,35046637,35046637,300656169,300656169,40207910,40207910,
互联网	广州市	270883846,270883846,26161562,26161562,266230601,266230601,26784045,26784045,43607087,43607087,20270540,20270540,54244634,54244634,46726145,46726145,27751139,27751139,263909521,263909521,
法律	上海市	351779111,48509984,351779111,351118441,48509984,351118441,350655387,48509984,350655387,29861427,48509984,29861427,348350686,48509984,348350686,349120697,48509984,349120697,346897709,48509984,346897709,61427887,48509984,61427887,347354112,48509984,347354112,345411976,48509984,345411976,
电子游戏	上海	352544032,48510028,352544032,40215899,48510028,40215899,352299328,48510028,352299328,348003746,48510028,348003746,345099951,48510028,345099951,35659389,48510028,35659389,283762516,48510028,283762516,352077900,48510028,352077900,352103403,48510028,352103403,67473950,48510028,67473950,
医疗服务	日本千叶县千叶市中央区富士见1-14-13	274369075,48510028,274369075,320465237,48510028,320465237,318573306,48510028,318573306,320121390,48510028,320121390,320758809,48510028,320758809,20093001,48510028,20093001,319356354,48510028,319356354,319477457,48510028,319477457,318180533,48510028,318180533,316921373,48510028,316921373,
	黎尤金	304366381,304366381,49388538,49388538,22679124,22679124,282691813,282691813,44895503,44895503,277241694,277241694,46711189,46711189,265483925,265483925,268949583,268949583,267850742,267850742,
互联网	北京	348029701,48510028,348029701,318496731,48510028,318496731,304499020,
	这是拥护啥	56158500,56158500,309656195,309656195,59961435,59961435,
	知乎用户	
法律	法律	
	科技美学	345385657,48510028,345385657,330298350,48510028,330298350,344295125,48510028,344295125,342158751,48510028,342158751,324419036,48510028,324419036,316118431,48510028,316118431,319644966,48510028,319644966,321575519,48510028,321575519,320825895,48510028,320825895,321625669,48510028,321625669,
	中国科学技术大学	
	邪典千尸屋	330442450,330442450,329527299,329527299,314373994,314373994,309916481,309916481,309244770,309244770,309589997,309589997,309886700,309886700,307124636,307124636,308000042,308000042,297055854,297055854,
	
临床医疗	济南	335705792,335705792,337211186,337211186,23162682,23162682,351312949,351312949,349074979,349074979,338516004,338516004,346449240,346449240,349698023,349698023,329260899,329260899,335327711,335327711,
建筑设备	Dear BL	
公关		
广播电视	打杂	
咨询分析	杭州	351916794,351916794,352387157,352387157,343248066,343248066,351960767,351960767,343102702,343102702,351939638,351939638,351700344,351700344,350696145,350696145,36904508,36904508,351239055,351239055,
家具	湖南省	60426754,60426754,281163763,281163763,348801304,348801304,61900825,61900825,278367892,278367892,299842258,299842258,264070680,264070680,307808414,307808414,344732424,344732424,33411995,33411995,
互联网	南京	351863729,48509984,351863729,324736734,48509984,324736734,267050849,48509984,267050849,311248723,48509984,311248723,297302428,48509984,297302428,282931198,48509984,282931198,274929865,48509984,274929865,24001068,37095367,48509984,37095367,266448599,48509984,266448599,59598299,48509984,59598299,
互联网	北京	305917770,48509984,305917770,292501248,48509984,292501248,59636030,48509984,59636030,272078554,48509984,272078554,27644563,48509984,27644563,38552565,48509984,38552565,63175444,48509984,63175444,49651743,48509984,49651743,66023088,48509984,66023088,62214094,48509984,62214094,
	珠海	347681272,347681272,350913617,350913617,351617208,351617208,351106143,351106143,349482593,349482593,348875551,348875551,347643832,347643832,347700089,347700089,344776308,344776308,347897060,347897060,
互联网		34845154,34845154,21347709,21347709,24623450,24623450,20657765,20657765,39862256,39862256,36071182,36071182,21799459,21799459,68181869,68181869,40811570,40811570,23698913,23698913,
互联网	北京	352389016,352389016,330402365,330402365,351574168,351574168,29122083,29122083,350993224,350993224,46693101,46693101,271661899,271661899,350171737,350171737,56740436,56740436,49432258,49432258,
	138989	350937823,350937823,352228356,352228356,349259458,349259458,350043460,350043460,349599078,349599078,349385717,349385717,345832687,345832687,347056868,347056868,336846013,336846013,349321781,349321781,
广告	北京	352067954,48509984,352067954,351509783,48509984,351509783,344019917,48509984,344019917,351314759,48509984,351314759,351265626,48509984,351265626,350959281,48509984,350959281,349521049,48509984,349521049,347499297,48509984,347499297,349722950,48509984,349722950,338425968,48509984,338425968,
创意艺术	上海	340670848,48510028,340670848,340823422,48510028,340823422,340424050,48510028,340424050,289194119,48510028,289194119,24266800,48510028,24266800,271362788,48510028,271362788,37952141,48510028,37952141,22653788,48510028,22653788,23424798,48510028,23424798,283621627,48510028,283621627,
政府	Washington DC	351551096,351551096,345899888,345899888,337089517,337089517,336224104,336224104,334346323,334346323,21746164,21746164,268776003,268776003,303175503,303175503,325177150,325177150,327177518,327177518,
	知识星球：https:\u002F\u002Ft.xiaomiquan.com\u002FUBMJMn6	350614145,350614145,349951077,349951077,346965791,346965791,344549330,344549330,336819313,336819313,332671808,332671808,332184159,332184159,329689396,329689396,266108003,266108003,328132832,328132832,
互联网	浙江省杭州市	347168307,48510028,347168307,350672843,48510028,350672843,348908714,48510028,348908714,345594015,48510028,345594015,315724900,48510028,315724900,347125903,48510028,347125903,349809274,48510028,349809274,349547220,48510028,349547220,345402457,48510028,345402457,348903187,48510028,348903187,
高等教育	多伦多	351894873,351894873,346049678,346049678,338061411,338061411,347011915,347011915,346122954,346122954,343403115,343403115,339384135,339384135,339525331,339525331,48865367,48865367,335530471,335530471,
高等教育	马萨诸塞州剑桥市	349335257,48510028,349335257,347997936,48510028,347997936,348181968,48510028,348181968,345525984,48510028,345525984,343761769,48510028,343761769,67701534,48510028,67701534,340653057,48510028,340653057,339594280,48510028,339594280,33891578,48510028,33891578,337362714,48510028,337362714,
机械设备	通辽市	337280067,337280067,328206204,328206204,324034626,324034626,327667908,327667908,322719253,322719253,323877340,323877340,323850215,323850215,322125208,322125208,321376730,321376730,314317238,314317238,
咨询分析	北京市	347875000,48510028,347875000,315022429,48510028,315022429,344973427,48510028,344973427,321646749,48510028,321646749,47425849,48510028,47425849,325703720,48510028,325703720,274411412,48510028,274411412,39931345,48510028,39931345,286569893,48510028,286569893,30545153,48510028,30545153,
临床医疗	北京	292287884,48510028,292287884,20568677,48510028,20568677,265375171,48510028,265375171,21760852,48510028,21760852,48399456,48510028,48399456,338933707,48510028,338933707,343543293,48510028,343543293,30084178,48510028,30084178,49864286,48510028,49864286,
培训	成都	332684032,332684032,56616040,56616040,318441544,318441544,331399221,331399221,328298332,328298332,327538678,327538678,328512816,328512816,68493292,68493292,21892677,21892677,48320022,48320022,
互联网	北京	347756476,347756476,39766410,39766410,324674358,324674358,36560129,36560129,26891149,26891149,325703688,325703688,52857778,52857778,31008989,31008989,23498424,23498424,66493608,66493608,
	长尾科技	36766702,36766702,38510046,38510046,56213196,56213196,324737835,324737835,63058681,63058681,28146336,28146336,303694178,303694178,299741613,299741613,268137136,268137136,22327933,22327933,
		338309369,338309369,348859111,348859111,321181672,321181672,344443217,344443217,34318806,34318806,341934138,341934138,340129643,340129643,318115318,318115318,340469510,340469510,22164977,22164977,
法律		
	
互联网	北京	40438969,40438969,316267138,316267138,34543612,34543612,275351176,275351176,20221715,20221715,293138588,293138588,27490321,27490321,20091616,20091616,308934009,308934009,20054811,20054811,
	奥地利	32276442,32276442,20274972,20274972,340906884,340906884,345689000,345689000,337118470,337118470,315885048,315885048,25553002,25553002,286525154,286525154,58021078,58021078,303135768,303135768,
	上海市	350648842,350648842,28966967,28966967,41163568,41163568,324575670,324575670,67051737,67051737,333443411,333443411,332634501,332634501,40207910,40207910,313830485,313830485,299069517,299069517,
	孙鹏	328832491,328832491,300917226,300917226,
互联网	知乎用户	
科研	日本	350292725,48510028,350292725,350294008,48510028,350294008,350070973,48510028,350070973,347405494,48510028,347405494,292443025,48510028,292443025,343396567,48510028,343396567,22807493,48510028,22807493,22265672,48510028,22265672,294544783,48510028,294544783,24171042,48510028,24171042,
高等教育	上海	352360866,48510028,352360866,351922674,48510028,351922674,351895561,48510028,351895561,349307004,48510028,349307004,324375014,48510028,324375014,340336262,48510028,340336262,351250613,48510028,351250613,351400070,48510028,351400070,351251441,48510028,351251441,26845652,48510028,26845652,
基础教育	趙翼然	351694885,351694885,348314797,348314797,306352630,306352630,305641802,305641802,305410022,305410022,304572131,304572131,304075545,304075545,301140532,301140532,295382091,295382091,64640938,64640938,
	知乎电影	344019917,48510028,344019917,333519959,48510028,333519959,341994002,48510028,341994002,342936488,48510028,342936488,
	快手精选视频	30403072,48510028,30403072,337263540,48510028,337263540,294929053,48510028,294929053,31937124,48510028,31937124,300373544,48510028,300373544,38279918,48510028,38279918,307651934,48510028,307651934,290941427,48510028,290941427,350310407,48510028,350310407,294088763,48510028,294088763,

	北京	316608391,48510028,316608391,312875657,48510028,312875657,319550846,48510028,319550846,20253839,48510028,20253839,299689783,48510028,299689783,29276541,48510028,29276541,24170019,48510028,24170019,21585475,48510028,21585475,65959553,48510028,65959553,281844413,48510028,281844413,
	金富力士在此	287799264,287799264,287656023,287656023,
高新科技	知乎用户	
创意艺术	上海	351160403,48509984,351160403,332337059,48509984,332337059,57953126,48509984,57953126,320085265,48509984,320085265,309140492,48509984,309140492,307792533,48509984,307792533,308691335,48509984,308691335,306897389,48509984,306897389,304320824,48509984,304320824,304893968,48509984,304893968,
咨询分析	大连	327000131,327000131,24953077,24953077,348832762,348832762,312542839,312542839,335094537,335094537,322705466,322705466,21174447,21174447,316170455,316170455,318112877,318112877,32085955,32085955,
餐饮	滕州	67385215,48509984,67385215,49588827,48509984,49588827,346036939,48509984,346036939,350674228,48509984,350674228,344874718,48509984,344874718,339002704,48509984,339002704,347033298,48509984,347033298,349378883,48509984,349378883,348816589,48509984,348816589,348854817,48509984,348854817,
装饰装潢	执北	24914488,24914488,31333146,31333146,19722055,19722055,287318331,287318331,26620889,26620889,268911206,268911206,300380359,300380359,270934835,270934835,22518335,22518335,24452688,24452688,
创意艺术	西安	321651085,321651085,319571517,319571517,316532853,316532853,298058523,298058523,37700504,37700504,62277155,62277155,56003599,56003599,59151912,59151912,58805865,58805865,38957037,38957037,
法律	上海	266713362,266713362,351889709,351889709,345211675,345211675,330994581,330994581,350631177,350631177,349423754,349423754,347311304,347311304,323337494,323337494,348943051,348943051,27188550,27188550,
娱乐休闲	内蒙古大学	
	大梦想程序商店	29147727,48510028,29147727,21940510,48510028,21940510,36546814,48510028,36546814,265726340,48510028,265726340,277398226,48510028,277398226,47045516,48510028,47045516,266021832,48510028,266021832,55262852,48510028,55262852,272485925,48510028,272485925,54580383,48510028,54580383,
	广州市	349872638,349872638,340745974,340745974,338904971,338904971,24972957,24972957,286733591,286733591,330140084,330140084,21324597,21324597,327053942,327053942,325011307,325011307,326780069,326780069,
医疗服务		350126182,350126182,351902990,351902990,31557238,31557238,347372020,347372020,344477978,344477978,344338112,344338112,344156081,344156081,338134502,338134502,325605528,325605528,324786943,324786943,
汽车	广东省	337264214,48509984,337264214,28878205,48509984,28878205,350774036,48509984,350774036,348195449,48509984,348195449,346764561,48509984,346764561,325480157,48509984,325480157,25306024,48509984,25306024,340359577,48509984,340359577,275470985,48509984,275470985,340246847,48509984,340246847,

	卡夫卡很忙	352173424,352173424,30649651,30649651,351843957,351843957,349698023,349698023,339812776,339812776,21128507,21128507,330009331,330009331,329147283,329147283,327783956,327783956,324630592,324630592,
教育	天津	
互联网	北京	
法律	厦门	350978456,48510028,350978456,350655387,48510028,350655387,315465629,48510028,315465629,349976414,48510028,349976414,26789831,48510028,26789831,333220171,48510028,333220171,348032762,48510028,348032762,347340847,48510028,347340847,27603479,48510028,27603479,276000271,48510028,276000271,
创意艺术	深圳市	344954093,344954093,324981875,324981875,312769000,312769000,314192065,314192065,312943692,312943692,298094608,298094608,306801956,306801956,275830694,275830694,292022029,292022029,269683905,269683905,
	洛杉矶	
创意艺术	吃不胖娘	51983022,51983022,319463689,319463689,276140235,276140235,269699980,269699980,66342367,66342367,323636805,323636805,41759135,41759135,25849804,25849804,275889588,275889588,26601522,26601522,
汽车	上海	352461022,48510028,352461022,352228356,48510028,352228356,323505422,48510028,323505422,351300910,48510028,351300910,37647238,48510028,37647238,350788339,48510028,350788339,349636210,48510028,349636210,350788619,48510028,350788619,350788807,48510028,350788807,343600404,48510028,343600404,
互联网	南京	351008278,351008278,351036384,351036384,350915528,350915528,349598228,349598228,348685156,348685156,346762535,346762535,346450641,346450641,345431917,345431917,345217293,345217293,343431810,343431810,
临床医疗	苏希西	25368440,25368440,58662264,58662264,26686292,26686292,55783301,55783301,20357247,20357247,39851186,39851186,303021173,303021173,303671507,303671507,34378290,34378290,21319237,21319237,
艺术娱乐	郑州	344754554,48509984,344754554,337571446,48509984,337571446,337583006,48509984,337583006,20381905,48509984,20381905,312410230,48509984,312410230,323952641,48509984,323952641,312441969,48509984,312441969,311221580,48509984,311221580,300221508,48509984,300221508,276297249,48509984,276297249,
法律	新加坡	
高等教育	哈尔滨市南岗区	351595687,351595687,51519217,51519217,351106143,351106143,350443247,350443247,347744137,347744137,347873488,347873488,337662152,337662152,347404761,347404761,266355228,266355228,283644488,283644488,
	一兜糖家居APP	266187379,48510028,266187379,48685050,48510028,48685050,338978748,48510028,338978748,25740178,48510028,25740178,23080919,48510028,23080919,330784999,48510028,330784999,31755025,48510028,31755025,45764422,48510028,45764422,337047368,48510028,337047368,31518028,48510028,31518028,
	BlueFinFish	329794288,329794288,299239760,299239760,
教育	东京	351243526,48510028,351243526,351775098,48510028,351775098,351640100,48510028,351640100,351108210,48510028,351108210,351262548,48510028,351262548,351316550,48510028,351316550,349897886,48510028,349897886,348236752,48510028,348236752,350223409,48510028,350223409,337992297,48510028,337992297,
	AC建筑创作	346369886,48510028,346369886,22663753,48510028,22663753,34898271,48510028,34898271,316826671,48510028,316826671,334906859,48510028,334906859,337554161,48510028,337554161,68209132,48510028,68209132,26106843,48510028,26106843,332128148,48510028,332128148,326923936,48510028,326923936,
财务	天津城南开洼地八里台	29325356,29325356,352376347,352376347,19719224,19719224,352068250,352068250,351420921,351420921,351511010,351511010,352062514,352062514,352296151,352296151,352177868,352177868,350264159,350264159,
	子弹	
贸易零售	圣保罗	328931014,328931014,
艺术娱乐	银河系	350659948,48509984,350659948,351108862,48509984,351108862,337895103,48509984,337895103,338378919,48509984,338378919,20409301,20409301,48509984,20409301,298900550,48509984,298900550,332192284,48509984,332192284,325840869,48509984,325840869,316062439,48509984,316062439,321916274,48509984,321916274,
	大阪	304754067,304754067,264675310,264675310,349482593,349482593,339495165,339495165,346165736,346165736,28247984,28247984,345415605,345415605,327308940,327308940,320757815,320757815,264415281,264415281,
体育健身	广州市	266090769,266090769,352574251,352574251,38183779,38183779,352217086,352217086,352060534,352060534,351884309,351884309,351550007,351550007,21750371,21750371,346923792,346923792,351275122,351275122,
	花萼哩蛤	46004408,46004408,329350149,329350149,329358603,329358603,36049306,36049306,317962414,317962414,324033047,324033047,324290315,324290315,324469278,324469278,324456625,324456625,323874698,323874698,
	上海	294305334,294305334,296095491,296095491,314939125,314939125,31936930,31936930,36081224,36081224,268737407,268737407,35365028,35365028,269397807,269397807,270762390,270762390,268175238,268175238,
法律	福州	
军火	加拿大	325700847,325700847,343431810,343431810,341490697,341490697,340272932,340272932,339700477,339700477,339549760,339549760,334744583,334744583,337913506,337913506,324743457,324743457,325580181,325580181,
高等教育	杭州	344806065,48510028,344806065,349809749,48510028,349809749,352108632,48510028,352108632,347084952,48510028,347084952,19656357,48510028,19656357,347439621,48510028,347439621,340356461,48510028,340356461,32306859,48510028,32306859,20406142,48510028,20406142,351304269,48510028,351304269,
	东京	268083827,268083827,341885869,341885869,325659020,325659020,20208693,20208693,264649422,264649422,321006089,321006089,318351978,318351978,27230749,27230749,307505644,307505644,302997613,302997613,
	
	公子婉	352214344,352214344,350902512,350902512,333583589,333583589,350690005,350690005,350403936,350403936,350060712,350060712,321333163,321333163,342963870,342963870,348947179,348947179,348274963,348274963,
	倩倩是背锅侠	342073312,342073312,345610336,345610336,65806578,65806578,313564280,313564280,334631367,334631367,294164509,294164509,340718102,340718102,340617747,340617747,338317618,338317618,339408725,339408725,
临床医疗	小猪佩琦	339292412,339292412,35542553,35542553,
互联网		31937124,31937124,32276442,32276442,62972819,62972819,308662400,308662400,336840672,336840672,286525154,286525154,348318313,348318313,304970889,304970889,26111344,26111344,266586355,266586355,
科研	旧金山 (San Francisco)	339830767,339830767,341336919,341336919,329940758,329940758,38881545,38881545,67277753,67277753,56024065,56024065,315997694,315997694,310888940,310888940,301425454,301425454,301397905,301397905,
金融	上海	350926053,48509984,350926053,351312949,48509984,351312949,349833803,48509984,349833803,351013719,48509984,351013719,316815307,48509984,316815307,347823484,48509984,347823484,346708717,48509984,346708717,347495742,48509984,347495742,347706423,48509984,347706423,294703015,48509984,294703015,
281271203,281271203,28624810,28624810,
广播电视	瓜掉了你捡不捡	346708717,346708717,341390846,341390846,343607762,343607762,332144102,332144102,21808248,21808248,296774554,296774554,339329734,339329734,323305666,323305666,288381809,288381809,323927781,323927781,
	宁浩	305188717,48510028,305188717,27316773,48510028,27316773,
	未名湖景区附属大学	351937507,351937507,350857182,350857182,350182937,350182937,350131248,350131248,66786926,66786926,64992237,64992237,271954500,271954500,345966648,345966648,347747351,347747351,347495742,347495742,
互联网		352481584,48510028,352481584,352528714,48510028,352528714,352067360,48510028,352067360,352064556,48510028,352064556,302415770,48510028,302415770,350593226,48510028,350593226,339169216,48510028,339169216,41182911,48510028,41182911,349768326,48510028,349768326,350635381,48510028,350635381,
创意艺术	杭州	351312949,48510028,351312949,350298815,48510028,350298815,349675424,48510028,349675424,347489182,48510028,347489182,343348904,48510028,343348904,343033809,48510028,343033809,340697469,48510028,340697469,337696478,48510028,337696478,336777001,48510028,336777001,57183057,48510028,57183057,
	菠菜	20462764,20462764,348832762,348832762,347756476,347756476,344508272,344508272,347882308,347882308,343651554,343651554,346673824,346673824,346132434,346132434,342318692,342318692,345502481,345502481,
汽车	上海	
	软件工程	
	阿潘馆长	336417193,336417193,63538299,63538299,319258164,319258164,276248841,276248841,318606911,318606911,55629283,55629283,28079504,28079504,276906660,276906660,29687555,29687555,276620696,276620696,
法律	北京	271618627,48510028,271618627,267713450,48510028,267713450,60113195,48510028,60113195,57961848,48510028,57961848,66770322,48510028,66770322,59614208,48510028,59614208,50832573,55642773,48510028,55642773,48840916,48510028,48840916,52959387,48510028,52959387,21140914,48510028,21140914,26840075,
	杭州	38463603,38463603,281502544,281502544,349604058,349604058,347921202,347921202,347667591,347667591,334343819,334343819,27914845,27914845,346292180,346292180,346125365,346125365,341334436,341334436,60082119,
旅游	中山	350695643,48510028,350695643,350695873,48510028,350695873,27648526,48510028,27648526,313884246,48510028,313884246,337580941,48510028,337580941,337581102,48510028,337581102,339908305,48510028,339908305,332580556,48510028,332580556,331192905,48510028,331192905,23814202,48510028,23814202,
互联网	北京	351782671,351782671,341938727,341938727,24700472,24700472,337970710,337970710,349513003,349513003,329695005,329695005,310278668,310278668,347864486,347864486,343918658,343918658,346932256,346932256,
渔业	日本动画	21002845,48509984,21002845,350880032,48509984,350880032,351047511,48509984,351047511,351453558,48509984,351453558,351835175,48509984,351835175,351092300,48509984,351092300,351583196,48509984,351583196,326797252,48509984,326797252,36904508,48509984,36904508,351340726,48509984,351340726,
咨询分析	惟明心	349760558,349760558,266668342,266668342,346151496,346151496,347468343,347468343,345590846,345590846,344135684,344135684,343074605,343074605,341206995,341206995,337285632,337285632,340430934,340430934,
电子商务	中国美术学院	343633143,343633143,347182898,347182898,347392324,347392324,296578324,296578324,35373395,35373395,342813959,342813959,345293594,345293594,338991392,338991392,344844457,344844457,344483118,344483118,
化工业	威海	350636234,48510028,350636234,338921130,48510028,338921130,346596307,48510028,346596307,343981496,48510028,343981496,343147385,48510028,343147385,309829103,48510028,309829103,340654495,48510028,340654495,267229267,48510028,267229267,341372843,48510028,341372843,337970710,48510028,337970710,
市场推广	北京	61318374,61318374,40079534,40079534,40074554,40074554,39266484,39266484,39151019,39151019,38643544,38643544,38205631,38205631,36537664,36537664,27397477,27397477,28986762,28986762,
咨询分析	纽约	299700466,48510028,299700466,349685679,48510028,349685679,349942003,48510028,349942003,292091101,48510028,292091101,318913382,48510028,318913382,63936962,48510028,63936962,347835822,48510028,347835822,348131574,48510028,348131574,344080799,48510028,344080799,348028641,48510028,348028641,
	爱与我同在	325430383,325430383,348859111,348859111,288948815,288948815,41014554,41014554,347508678,347508678,340182781,340182781,30781786,30781786,343493539,343493539,330073242,330073242,338084987,338084987,
机械设备	北京	291597382,48509984,291597382,20602526,48509984,20602526,348478699,48509984,348478699,346060949,48509984,346060949,312115311,48509984,312115311,337770589,48509984,337770589,346895567,48509984,346895567,339138922,48509984,339138922,335242710,48509984,335242710,330478409,48509984,330478409,
	艺术	
	美少女壮士	52085271,52085271,34587767,34587767,319074132,319074132,300181262,300181262,29282169,29282169,40335735,40335735,313867683,313867683,27670966,27670966,20701472,20701472,323878093,323878093,
互联网	运城	312597729,312597729,310447362,310447362,309887627,309887627,273884310,273884310,
创意艺术	地球	352219802,352219802,28217018,28217018,348996703,348996703,348904824,348904824,351406805,351406805,351262548,351262548,346139525,346139525,350957345,350957345,350272769,350272769,49940883,49940883,
计算机软件	罐装猫粮	
	
渔业	郑州市	345228155,345228155,348957764,348957764,30909236,30909236,341689791,341689791,342318692,342318692,31781807,31781807,340296172,340296172,343396211,343396211,332761242,332761242,341365918,341365918,
政府	大俄亥俄首府	351875084,351875084,351165549,351165549,315745653,315745653,349629354,349629354,349373671,349373671,49219202,49219202,54957651,54957651,349545655,349545655,348608210,348608210,346253906,346253906,
科研	伦敦（Greater London）	348067123,48510028,348067123,338980186,48510028,338980186,334381036,327614103,48510028,327614103,50465242,48510028,50465242,327357864,48510028,327357864,327563015,48510028,327563015,46883195,48510028,46883195,318346341,48510028,318346341,58018004,48510028,58018004,19583765,48510028,19583765,
咨询分析	北京	352080473,352080473,351109942,351109942,348970353,348970353,350614145,350614145,350786596,350786596,350529757,350529757,349998035,349998035,343191468,343191468,348370059,348370059,344339517,344339517,
电子游戏	大连	349250559,349250559,342640220,342640220,340435732,340435732,338377310,338377310,339949365,339949365,336584973,336584973,47511955,47511955,286701287,286701287,335357791,335357791,337235150,337235150,
教育	深圳市	50343728,50343728,26701102,26701102,19819957,19819957,51326409,51326409,26980854,26980854,26806962,26806962,30768861,30768861,30178891,30178891,301459876,301459876,58225198,58225198,
	
高新科技	杭州	343550429,48510028,343550429,351671384,48510028,351671384,276322637,48510028,276322637,343546077,48510028,343546077,343055695,48510028,343055695,343104013,48510028,343104013,342995414,48510028,342995414,331587626,48510028,331587626,27776595,48510028,27776595,22541952,48510028,22541952,
政府	武汉	40315645,40315645,349598228,349598228,310626210,310626210,32237866,32237866,341470490,341470490,271212996,271212996,340534076,340534076,315370573,315370573,346522169,346522169,318163620,318163620,
互联网		
	广州市	333770261,333770261,263959824,263959824,23421866,23421866,323292540,323292540,25427645,25427645,20167901,20167901,23136740,23136740,66824103,66824103,63703337,63703337,319045805,319045805,
	东叔	286837417,286837417,67834150,67834150,344792241,344792241,342170257,342170257,342795217,342795217,342999457,342999457,338682247,338682247,338227151,338227151,301460591,301460591,323926830,323926830,
互联网		351991874,351991874,337534407,337534407,351765908,351765908,349691807,349691807,348882312,348882312,344954093,344954093,67022720,67022720,351559503,351559503,40956684,40956684,350392255,350392255,
	没事干研究院	321894996,48510028,321894996,25374923,48510028,25374923,31837676,48510028,31837676,20466683,48510028,20466683,283796731,48510028,283796731,48339054,48510028,48339054,309433961,48510028,309433961,30679600,48510028,30679600,20034102,48510028,20034102,22473004,48510028,22473004,
高等教育	重庆	343995869,343995869,25151940,25151940,57411072,57411072,348639185,348639185,292890900,292890900,333376298,333376298,286534732,286534732,323657325,323657325,20566125,20566125,330915372,330915372,
	简十一	301793024,301793024,321905909,321905909,19581185,19581185,25056214,25056214,35471739,35471739,37708264,37708264,304087708,304087708,36091285,36091285,47908341,47908341,24317568,24317568,
医疗服务	长沙	352171277,352171277,350595678,350595678,270393195,270393195,338989566,338989566,309147753,309147753,59668708,59668708,285574153,285574153,26995290,26995290,279110784,279110784,343544158,343544158,
	签约主播	
咨询分析	上海	24632706,24632706,19857821,19857821,19941282,19941282,19946343,19946343,19854013,19854013,19865174,19865174,19815229,19815229,19813918,19813918,19810073,19810073,19602632,19602632,
咨询分析	北京	24359469,24359469,20880570,20880570,345752008,345752008,346764144,346764144,344468000,344468000,342819638,342819638,343167170,343167170,342936488,342936488,340703902,340703902,340532263,340532263,
创意艺术	深圳市	336203471,336203471,344019917,344019917,291962739,291962739,29174460,29174460,347620659,347620659,347520333,347520333,20743279,20743279,345593418,345593418,341140280,341140280,37879507,37879507,
广播电视	南宁市	293203610,293203610,280332843,280332843,22972520,22972520,48182005,48182005,19801080,19801080,276226558,276226558,276320728,276320728,275701445,275701445,275426022,275426022,36101567,36101567,
证券投资	上海市	345846694,48509984,345846694,344066512,48509984,344066512,310575511,48509984,310575511,300840760,48509984,300840760,290513793,48509984,290513793,281862566,48509984,281862566,24280516,48509984,24280516,64749195,48509984,64749195,64662074,48509984,64662074,59803604,48509984,59803604,
互联网	北京	19719908,48510028,19719908,26918283,48510028,26918283,

互联网	济南	349398389,48510028,349398389,310777109,48510028,310777109,348032762,48510028,348032762,22485443,48510028,22485443,347302891,48510028,347302891,333433907,48510028,333433907,340415734,48510028,340415734,286515078,48510028,286515078,338024457,48510028,338024457,24677921,48510028,24677921,
	绾绾	25079037,25079037,348807807,348807807,320912326,320912326,20270353,20270353,336840672,336840672,46842994,46842994,29693434,29693434,36358901,36358901,331743255,331743255,67897471,67897471,
互联网	东北大学	27440646,27440646,
金融	知乎用户	
临床医疗	上海	350336215,48510028,350336215,348029595,48510028,348029595,349548263,48510028,349548263,341063544,48510028,341063544,347495742,48510028,347495742,347354112,48510028,347354112,347268325,48510028,347268325,346949677,48510028,346949677,346080508,48510028,346080508,346758272,48510028,346758272,
高等教育	保定	347408511,48510028,347408511,342482043,48510028,342482043,323927781,48510028,323927781,301686443,48510028,301686443,300964208,48510028,300964208,34347084,48510028,34347084,288026861,48510028,288026861,293315890,48510028,293315890,290723940,48510028,290723940,293130446,48510028,293130446,
电子商务	深圳市	346936214,346936214,352486423,352486423,312434037,312434037,351607398,351607398,320507085,320507085,323966917,323966917,352011101,352011101,351426844,351426844,352361530,352361530,352018211,352018211,
	首都警备司令部司令	331129666,331129666,40044268,40044268,323835771,323835771,22501560,22501560,264213401,264213401,352001523,352001523,346089628,346089628,55924037,55924037,54220610,54220610,351480037,351480037,
互联网	吃梨	352321860,352321860,334587481,334587481,35399883,35399883,350674658,350674658,335432228,335432228,346554006,346554006,268216399,268216399,347337703,347337703,20932968,20932968,345943752,345943752,
政府	天津	314768506,48510028,314768506,351669202,48510028,351669202,299203094,48510028,299203094,349944053,48510028,349944053,351747235,48510028,351747235,283225380,48510028,283225380,315465629,48510028,315465629,351730041,48510028,351730041,351342332,48510028,351342332,345368176,48510028,345368176,

	杨柳	
	Oooold momey	46417835,46417835,326609532,326609532,
高新科技		
	
法律	上海	293133613,293133613,343661811,343661811,338766555,338766555,333336635,333336635,66294542,66294542,267461136,267461136,22581785,22581785,315499329,315499329,320347760,320347760,303772878,303772878,
教育	北京	24189696,48509984,24189696,22740007,48509984,22740007,26044440,48509984,26044440,30602857,48509984,30602857,280525031,48509984,280525031,327648566,48509984,327648566,24821622,48509984,24821622,66337727,48509984,66337727,28826602,48509984,28826602,19670995,48509984,19670995,
	Yiqin Fu	317066560,317066560,306337989,306337989,26677313,26677313,24821978,24821978,23185101,23185101,264617775,264617775,32164316,32164316,34897210,34897210,41854964,41854964,41365485,41365485,
	邓恩熙	304526440,48510028,304526440,295007509,48510028,295007509,
	知乎用户	
	波罗海里有只咩	323324736,323324736,263505147,263505147,331182551,331182551,37248069,37248069,
渔业	挨踢民工	
科研	丹麦（Denmark）	352474363,48510028,352474363,352208169,48510028,352208169,351823377,48510028,351823377,265181681,48510028,265181681,47208169,48510028,47208169,63020226,48510028,63020226,342113396,48510028,342113396,342977389,48510028,342977389,345591601,48510028,345591601,270393195,48510028,270393195,
	小太阳	297225697,297225697,300080241,300080241,22850715,22850715,267234875,267234875,263663443,263663443,67490530,67490530,64873490,64873490,
高等教育	Boston	309141897,48510028,309141897,271934519,48510028,271934519,351744093,48510028,351744093,351133593,48510028,351133593,345606113,48510028,345606113,299203094,48510028,299203094,333374142,48510028,333374142,351646498,48510028,351646498,351312949,48510028,351312949,351336288,48510028,351336288,
互联网	浙江	19988840,48510028,19988840,271940490,48510028,271940490,22139035,48510028,22139035,324978602,48510028,324978602,22204774,48510028,22204774,68103156,48510028,68103156,27925812,48510028,27925812,22378218,48510028,22378218,21430286,48510028,21430286,37226968,48510028,37226968,
	科大讯飞	343162310,48510028,343162310,306851375,48510028,306851375,305898425,48510028,305898425,304152642,48510028,304152642,302101859,48510028,302101859,62986539,48510028,62986539,301325350,48510028,301325350,264212722,48510028,264212722,298313648,48510028,298313648,295399545,48510028,295399545,
	旅行	20973075,48510028,20973075,32363689,48510028,32363689,21434510,48510028,21434510,24979259,48510028,24979259,59719745,48510028,59719745,57359295,48510028,57359295,265765381,48510028,265765381,322610386,48510028,322610386,324293337,48510028,324293337,28583306,48510028,28583306,
资本投资	君子心	338158460,338158460,351103940,351103940,40236763,40236763,346519276,346519276,347866635,347866635,27101013,27101013,25000580,25000580,347828201,347828201,337687279,337687279,340923334,340923334,
临床医疗	牙医	347268325,347268325,333501422,333501422,265637604,265637604,31797608,31797608,312784161,312784161,307947568,307947568,19851587,19851587,38784147,38784147,26504484,26504484,312100729,312100729,
互联网	Greater Washington D.C area	
	北京	60627166,60627166,351583438,351583438,339405132,339405132,350675490,350675490,24205632,24205632,326623299,326623299,343187633,343187633,302187143,302187143,28431991,28431991,59552198,59552198,
科研	东乌珠穆沁旗	40458036,40458036,349809749,349809749,350015829,350015829,350782494,350782494,352208169,352208169,30543838,30543838,301683265,301683265,351007756,351007756,34225818,34225818,340253679,340253679,
公共管理	彳亍	336335758,336335758,313124563,313124563,22922069,22922069,310712988,310712988,311305884,311305884,311146907,311146907,310794178,310794178,310845977,310845977,310627913,310627913,308680568,308680568,
互联网	北京	350206088,48510028,350206088,345701163,48510028,345701163,345283912,48510028,345283912,344763924,48510028,344763924,340134550,48510028,340134550,332699841,48510028,332699841,19568396,302311885,48510028,302311885,315361987,48510028,315361987,297841881,48510028,297841881,25332314,48510028,25332314,
	中国人民大学	288107434,288107434,283330609,283330609,27657096,27657096,56297104,56297104,50162658,50162658,50874500,50874500,50544224,50544224,50335070,50335070,50278321,50278321,23024557,23024557,
	幼儿教育	
高等教育	哈尔滨	350723383,350723383,350129846,350129846,348928508,348928508,350292725,350292725,19644892,19644892,349201227,349201227,347435892,347435892,349245479,349245479,346415171,346415171,342318692,342318692,
互联网	上海	323966917,323966917,339946548,339946548,344302921,344302921,351454883,351454883,
互联网	深圳市	340064452,340064452,334429085,334429085,336833478,336833478,329905481,329905481,328623443,328623443,321878767,321878767,313093351,313093351,308985671,308985671,308653208,308653208,306287431,306287431,
	APP下载：https:\u002F\u002Ftheblockbeats.com\u002Fdownload?from=3	344963143,344963143,348292367,348292367,348416708,348416708,349423045,349423045,343312583,343312583,347693927,347693927,344145155,344145155,340718523,340718523,265072903,265072903,340920604,340920604,
	科普中国	50184421,48510028,50184421,27975879,48510028,27975879,
高等教育	北京市朝阳区东四环	334627619,48509984,334627619,327311693,48509984,327311693,19819957,48509984,19819957,324137789,48509984,324137789,320663787,48509984,320663787,317383267,48509984,317383267,36756803,48509984,36756803,314262952,48509984,314262952,284128568,48509984,284128568,303489055,48509984,303489055,
科研	粒子物理学	352387157,48510028,352387157,343342308,48510028,343342308,326587329,48510028,326587329,325989432,48510028,325989432,264072638,48510028,264072638,317707332,48510028,317707332,20137814,48510028,20137814,306387564,48510028,306387564,303381175,48510028,303381175,303671507,48510028,303671507,
化工业	上海	
法律	广州市	352222192,48510028,352222192,350594665,48510028,350594665,350322267,48510028,350322267,350043460,48510028,350043460,348498244,48510028,348498244,346969006,48510028,346969006,346242751,48510028,346242751,280706855,48510028,280706855,328880424,48510028,328880424,21501047,48510028,21501047,
	网易体育	346372237,48510028,346372237,61898579,48510028,61898579,352237500,48510028,352237500,349483923,48510028,349483923,352147808,48510028,352147808,290534479,48510028,290534479,304174913,48510028,304174913,320010349,48510028,320010349,351218630,48510028,351218630,350771528,48510028,350771528,
银行	上海	48169282,48169282,352322719,352322719,345323784,345323784,351106143,351106143,349983608,349983608,350285747,350285747,350595678,350595678,349698023,349698023,26828860,26828860,338818657,338818657,
广告	上海	345899888,345899888,342016897,342016897,326125696,326125696,19736701,19736701,29442001,29442001,27490957,27490957,330135947,330135947,22259244,22259244,30901993,30901993,20054842,20054842,
	牛小黑	283858900,283858900,
互联网	知乎用户	
互联网	杭州	
	Universite Jean Monnet (St-Etienne)	352387157,352387157,350960024,350960024,349616714,349616714,266859972,266859972,349451067,349451067,302293684,302293684,326236234,326236234,39653874,39653874,347206227,347206227,347343370,347343370,
广告	Master.Wu	351447926,351447926,348791584,348791584,313901943,313901943,349401276,349401276,347447541,347447541,348378968,348378968,348194106,348194106,348028641,348028641,346762535,346762535,330662858,330662858,
艺术娱乐	北京	
临床医疗		352059823,352059823,326487228,326487228,350861525,350861525,288619317,288619317,347372020,347372020,348376834,348376834,345904870,345904870,341212245,341212245,339710620,339710620,338889932,338889932,
	上海	341447856,341447856,330474844,330474844,328451359,328451359,327480011,327480011,325330654,325330654,324101099,324101099,323390306,323390306,320604242,320604242,315755748,315755748,318296001,318296001,
	刘看山福利社	351145503,48510028,351145503,36071560,48510028,36071560,351143845,48510028,351143845,343247440,48510028,343247440,343187633,48510028,343187633,340478420,48510028,340478420,21688284,48510028,21688284,295883762,48510028,295883762,323689116,48510028,323689116,275632612,48510028,275632612,
互联网	南洲九区五街一巷8号	
医疗服务	上海	343526574,48510028,343526574,343535134,48510028,343535134,280429101,48510028,280429101,343819759,48510028,343819759,339349453,48510028,339349453,343499950,48510028,343499950,289694576,48510028,289694576,343173990,48510028,343173990,21993559,48510028,21993559,312253674,48510028,312253674,
	天津 和平区	351976108,351976108,351509783,351509783,20577421,20577421,345593418,345593418,351204606,351204606,350700789,350700789,276545208,276545208,53302271,53302271,24280571,24280571,336685600,336685600,
高等教育	云南	310186247,310186247,61134374,61134374,24314797,24314797,320915043,320915043,320650054,320650054,314704750,314704750,316929777,316929777,275351176,275351176,312611344,312611344,311698899,311698899,
	公子V	351133657,351133657,350857182,350857182,347495742,347495742,342318692,342318692,322666481,322666481,285582826,285582826,341049216,341049216,340023541,340023541,308413756,308413756,332507628,332507628,
互联网	北京	352408713,352408713,351122226,351122226,350706759,350706759,352076986,352076986,339169216,339169216,351074765,351074765,350786596,350786596,349998035,349998035,348131574,348131574,347565146,347565146,
互联网	的萨菲爱的色放	335338276,335338276,282364798,282364798,335664294,335664294,299648668,299648668,296857796,296857796,66651656,66651656,66404035,66404035,62214685,62214685,61702137,61702137,61455115,61455115,
互联网	杭州	342049298,48509984,342049298,35289579,48509984,35289579,51269171,48509984,51269171,47451561,48509984,47451561,281158235,48509984,281158235,310675395,48509984,310675395,39474276,48509984,39474276,41854964,48509984,41854964,295454420,48509984,295454420,296260566,48509984,296260566,
互联网	北京	351607398,351607398,352171277,352171277,345606113,345606113,343995869,343995869,344954093,344954093,349944053,349944053,350827215,350827215,23713916,23713916,351188478,351188478,345593418,345593418,
临床医疗	北京市	
互联网	阿聊不见了	321937497,321937497,320730133,320730133,300574461,300574461,264853466,264853466,263769820,263769820,
	
	成都市	340750851,340750851,
政府	香港	
互联网	尼日利亚	
	草木一秋	352026526,352026526,351707341,351707341,348904824,348904824,350957345,350957345,351141169,351141169,350959820,350959820,350610184,350610184,350029304,350029304,350014716,350014716,349993128,349993128,
电子游戏	杭州	27280354,27280354,351953744,351953744,299197229,299197229,335420423,335420423,28971397,28971397,19871499,19871499,39000889,39000889,310186247,310186247,336340127,336340127,27530064,27530064,
旅游	世界	349598228,48509984,349598228,19851528,48509984,19851528,344250849,48509984,344250849,318446058,48509984,318446058,324250123,48509984,324250123,322314853,48509984,322314853,321467115,48509984,321467115,50608844,48509984,50608844,321168776,48509984,321168776,321197042,48509984,321197042,
高新科技	何静回来了	349405067,349405067,344313665,344313665,351426844,351426844,309141897,309141897,351886822,351886822,351757732,351757732,351316749,351316749,350788959,350788959,351412702,351412702,351014096,351014096,
培训	金华	
	上海	342384720,342384720,323182285,323182285,22724242,22724242,56145070,56145070,55081944,55081944,41604340,41604340,24351460,24351460,266357428,266357428,28293874,28293874,27255075,27255075,
高等教育	中国科学技术大学	
	皇太极	25819404,25819404,306586868,306586868,24618051,24618051,316926128,316926128,41435689,41435689,347495742,347495742,41799510,41799510,345307809,345307809,264060644,264060644,22680523,22680523,
	少女的脉搏	
	许晓东	315738204,315738204,325774498,325774498,320858698,320858698,315721305,315721305,290887520,290887520,264064024,264064024,27825456,27825456,19656093,19656093,24292879,24292879,36310571,36310571,
	晶晶	347874519,347874519,347578519,347578519,20127438,20127438,346914430,346914430,347024131,347024131,341331686,341331686,342382428,342382428,339625834,339625834,343426120,343426120,343676995,343676995,
咨询分析	北京市	23713916,23713916,333205510,333205510,316879977,316879977,318572657,318572657,347877211,347877211,337077145,337077145,334849966,334849966,309575299,309575299,55783301,55783301,327563279,327563279,
	知乎用户	
金融	北京	317600442,48510028,317600442,330009331,48510028,330009331,328851449,48510028,328851449,327783956,48510028,327783956,327764086,48510028,327764086,320795666,48510028,320795666,311425277,48510028,311425277,320877297,48510028,320877297,320318714,48510028,320318714,35163926,48510028,35163926,
艺术娱乐	广州市	351370497,48509984,351370497,342016897,48509984,342016897,336035791,48509984,336035791,336577422,48509984,336577422,332192284,48509984,332192284,50070668,48509984,50070668,316236851,48509984,316236851,326166837,48509984,326166837,324512663,48509984,324512663,314568486,48509984,314568486,
电子游戏	田中澪	352382723,352382723,352210400,352210400,352204637,352204637,350923522,350923522,40754673,40754673,350944134,350944134,351265626,351265626,343600519,343600519,351079149,351079149,350321410,350321410,
教育	南山，曾住东京	348678522,48510028,348678522,344859993,48510028,344859993,344499948,48510028,344499948,27252044,48510028,27252044,38632401,48510028,38632401,28358499,48510028,28358499,30178891,48510028,30178891,309005056,48510028,309005056,268087652,48510028,268087652,25670119,48510028,25670119,
互联网	荆州	19853667,19853667,23315417,23315417,36449108,36449108,26677313,26677313,27702564,27702564,20949078,20949078,20669324,20669324,314902228,314902228,320577584,320577584,
法律		
	互联网	352173424,48510028,352173424,352080473,48510028,352080473,349994906,48510028,349994906,349998035,48510028,349998035,349697452,48510028,349697452,349615849,48510028,349615849,349548263,48510028,349548263,347899440,48510028,347899440,347845021,48510028,347845021,346965791,48510028,346965791,
策展	北京	342482043,342482043,34587107,34587107,317662677,317662677,310913737,310913737,55330529,55330529,54114510,54114510,65316844,65316844,297798182,297798182,279387872,279387872,280558706,280558706,
	正点妈妈	323402529,323402529,351213161,351213161,350468551,350468551,339460878,339460878,30147821,30147821,337534016,337534016,
广播电视	会长	352211856,352211856,352481584,352481584,352285995,352285995,351958376,351958376,352060806,352060806,352026526,352026526,351185742,351185742,282077362,282077362,349262750,349262750,349172813,349172813,
畜牧养殖业	北京	352473175,352473175,33220674,33220674,287524343,287524343,306535168,306535168,352108632,352108632,351787265,351787265,352075702,352075702,334316502,334316502,338967544,338967544,351893135,351893135,
互联网	深圳市	313825759,313825759,279110784,279110784,24606658,24606658,66624238,66624238,308662578,308662578,48536680,48536680,20770272,20770272,277308854,277308854,65385319,65385319,315075546,315075546,
互联网	东篱南山-阿biang	
	通辽市	350227815,350227815,350809423,350809423,349670522,349670522,349675424,349675424,347604769,347604769,349482593,349482593,62826707,62826707,331780469,331780469,265876681,265876681,348733449,348733449,
创意艺术	北京	346719886,346719886,338253725,338253725,23102073,23102073,321941092,321941092,334944042,334944042,31252017,31252017,19875735,19875735,20091313,20091313,23712198,23712198,320312465,320312465,
畜牧养殖业		342035750,342035750,346435901,346435901,332703251,332703251,336742581,336742581,42084436,42084436,336222623,336222623,23276486,23276486,336396007,336396007,335153716,335153716,336058695,336058695,
科研	海淀区	352384014,48510028,352384014,352108632,48510028,352108632,351857255,48510028,351857255,48300695,48510028,48300695,274978007,48510028,274978007,22930891,48510028,22930891,335140617,48510028,335140617,278155816,48510028,278155816,344405727,48510028,344405727,351574168,48510028,351574168,
	Yi Yang	325023475,48509984,325023475,24038880,48509984,24038880,286845638,48509984,286845638,313430140,48509984,313430140,313072513,48509984,313072513,38027158,48509984,38027158,309785359,48509984,309785359,311141242,48509984,311141242,305322925,48509984,305322925,299134604,48509984,299134604,
法律	上海	
计算机软件	西雅图（Seattle）	337481109,337481109,352498895,352498895,352171277,352171277,351386257,351386257,350801376,350801376,343979039,343979039,352116266,352116266,351820283,351820283,347670274,347670274,341544600,341544600,
	鹿将归	346709712,346709712,351238268,351238268,352362502,352362502,333846956,333846956,277132148,277132148,336203471,336203471,352185443,352185443,352185061,352185061,344220807,344220807,352019794,352019794,
幼儿教育	河北省	339780811,339780811,346435901,346435901,347881722,347881722,344593686,344593686,325488404,325488404,344668334,344668334,336283327,336283327,332512397,332512397,345474102,345474102,266809594,266809594,
政府	随你怎么取	349758275,349758275,286725777,286725777,292958092,292958092,48401749,48401749,270123090,270123090,24258407,24258407,263670828,263670828,301325442,301325442,68057548,68057548,294220610,294220610,
非营利组织	浪花里的一朵	348515847,348515847,340486237,340486237,338588321,338588321,335407782,335407782,331904964,331904964,335091030,335091030,334903197,334903197,334681705,334681705,329153324,329153324,332945769,332945769,
	匹兹堡	327000131,327000131,27428780,27428780,341433061,341433061,25151940,25151940,22490893,22490893,264982477,264982477,37357005,37357005,30498128,30498128,68041701,68041701,67663598,67663598,
互联网	上海	340251416,340251416,335218604,335218604,343856097,343856097,343423965,343423965,343126340,343126340,319774219,319774219,315583195,315583195,321239295,321239295,61139334,61139334,319685634,319685634,
科研	珀斯	351766115,48510028,351766115,342066985,48510028,342066985,37712150,48510028,37712150,350292725,48510028,350292725,349045610,48510028,349045610,349697452,48510028,349697452,348931011,48510028,348931011,347646586,48510028,347646586,347208973,48510028,347208973,346901236,48510028,346901236,
科研	吴先生	351810026,351810026,341397173,341397173,349255538,349255538,350809415,350809415,350745322,350745322,338879470,338879470,267529330,267529330,350079507,350079507,20441446,20441446,349976414,349976414,
	英雄联盟	351718017,48510028,351718017,352265033,48510028,352265033,351699096,48510028,351699096,344241475,48510028,344241475,351681720,48510028,351681720,351698889,48510028,351698889,351693712,48510028,351693712,351648426,48510028,351648426,351498732,48510028,351498732,351242456,48510028,351242456,
	北京市	351728964,351728964,349566175,349566175,349554492,349554492,31107721,31107721,344546627,344546627,36486450,36486450,343489112,343489112,341926844,341926844,20489674,20489674,339406812,339406812,
	
	北京	28161270,48509984,28161270,327421935,48509984,327421935,51429662,48509984,51429662,282956653,48509984,282956653,29288818,48509984,29288818,304751380,48509984,304751380,282931198,48509984,282931198,276638436,48509984,276638436,39196386,48509984,39196386,30902178,48509984,30902178,
出版业	上海	349083438,349083438,336840672,336840672,282150931,282150931,350072008,350072008,263505768,263505768,349385717,349385717,300834730,300834730,347843454,347843454,347888264,347888264,347732517,347732517,
	猫盟CFCA	27003973,48510028,27003973,28358642,48510028,28358642,265589682,48510028,265589682,64434981,48510028,64434981,40100261,48510028,40100261,329481401,48510028,329481401,30086968,48510028,30086968,
互联网	知乎用户	
证券投资	伦敦	351997596,48510028,351997596,350943961,48510028,350943961,350138075,48510028,350138075,348483493,48510028,348483493,347874519,48510028,347874519,344533424,48510028,344533424,345307809,48510028,345307809,341494565,48510028,341494565,342526322,48510028,342526322,344483136,48510028,344483136,
	上海	280651361,48509984,280651361,47581654,48509984,47581654,307263436,48509984,307263436,333436260,48509984,333436260,68480751,48509984,68480751,50895523,48509984,50895523,323763825,48509984,323763825,322844188,48509984,322844188,296753623,48509984,296753623,19866749,48509984,19866749,
科研	德国法兰克福	55110691,48510028,55110691,351105205,48510028,351105205,49401742,48510028,49401742,351630539,48510028,351630539,349617188,48510028,349617188,270498281,48510028,270498281,347302891,48510028,347302891,348515847,48510028,348515847,347330239,48510028,347330239,346999432,48510028,346999432,
	成都	351698553,351698553,351025746,351025746,349804247,349804247,349698023,349698023,349639318,349639318,347497848,347497848,347097938,347097938,347189855,347189855,345544673,345544673,345413562,345413562,
	公众号：电波发射基站	351143845,351143845,351106143,351106143,350538624,350538624,350030635,350030635,349688525,349688525,45965977,45965977,348515819,348515819,348370059,348370059,346299665,346299665,299256126,299256126,
计算机软件	纽约	
临床医疗	上海市杨浦区	350157412,48510028,350157412,352181117,48510028,352181117,351925201,48510028,351925201,47506591,48510028,47506591,351413532,48510028,351413532,350804849,48510028,350804849,344092765,48510028,344092765,346435901,48510028,346435901,23416938,48510028,23416938,308490408,48510028,308490408,
汽车	郎骑野猪来	351117799,351117799,340838097,340838097,336124079,336124079,337380238,337380238,345573560,345573560,345561194,345561194,344522945,344522945,338763704,338763704,345403392,345403392,344072428,344072428,
高等教育	将作于少监	349925531,349925531,266675940,266675940,339748611,339748611,324932563,324932563,323904885,323904885,321691890,321691890,314717849,314717849,62342449,62342449,54718516,54718516,311233615,311233615,
高等教育	杭州	352500772,352500772,352474363,352474363,352507015,352507015,349573987,349573987,350205127,350205127,351666734,351666734,350603419,350603419,351841365,351841365,352058400,352058400,350517103,350517103,
艺术娱乐	四川成都	
	一剑荡八荒	
咨询分析	大连	28259314,28259314,339861346,339861346,351381362,351381362,350401307,350401307,20023135,20023135,58073817,58073817,345606113,345606113,351061827,351061827,351782671,351782671,312066012,312066012,
	ridge	320300948,320300948,318865216,318865216,315192476,315192476,312606444,312606444,310793126,310793126,310652217,310652217,307401532,307401532,299871570,299871570,301158704,301158704,298767977,298767977,
高新科技	北京	329643186,329643186,329481401,21211978,21211978,302224780,302224780,264449652,264449652,20429378,20429378,265020644,265020644,29333673,29333673,263569365,263569365,20904907,20904907,59791003,59791003,
	未来事务管理局	25398995,48510028,25398995,266233909,48510028,266233909,35509136,48510028,35509136,49591610,48510028,49591610,283053060,48510028,283053060,269905766,48510028,269905766,31168109,48510028,31168109,283981744,48510028,283981744,283330609,48510028,283330609,274970651,48510028,274970651,
房地产		351275139,351275139,62114631,62114631,28444782,28444782,268169877,268169877,55235683,55235683,264285024,264285024,344054306,344054306,342056290,342056290,340424050,340424050,339916382,339916382,
互联网	上海	
广播电视	成都	39239284,39239284,263765815,263765815,283303767,283303767,293086094,293086094,19603089,19603089,39549044,39549044,270836742,270836742,267925961,267925961,68150666,68150666,24430319,24430319,
	无锡	344974958,48509984,344974958,343431810,48509984,343431810,324932295,48509984,324932295,57117383,48509984,57117383,341356587,48509984,341356587,339345734,48509984,339345734,309816570,48509984,309816570,62919501,48509984,62919501,334343556,48509984,334343556,309322566,48509984,309322566,
出版业	北京	352348769,352348769,352326297,352326297,339935672,339935672,346130692,346130692,351896687,351896687,346208601,346208601,341721545,341721545,352108632,352108632,347228924,347228924,351976108,351976108,
	
	知乎用户	
互联网	工业设计	
互联网	南京市	328571237,328571237,351703696,351703696,344975513,344975513,333164560,333164560,338277363,338277363,339458121,339458121,339253435,339253435,326125696,326125696,338459750,338459750,335061264,335061264,
	常悦	264540334,264540334,339682841,339682841,339572218,339572218,328748059,328748059,326634942,326634942,271346333,271346333,267637376,267637376,267713599,267713599,266835892,266835892,266862359,266862359,
	北京	
非营利组织	深圳市	339268473,339268473,352574251,352574251,22850715,22850715,344220807,344220807,352139939,352139939,351782671,351782671,346631685,346631685,351431356,351431356,341397173,341397173,351033398,351033398,
计算机软件	杭州	275899485,275899485,275258545,275258545,




















