
	乔研	322485082,322485082,319011403,319011403,36725796,36725796,
科研	莱顿大学（Universiteit Leiden）	350270532,350270532,346480437,346480437,342845036,342845036,336719951,336719951,333847622,333847622,330671869,330671869,322763081,322763081,320464605,320464605,20213119,20213119,283718534,283718534,
金融	北京	283500024,48509984,283500024,62125925,48509984,62125925,62033399,48509984,62033399,58936210,48509984,58936210,25063347,48509984,25063347,55911764,48509984,55911764,53055528,48509984,53055528,23964497,48509984,23964497,50345899,48509984,50345899,50242293,48509984,50242293,
	语言哲学	335284441,335284441,281533394,281533394,278957675,278957675,
	莱茵行宫伯爵	348677047,348677047,320070519,320070519,26403698,26403698,50937504,50937504,21982068,21982068,308536601,308536601,27483507,27483507,264371092,264371092,19960534,19960534,37668778,37668778,
互联网	重庆	294142912,294142912,35202781,35202781,30692237,30692237,266200462,266200462,34652589,34652589,264200126,264200126,48496544,48496544,36169565,36169565,66535555,66535555,66334355,66334355,
高等教育	天津	264893682,264893682,267994120,267994120,320610750,320610750,322523248,322523248,322523248,314955539,314955539,64095822,64095822,67127756,67127756,41295018,41295018,305488928,305488928,266233586,32080038,32080038,
	稻香村	34490046,48510028,34490046,350693282,48510028,350693282,39713752,48510028,39713752,348508571,48510028,348508571,308456695,48510028,308456695,306078094,48510028,306078094,299771921,48510028,299771921,346899381,48510028,346899381,336804843,48510028,336804843,302376685,48510028,302376685,
教育	知乎用户	
餐饮	四川	352231492,352231492,352143972,352143972,351190633,351190633,302479879,302479879,339489489,339489489,348508571,348508571,350823185,350823185,350336215,350336215,349022103,349022103,343141235,343141235,
	北京	
科研	少司命	346999432,48510028,346999432,291597382,48510028,291597382,52579481,48510028,52579481,338619329,48510028,338619329,334681627,48510028,334681627,332903563,48510028,332903563,268218579,48510028,268218579,332837918,48510028,332837918,329510875,48510028,329510875,301668691,48510028,301668691,
	加拿大	312633932,312633932,34819931,34819931,287878217,287878217,281609774,281609774,50033245,50033245,
互联网	西雅图（Seattle）	284174976,284174976,263631425,263631425,308516067,308516067,24287042,24287042,336799697,336799697,307919742,307919742,53878059,53878059,20710997,20710997,279560658,279560658,301147099,301147099,
	Cambridge	319864329,319864329,319069284,319069284,318322067,318322067,20253839,20253839,310437394,310437394,276177865,276177865,267560286,267560286,265757304,265757304,264332807,264332807,20220549,20220549,
计算机软件	湾区 (Bay Area)	269149582,48509984,269149582,52568938,48509984,52568938,64216682,48509984,64216682,24673963,48509984,24673963,63252485,48509984,63252485,63319070,48509984,63319070,54710787,48509984,54710787,52570020,48509984,52570020,28945854,48509984,28945854,48961286,48509984,48961286,
高等教育	长春	350287902,350287902,348781542,348781542,348697940,348697940,348588690,348588690,330301125,330301125,329652160,329652160,329072522,329072522,320707835,320707835,309027667,309027667,304059390,304059390,
电子游戏	天河区	28592525,28592525,20594866,20594866,60543259,60543259,60563094,60563094,58545836,58545836,57641734,57641734,57164414,57164414,28431797,28431797,54405230,54405230,32329727,32329727,
	萝卜列夫耶维奇	47311256,47311256,51979351,51979351,39764560,39764560,297886349,297886349,350450580,350450580,350440240,350440240,22449001,22449001,20218046,20218046,342619301,342619301,347972211,347972211,
	北京	290111618,290111618,289744313,289744313,288935715,288935715,288867988,288867988,284737928,284737928,288708419,288708419,288031540,288031540,287364799,287364799,288093713,288093713,287781687,287781687,
	美国	
	Richard	348467691,348467691,335917399,335917399,322567627,322567627,62959450,62959450,334600902,334600902,324846525,324846525,310492043,310492043,294685061,294685061,
保健	上海	352348898,352348898,352259502,352259502,28716550,28716550,352154423,352154423,351925351,351925351,351992385,351992385,351855180,351855180,351848458,351848458,351581577,351581577,351834350,351834350,
	不能说	36762081,36762081,335653035,335653035,63651462,63651462,326779603,326779603,335278108,335278108,67788718,67788718,314497801,314497801,59348831,59348831,297764672,297764672,311913084,311913084,
高等教育	郁林成森	323608362,323608362,309623027,309623027,37465032,37465032,31620994,31620994,286194580,286194580,284832120,284832120,280809378,280809378,275657052,275657052,270333071,270333071,267667859,267667859,
信息传媒	墨尔本 (Melbourne)	268182718,268182718,349215148,349215148,347298280,347298280,341490189,341490189,342016897,342016897,338459750,338459750,340988510,340988510,337956400,337956400,339216972,339216972,23612855,23612855,
互联网	北京	278406311,278406311,275570397,275570397,57848662,57848662,266233586,266233586,275162233,275162233,55285064,55285064,21213608,21213608,32167564,32167564,30822564,30822564,28124969,28124969,
	咯咯与咕咕哒	
财务	烟台	
	Seattle	318505799,48509984,318505799,30247137,48509984,30247137,30606095,48509984,30606095,335259795,48509984,335259795,332101879,48509984,332101879,304948019,48509984,304948019,329148975,48509984,329148975,328904383,48509984,328904383,326438307,48509984,326438307,327418927,48509984,327418927,
	松鼠会Sheldon	349697452,349697452,349548263,349548263,320209695,320209695,263711126,263711126,53951772,53951772,40335759,40335759,54109076,54109076,26773539,26773539,20579037,20579037,20044748,20044748,
	曹天元 Capo	
化工业	上海	348440763,348440763,342930434,342930434,341203868,341203868,340039963,340039963,49766713,49766713,333959127,333959127,39495228,39495228,318840596,318840596,320370651,320370651,319112833,319112833,
法律	上海市	351779111,48509984,351779111,351118441,48509984,351118441,350655387,48509984,350655387,29861427,48509984,29861427,348350686,48509984,348350686,349120697,48509984,349120697,346897709,48509984,346897709,61427887,48509984,61427887,347354112,48509984,347354112,345411976,48509984,345411976,
塑料工业	泉州	317966638,317966638,344856648,344856648,328821043,328821043,325332389,325332389,315175062,315175062,322662759,322662759,38677552,38677552,309636236,309636236,295879017,295879017,271225796,271225796,
		
互联网	北京	348029701,48510028,348029701,318496731,48510028,318496731,304499020,
		63254750,63254750,264019454,264019454,30863799,30863799,68389498,68389498,64652414,64652414,61877612,61877612,62706827,62706827,34817598,34817598,61676183,61676183,61134034,61134034,
互联网	上海	301202283,301202283,22843427,22843427,275889588,275889588,278030114,278030114,67439902,67439902,48262072,48262072,301512001,301512001,66217463,66217463,48981802,48981802,31544396,31544396,
	京都	348882560,348882560,349450031,349450031,347622760,347622760,287054205,287054205,339770638,339770638,68112129,68112129,341476627,341476627,338686171,338686171,337348990,337348990,275674679,275674679,
	邪典千尸屋	330442450,330442450,329527299,329527299,314373994,314373994,309916481,309916481,309244770,309244770,309589997,309589997,309886700,309886700,307124636,307124636,308000042,308000042,297055854,297055854,
	知乎用户	
	香港	26648984,26648984,25290082,25290082,20058733,20058733,21990628,21990628,23829815,23829815,23698030,23698030,23331545,23331545,23284011,23284011,23154692,23154692,23141403,23141403,
	Meowth	
	
出版业	安定医院在德胜门II	343411933,343411933,352456948,352456948,31053840,31053840,352385513,352385513,352205134,352205134,350294008,350294008,273704915,273704915,25869262,25869262,351537431,351537431,351646498,351646498,
互联网	北京	296651647,48509984,296651647,68284420,48509984,68284420,312130103,48509984,312130103,310045649,48509984,310045649,34813332,48509984,34813332,302134655,48509984,302134655,266700195,48509984,266700195,21828662,48509984,21828662,47783379,48509984,47783379,39420364,48509984,39420364,
高等教育	Columbus, OH	333166407,48509984,333166407,331869630,48509984,331869630,324473155,48509984,324473155,305992374,48509984,305992374,29179041,48509984,29179041,263757539,48509984,263757539,28994313,48509984,28994313,62121443,48509984,62121443,61140222,48509984,61140222,59674171,48509984,59674171,
渔业		67408161,67408161,310371697,310371697,323144008,323144008,302865152,302865152,275297630,275297630,300594355,300594355,298187212,298187212,294699422,294699422,267368899,267368899,287204503,287204503,
	野心视频	20143518,20143518,29956200,29956200,277054961,277054961,28274829,28274829,30687005,30687005,297625663,297625663,306565259,306565259,53380689,53380689,22266820,22266820,28115029,28115029,
	纽约	310625463,48509984,310625463,296554252,48509984,296554252,281401553,48509984,281401553,291163603,48509984,291163603,282953408,48509984,282953408,47885144,48509984,47885144,66116716,48509984,66116716,263492484,48509984,263492484,68348175,48509984,68348175,65450982,48509984,65450982,
	
图书馆	北京大学	
	机核	329934554,48510028,329934554,58491818,48510028,58491818,318322067,48510028,318322067,274654146,48510028,274654146,
政府	Washington DC	351551096,351551096,345899888,345899888,337089517,337089517,336224104,336224104,334346323,334346323,21746164,21746164,268776003,268776003,303175503,303175503,325177150,325177150,327177518,327177518,
	地图帝	286610963,286610963,304603140,304603140,279650537,279650537,269043057,269043057,289951664,289951664,266767322,266767322,46755633,46755633,20162794,20162794,29490743,29490743,48744992,48744992,
科研	西安交通大学	346912530,346912530,
计算机软件	宾夕法尼亚州	346868860,48509984,346868860,352507775,48509984,352507775,352326297,48509984,352326297,348565021,48509984,348565021,351744551,48509984,351744551,349737758,48509984,349737758,347881110,48509984,347881110,349641348,48509984,349641348,349131207,48509984,349131207,348782653,48509984,348782653,
	深圳市	266364351,266364351,63169746,63169746,62169590,62169590,30574775,30574775,59984374,59984374,30531218,30531218,55229189,55229189,59996327,59996327,25914034,25914034,59996318,59996318,
基础教育	Researcher	264694525,264694525,351255004,351255004,350468092,350468092,340827879,340827879,349429150,349429150,348274281,348274281,348653982,348653982,344317460,344317460,344272055,344272055,263952990,263952990,
	
互联网	北京	
	上海市	340408260,340408260,345660118,345660118,344778772,344778772,334299183,334299183,312849874,312849874,27054260,27054260,45477848,45477848,330316255,330316255,329698082,329698082,328537099,328537099,
科研	日本	350292725,48510028,350292725,350294008,48510028,350294008,350070973,48510028,350070973,347405494,48510028,347405494,292443025,48510028,292443025,343396567,48510028,343396567,22807493,48510028,22807493,22265672,48510028,22265672,294544783,48510028,294544783,24171042,48510028,24171042,
	
人力资源	上海	345128229,345128229,352387093,352387093,348807807,348807807,350937852,350937852,310667736,310667736,48478370,48478370,347548153,347548153,350746736,350746736,350766300,350766300,350285747,350285747,
互联网	上海	350706759,48510028,350706759,348079217,48510028,348079217,351741173,48510028,351741173,351122226,48510028,351122226,352085186,48510028,352085186,352076986,48510028,352076986,352080473,48510028,352080473,351878598,48510028,351878598,348101584,48510028,348101584,351008278,48510028,351008278,
服务业	上海	
电子游戏	墨雾归尘	352559086,352559086,352384645,352384645,352185443,352185443,351887905,351887905,351854626,351854626,351703696,351703696,351743422,351743422,351041485,351041485,333872696,333872696,349427938,349427938,
教育	加拿大	277784116,277784116,313243104,313243104,344728364,344728364,39379480,39379480,349775917,349775917,49219202,49219202,26745016,26745016,39758566,39758566,53948267,53948267,344397556,344397556,
	上海一所大学	
高等教育	南京	20669669,48510028,20669669,331116949,48510028,331116949,20776348,48510028,20776348,319746954,48510028,319746954,318689336,48510028,318689336,27896415,48510028,27896415,315944107,48510028,315944107,307368983,48510028,307368983,307667990,48510028,307667990,307869074,48510028,307869074,
制造加工	中山	41182911,41182911,19698050,19698050,22403792,22403792,25162039,25162039,264962290,264962290,328524311,328524311,323731445,323731445,65333214,65333214,338750892,338750892,332395555,332395555,
		59844035,48510028,59844035,34630803,48510028,34630803,66402266,48510028,66402266,53523367,48510028,53523367,59497935,48510028,59497935,46472920,48510028,46472920,64539633,48510028,64539633,54607999,48510028,54607999,40179123,48510028,40179123,34147404,48510028,34147404,
	北京	
	伦敦（Greater London）	346895765,346895765,320747168,320747168,21229404,21229404,24295398,24295398,
法律	上海	266713362,266713362,351889709,351889709,345211675,345211675,330994581,330994581,350631177,350631177,349423754,349423754,347311304,347311304,323337494,323337494,348943051,348943051,27188550,27188550,
	大梦想程序商店	29147727,48510028,29147727,21940510,48510028,21940510,36546814,48510028,36546814,265726340,48510028,265726340,277398226,48510028,277398226,47045516,48510028,47045516,266021832,48510028,266021832,55262852,48510028,55262852,272485925,48510028,272485925,54580383,48510028,54580383,
	广州市	349872638,349872638,340745974,340745974,338904971,338904971,24972957,24972957,286733591,286733591,330140084,330140084,21324597,21324597,327053942,327053942,325011307,325011307,326780069,326780069,
科研	美国	271891652,48510028,271891652,29868843,48510028,29868843,37799355,48510028,37799355,28066918,48510028,28066918,336920736,48510028,336920736,327340133,48510028,327340133,322544445,48510028,322544445,314517318,48510028,314517318,318858468,48510028,318858468,67206279,48510028,67206279,
	

科研	Boston	30262662,30262662,38459442,38459442,37088464,37088464,38514188,38514188,36530285,36530285,37440338,37440338,36243693,36243693,34087460,34087460,35918459,35918459,35463351,35463351,
	东京	276517683,276517683,266456267,266456267,66371885,66371885,66094972,66094972,38782613,38782613,61478981,61478981,60144162,60144162,59659033,59659033,59465783,59465783,59004037,59004037,
法律		
金融	亚洲	350234419,48510028,350234419,350369710,48510028,350369710,349339740,48510028,349339740,350780694,48510028,350780694,348861832,48510028,348861832,346895765,48510028,346895765,346696497,48510028,346696497,345707368,48510028,345707368,344713145,48510028,344713145,337581477,48510028,337581477,
	VINCENTZ	
汽车	上海	352461022,48510028,352461022,352228356,48510028,352228356,323505422,48510028,323505422,351300910,48510028,351300910,37647238,48510028,37647238,350788339,48510028,350788339,349636210,48510028,349636210,350788619,48510028,350788619,350788807,48510028,350788807,343600404,48510028,343600404,
		339839989,339839989,338687925,338687925,336455501,336455501,337403447,337403447,337228326,337228326,336482006,336482006,313237241,313237241,335543027,335543027,286549871,286549871,335104410,335104410,
计算机软件	yu cao	344080799,344080799,28763298,28763298,38810648,38810648,
	xh0421	
教育	上海	347321584,48510028,347321584,279986529,48510028,279986529,348016823,48510028,348016823,349634304,48510028,349634304,306535235,48510028,306535235,343011502,48510028,343011502,
	
	Palo Alto	
科研	加州大学伯克利分校 (UC Berkeley)	37182790,37182790,34368246,34368246,31327105,31327105,
咨询分析	
	哲学	
高等教育	北京	285730290,48510028,285730290,351581921,48510028,351581921,351001516,48510028,351001516,265777378,48510028,265777378,349813561,48510028,349813561,20453193,48510028,20453193,344843450,48510028,344843450,348567643,48510028,348567643,22189564,48510028,22189564,345395498,48510028,345395498,
	大阪	304754067,304754067,264675310,264675310,349482593,349482593,339495165,339495165,346165736,346165736,28247984,28247984,345415605,345415605,327308940,327308940,320757815,320757815,264415281,264415281,
临床医疗	医学影像	
环境保护	蛏子圣子	48920545,48920545,323388650,323388650,323388650,320347760,320347760,305312950,305312950,313191641,313191641,311804404,311804404,310944734,310944734,308232247,308232247,308030764,308030764,307839946,307839946,
	南京	277092772,277092772,24027354,24027354,19593878,19593878,22235758,22235758,24390712,24390712,20495810,20495810,19626599,19626599,20406635,20406635,20759598,20759598,20803210,20803210,
	人工智能	322335739,48510028,322335739,26754848,48510028,26754848,66949369,48510028,66949369,25866010,48510028,25866010,20337132,48510028,20337132,322530705,48510028,322530705,322651220,48510028,322651220,28196675,48510028,28196675,333671830,48510028,333671830,27529154,48510028,27529154,
餐饮	御膳房	328826526,328826526,329161441,329161441,328973490,328973490,328770782,328770782,328805069,328805069,328577273,328577273,328616487,328616487,328253096,328253096,327674940,327674940,327725786,327725786,
非营利组织		35746524,35746524,349911273,349911273,347335126,347335126,350096978,350096978,333395993,333395993,56870243,56870243,314489464,314489464,22352790,22352790,350045277,350045277,349559573,349559573,
	
军火	加拿大	325700847,325700847,343431810,343431810,341490697,341490697,340272932,340272932,339700477,339700477,339549760,339549760,334744583,334744583,337913506,337913506,324743457,324743457,325580181,325580181,
	DeepTech深科技	315988112,48510028,315988112,314923685,48510028,314923685,314680936,48510028,314680936,313300943,48510028,313300943,313074616,48510028,313074616,310011363,48510028,310011363,310108852,48510028,310108852,309102714,48510028,309102714,308298687,48510028,308298687,307791077,48510028,307791077,
互联网		31937124,31937124,32276442,32276442,62972819,62972819,308662400,308662400,336840672,336840672,286525154,286525154,348318313,348318313,304970889,304970889,26111344,26111344,266586355,266586355,
科研	北京	340815571,48509984,340815571,349279458,48509984,349279458,351709473,48509984,351709473,350881833,48509984,350881833,337622326,48509984,337622326,351178544,48509984,351178544,349330411,48509984,349330411,36591149,48509984,36591149,327876401,48509984,327876401,347763134,48509984,347763134,
	只是代号	263420773,263420773,38575944,38575944,
	DoublePar	350844670,350844670,344494099,344494099,344417038,344417038,341908130,341908130,339597523,339597523,340427705,340427705,338585929,338585929,335765767,335765767,334133013,334133013,328151018,328151018,
广播电视	重庆	
	
环境保护	助理教授	320861694,320861694,297675457,297675457,293031103,293031103,291804959,291804959,287063706,287063706,267939616,267939616,
人力资源	山西	22537252,22537252,319220349,319220349,315305221,315305221,318613087,318613087,64774666,64774666,284617586,284617586,23951998,23951998,313239106,313239106,316017797,316017797,292505932,292505932,
保险	湖南省湘潭市	
	北京	339440306,339440306,35798728,35798728,347723231,347723231,331597735,331597735,304924099,304924099,328742505,328742505,323029637,323029637,327638235,327638235,320075644,320075644,314140788,314140788,
计算机软件	悉尼 (Sydney)	352208169,48510028,352208169,351171294,48510028,351171294,347990874,48510028,347990874,37455810,48510028,37455810,350662445,48510028,350662445,264294525,48510028,264294525,36793703,48510028,36793703,19903611,48510028,19903611,350407427,48510028,350407427,348032762,48510028,348032762,
	名作之壁吧	37082250,37082250,36055215,36055215,33183569,33183569,31562824,31562824,31684611,31684611,28718698,28718698,31658477,31658477,
机械设备	北京	291597382,48509984,291597382,20602526,48509984,20602526,348478699,48509984,348478699,346060949,48509984,346060949,312115311,48509984,312115311,337770589,48509984,337770589,346895567,48509984,346895567,339138922,48509984,339138922,335242710,48509984,335242710,330478409,48509984,330478409,
高新科技	李阿玲	345508991,345508991,342738887,342738887,341953477,341953477,282975733,282975733,338454866,338454866,287973194,287973194,332764139,332764139,328413504,328413504,327762196,327762196,325608428,325608428,
	北京	21552953,48509984,21552953,19929609,48509984,19929609,21872457,48509984,21872457,49681481,48509984,49681481,22999912,48509984,22999912,26166417,48509984,26166417,41993364,48509984,41993364,34864740,48509984,34864740,21443455,48509984,21443455,32164316,48509984,32164316,
	
	艺术	
法律	Brooklyn, New York	276827075,276827075,60842350,60842350,58315783,58315783,24328767,24328767,49502496,49502496,57077638,57077638,56605127,56605127,27410120,27410120,19983640,19983640,20687290,20687290,
政府	大俄亥俄首府	351875084,351875084,351165549,351165549,315745653,315745653,349629354,349629354,349373671,349373671,49219202,49219202,54957651,54957651,349545655,349545655,348608210,348608210,346253906,346253906,
高等教育	
科研	伦敦（Greater London）	348067123,48510028,348067123,338980186,48510028,338980186,334381036,327614103,48510028,327614103,50465242,48510028,50465242,327357864,48510028,327357864,327563015,48510028,327563015,46883195,48510028,46883195,318346341,48510028,318346341,58018004,48510028,58018004,19583765,48510028,19583765,
证券投资	北京	








