
	布朗大学	

	
	ingredient list	320922816,320922816,320503837,320503837,291839248,291839248,279762998,279762998,277930650,277930650,277445401,277445401,276925473,276925473,277014581,277014581,277027405,277027405,276487499,276487499,
体育健身	深圳工作	
水利能源	沈阳	337736701,337736701,311885728,311885728,321078879,321078879,29288818,29288818,320946543,320946543,317838645,317838645,295751948,295751948,309933588,309933588,289548198,289548198,288324648,288324648,
	北京	52507433,52507433,39156929,39156929,39065271,39065271,
咨询分析	贵阳	351916794,48510028,351916794,311979184,48510028,311979184,277132148,48510028,277132148,351316749,48510028,351316749,23163791,48510028,23163791,350200059,48510028,350200059,349631956,48510028,349631956,350675625,48510028,350675625,350031283,48510028,350031283,20390997,48510028,20390997,
	深圳市	29995649,29995649,21348277,21348277,29254265,29254265,34493177,34493177,22055721,22055721,
	莱茵行宫伯爵	348677047,348677047,320070519,320070519,26403698,26403698,50937504,50937504,21982068,21982068,308536601,308536601,27483507,27483507,264371092,264371092,19960534,19960534,37668778,37668778,
	叶辰渊	332265335,332265335,310502414,310502414,314186543,314186543,313303577,313303577,313615527,313615527,313628447,313628447,267422261,267422261,310781797,310781797,307172197,307172197,54369266,54369266,
	动画学术趴	27408778,48510028,27408778,270318303,48510028,270318303,292261412,48510028,292261412,288600338,48510028,288600338,27613735,48510028,27613735,270145832,48510028,270145832,29381197,48510028,29381197,267189851,48510028,267189851,266829489,48510028,266829489,266592243,48510028,266592243,
	混沌大学	20281460,48510028,20281460,22818974,48510028,22818974,321219463,48510028,321219463,19727047,48510028,19727047,318657727,48510028,318657727,321317538,48510028,321317538,306249128,48510028,306249128,23524562,48510028,23524562,19551084,48510028,19551084,21733358,48510028,21733358,
政府		40183780,40183780,342521941,342521941,299806452,299806452,285292342,285292342,278784992,278784992,29295145,29295145,64793823,64793823,65225280,65225280,65225280,64488498,64488498,62309279,62309279,
咨询分析	知乎用户	
出版业	无锡	351817895,351817895,350265965,350265965,345752068,345752068,347375319,347375319,339735417,339735417,346663267,346663267,344456708,344456708,344388707,344388707,345662512,345662512,345165911,345165911,
		
	bad123des	351801813,351801813,343766631,343766631,59058187,59058187,339872847,339872847,332902480,332902480,321730616,321730616,320863933,320863933,319806251,319806251,319306468,319306468,308257526,308257526,
食品饮料业	上海	21738443,48510028,21738443,343850790,48510028,343850790,344865142,48510028,344865142,344788683,48510028,344788683,342272475,48510028,342272475,338376650,48510028,338376650,336253512,48510028,336253512,333463946,48510028,333463946,323400514,48510028,323400514,321107584,48510028,321107584,
高等教育	华盛顿D.C.	286725777,286725777,331917618,331917618,34731415,34731415,332908690,332908690,297726264,297726264,35083230,35083230,54224698,54224698,320534922,320534922,287884477,287884477,64460892,64460892,

	加拿大哲学系疯子	351697208,351697208,351954315,351954315,343892501,343892501,352224014,352224014,352029792,352029792,349550662,349550662,352346267,352346267,298563043,298563043,349522344,349522344,31784351,31784351,
	香港	318573253,318573253,22741172,22741172,53956787,53956787,277161085,277161085,20515695,20515695,19639285,276734803,276734803,273638849,273638849,54387690,54387690,264316211,264316211,61179799,61179799,
	知乎用户	
互联网	北京	
咨询分析	北京	
计算机软件	湾区 (Bay Area)	269149582,48509984,269149582,52568938,48509984,52568938,64216682,48509984,64216682,24673963,48509984,24673963,63252485,48509984,63252485,63319070,48509984,63319070,54710787,48509984,54710787,52570020,48509984,52570020,28945854,48509984,28945854,48961286,48509984,48961286,
	夜凉秋如水	352302135,352302135,352196880,352196880,297764672,297764672,347448236,347448236,350218664,350218664,308840741,308840741,333988036,333988036,26759130,26759130,325025420,325025420,329310490,329310490,
国防军事	闽国 闽都福州	351479341,351479341,351300088,351300088,346435901,346435901,335294125,335294125,321173785,321173785,313660876,313660876,318507519,318507519,316599898,316599898,316728101,316728101,310243699,310243699,
渔业	大好菠萝	328325871,328325871,28329096,28329096,
高等教育	英国	352473175,48510028,352473175,351920965,48510028,351920965,346862321,48510028,346862321,23448791,48510028,23448791,349870265,48510028,349870265,346198994,48510028,346198994,348916228,48510028,348916228,345282592,48510028,345282592,334189586,48510028,334189586,340516766,48510028,340516766,
法律	旧金山 (San Francisco)	29883368,48510028,29883368,286042010,48510028,286042010,276351428,48510028,276351428,287389652,48510028,287389652,20044797,48510028,20044797,53488083,48510028,53488083,63017792,48510028,63017792,36037775,48510028,36037775,59280144,48510028,59280144,59105324,48510028,59105324,
临床医疗		352173424,352173424,350336215,350336215,23155156,23155156,264969963,264969963,315022429,315022429,49357136,49357136,300711724,300711724,328188022,328188022,336816711,336816711,343661594,343661594,
广告	电影	348313105,48509984,348313105,347885799,48509984,347885799,22130480,48509984,22130480,347298428,48509984,347298428,320572797,48509984,320572797,344007724,48509984,344007724,343807402,48509984,343807402,67739607,48509984,67739607,341568969,48509984,341568969,340129878,48509984,340129878,
	爱豆美学公式	317961518,317961518,
互联网	北京市	297726264,48509984,297726264,339495165,48509984,339495165,302242038,48509984,302242038,23900793,48509984,23900793,335092172,48509984,335092172,35186326,48509984,35186326,266233586,48509984,266233586,26290994,48509984,26290994,31149968,48509984,31149968,53675464,48509984,53675464,
	王缺木	50100802,50100802,21182792,21182792,21262958,21262958,22664290,22664290,21051140,21051140,37284137,37284137,51846958,51846958,53754115,53754115,41677539,41677539,52264297,52264297,

	浙江	352512345,352512345,352061495,352061495,352049767,352049767,352173087,352173087,351312408,351312408,350071535,350071535,350410260,350410260,350337097,350337097,343341323,343341323,348915105,348915105,
教育		337849481,48509984,337849481,346851695,48509984,346851695,344516844,48509984,344516844,333998580,48509984,333998580,337738410,48509984,337738410,337054373,48509984,337054373,314196301,48509984,314196301,320825564,48509984,320825564,320463906,48509984,320463906,319541863,48509984,319541863,
互联网	北京	337687279,337687279,320576169,320576169,21187514,316396319,316396319,314984261,314984261,22435048,22435048,296008861,296008861,19766230,19766230,304927212,304927212,313545620,313545620,290543744,290543744,
基础教育	长沙	352056562,352056562,351517438,351517438,350803057,350803057,351079673,351079673,350971727,350971727,350741890,350741890,350130621,350130621,349830993,349830993,348829879,348829879,349209461,349209461,
	清华大学	28027984,28027984,48606451,48606451,26512948,26512948,63333871,63333871,31818264,31818264,62270393,62270393,21007600,21007600,47885144,47885144,38914348,38914348,60807742,60807742,
	曹天元 Capo	
制药	Boston	347558369,48510028,347558369,30292182,48510028,30292182,344499872,48510028,344499872,339153983,48510028,339153983,313434500,48510028,313434500,339561035,48510028,339561035,278360772,48510028,278360772,312747301,48510028,312747301,313093861,48510028,313093861,22698363,48510028,22698363,
广播电视	北京	351848732,351848732,268009004,268009004,343685354,343685354,342812810,342812810,333173814,333173814,326441845,326441845,20535575,20535575,21638340,21638340,23429903,23429903,61917117,61917117,
法律	上海市	351779111,48509984,351779111,351118441,48509984,351118441,350655387,48509984,350655387,29861427,48509984,29861427,348350686,48509984,348350686,349120697,48509984,349120697,346897709,48509984,346897709,61427887,48509984,61427887,347354112,48509984,347354112,345411976,48509984,345411976,
电子游戏	上海	351089498,351089498,351725547,351725547,351976108,351976108,351509783,351509783,351224378,351224378,350959281,350959281,34952657,34952657,350552622,350552622,349328758,349328758,349945259,349945259,
电子游戏	上海	352473175,48510028,352473175,40215899,48510028,40215899,352299328,48510028,352299328,348003746,48510028,348003746,345099951,48510028,345099951,35659389,48510028,35659389,283762516,48510028,283762516,352077900,48510028,352077900,352103403,48510028,352103403,67473950,48510028,67473950,
互联网	广州市	54530226,54530226,54046373,54046373,53854511,53854511,46956459,46956459,52862674,52862674,46640133,46640133,46209216,46209216,41817907,41817907,40458718,40458718,40396285,40396285,
互联网	北京	348029701,48510028,348029701,318496731,48510028,318496731,304499020,
计算机硬件	知乎用户	
	ccknowsnothing	320758772,320758772,
	科技美学	345385657,48510028,345385657,330298350,48510028,330298350,344295125,48510028,344295125,342158751,48510028,342158751,324419036,48510028,324419036,316118431,48510028,316118431,319644966,48510028,319644966,321575519,48510028,321575519,320825895,48510028,320825895,321625669,48510028,321625669,
	人事星球	26856821,48510028,26856821,20983669,48510028,20983669,23133674,48510028,23133674,41358923,48510028,41358923,49272080,48510028,49272080,52730344,48510028,52730344,281007745,48510028,281007745,19991598,48510028,19991598,31369774,48510028,31369774,21170044,48510028,21170044,
	邪典千尸屋	330442450,330442450,329527299,329527299,314373994,314373994,309916481,309916481,309244770,309244770,309589997,309589997,309886700,309886700,307124636,307124636,308000042,308000042,297055854,297055854,
	知乎用户	
	高等游民	347982931,347982931,345471945,345471945,343661811,343661811,336542979,336542979,25388573,25388573,21796777,21796777,38967083,38967083,35252562,35252562,312126504,312126504,22213812,22213812,
	Francesca	351667348,351667348,351798864,351798864,19583219,19583219,350636234,350636234,351782671,351782671,323884966,323884966,40669044,40669044,350636545,350636545,33591602,33591602,350029304,350029304,
	嘉兴	
电子游戏	游戏前端	38842804,38842804,32296009,32296009,30820505,30820505,31079945,31079945,27489664,27489664,
	Meowth	
	龙鸣	22640590,22640590,311589573,311589573,349609983,349609983,347329810,347329810,275704650,275704650,21648720,21648720,348511294,348511294,263978113,263978113,323846763,323846763,21740649,21740649,
出版业	安定医院在德胜门II	352456948,352456948,31053840,31053840,352385513,352385513,352205134,352205134,350294008,350294008,273704915,273704915,25869262,25869262,351537431,351537431,351646498,351646498,351431356,351431356,
渔业		67408161,67408161,310371697,310371697,323144008,323144008,302865152,302865152,275297630,275297630,300594355,300594355,298187212,298187212,294699422,294699422,267368899,267368899,287204503,287204503,
	知乎用户	
互联网	杭州	58498720,58498720,26297181,26297181,60288863,60288863,27029625,27029625,58133741,58133741,20102432,20102432,20469480,20469480,21033987,21033987,19866127,19866127,
	忧国少女骑士团	52652398,52652398,51662278,51662278,
		
图书馆	北京大学	
	郑州	352171277,352171277,351843957,351843957,351900452,351900452,351502789,351502789,350788959,350788959,23713916,23713916,345953564,345953564,350857182,350857182,350067638,350067638,49180762,49180762,
创意艺术	上海	340670848,48510028,340670848,340823422,48510028,340823422,340424050,48510028,340424050,289194119,48510028,289194119,24266800,48510028,24266800,271362788,48510028,271362788,37952141,48510028,37952141,22653788,48510028,22653788,23424798,48510028,23424798,283621627,48510028,283621627,
	机核	329934554,48510028,329934554,58491818,48510028,58491818,318322067,48510028,318322067,274654146,48510028,274654146,
	电气工程师	352321760,48509984,352321760,351918727,48509984,351918727,352374275,48509984,352374275,352200405,48509984,352200405,266836494,48509984,266836494,351046928,48509984,351046928,351875122,48509984,351875122,350768129,48509984,350768129,351967113,48509984,351967113,351919585,48509984,351919585,
	RetroPC	46853381,46853381,49710178,49710178,22156801,22156801,271068128,271068128,50508283,50508283,
医疗服务	知乎用户	
高等教育	多伦多	351894873,351894873,346049678,346049678,338061411,338061411,347011915,347011915,346122954,346122954,343403115,343403115,339384135,339384135,339525331,339525331,48865367,48865367,335530471,335530471,
	知乎用户	
高等教育	马萨诸塞州剑桥市	349335257,48510028,349335257,347997936,48510028,347997936,348181968,48510028,348181968,345525984,48510028,345525984,343761769,48510028,343761769,67701534,48510028,67701534,340653057,48510028,340653057,339594280,48510028,339594280,33891578,48510028,33891578,337362714,48510028,337362714,
	女主角	316732443,316732443,351925093,351925093,20875187,20875187,20770800,20770800,349025585,349025585,348690486,348690486,307124092,307124092,347670330,347670330,340501597,340501597,344356259,344356259,
出版业	北京	350738975,350738975,288688040,288688040,320786240,320786240,320686059,320686059,319774219,319774219,318322067,318322067,308232247,308232247,288747253,288747253,275392685,275392685,277788710,277788710,
计算机软件	绯红	39236372,39236372,65191246,65191246,62221101,62165927,62165927,61789263,61789263,57521196,57521196,54833966,54833966,52385518,52385518,50265706,50265706,50278969,50278969,48990103,48990103,
高等教育	南京	52931466,52931466,22903561,22903561,29175505,29175505,36621925,36621925,57557739,57557739,52328369,52328369,19837387,19837387,52436699,52436699,41182044,41182044,37847413,37847413,
电子游戏	魔都上海	347489704,347489704,347495742,347495742,347453583,347453583,344615809,344615809,342548080,342548080,339265656,339265656,333672503,333672503,280814833,280814833,327961703,327961703,324921302,324921302,
通信	石英	267277621,267277621,

计算机软件		349146314,349146314,352534960,352534960,352543409,352543409,27036169,27036169,352518399,352518399,352194992,352194992,352336558,352336558,352343835,352343835,352229235,352229235,352062514,352062514,
艺术娱乐	调色师	264572774,264572774,50575876,50575876,
资本投资	伦敦	63846701,48509984,63846701,31222342,48509984,31222342,56313752,48509984,56313752,61699343,48509984,61699343,19839233,48509984,19839233,39574777,48509984,39574777,52619737,48509984,52619737,51631108,48509984,51631108,50115346,48509984,50115346,48692513,48509984,48692513,
	
	南京	286357215,286357215,279141375,279141375,276740074,276740074,268954055,268954055,268855868,268855868,268779727,268779727,268793366,268793366,66951195,66951195,65361564,65361564,67158807,67158807,
景观	
电子游戏	上海	341413814,48510028,341413814,302883309,48510028,302883309,304624564,48510028,304624564,20549462,48510028,20549462,323037449,48510028,323037449,57561384,48510028,57561384,317072871,48510028,317072871,316415842,48510028,316415842,305965824,48510028,305965824,61054911,48510028,61054911,

图书馆	夜雨星风	350859495,350859495,352173424,352173424,52624944,52624944,30736996,30736996,345338901,345338901,277779039,277779039,25851256,25851256,348637052,348637052,329431229,329431229,310777109,310777109,
	长春	290577992,290577992,60838109,60838109,26724403,26724403,
体育健身	绍兴	68184302,68184302,351381362,351381362,351111646,351111646,350337824,350337824,349373533,349373533,343687746,343687746,349185338,349185338,349052465,349052465,349142630,349142630,38436946,38436946,
	马德里	
	Tatafh	271627087,271627087,350593664,350593664,350590073,350590073,349627989,349627989,323168270,323168270,348661189,348661189,349414458,349414458,46836411,46836411,339568573,339568573,342285861,342285861,
	Providence	349612846,349612846,310353421,310353421,265661002,265661002,20268663,20268663,
	广州市	349872638,349872638,340745974,340745974,338904971,338904971,24972957,24972957,286733591,286733591,330140084,330140084,21324597,21324597,327053942,327053942,325011307,325011307,326780069,326780069,
非营利组织	巴黎高等师范学院	351753048,351753048,321302630,321302630,50216588,50216588,278581281,278581281,348318284,348318284,26131797,26131797,350944858,350944858,40140573,40140573,339288662,339288662,26433444,26433444,
电子游戏	上海	300267643,48509984,300267643,329315479,48509984,329315479,301323770,48509984,301323770,265343815,48509984,265343815,264826607,48509984,264826607,67386025,48509984,67386025,56777908,48509984,56777908,47890965,48509984,47890965,47686557,48509984,47686557,41303504,48509984,41303504,
科研	美国	271891652,48510028,271891652,29868843,48510028,29868843,37799355,48510028,37799355,28066918,48510028,28066918,336920736,48510028,336920736,327340133,48510028,327340133,322544445,48510028,322544445,314517318,48510028,314517318,318858468,48510028,318858468,67206279,48510028,67206279,
	
公关	北京	330976901,330976901,346654633,346654633,338974005,338974005,346241333,346241333,329921820,329921820,325094620,325094620,275457959,275457959,322931287,322931287,323056775,323056775,322441427,322441427,
景观	武汉市	

金融	亚洲	350234419,48510028,350234419,350369710,48510028,350369710,349339740,48510028,349339740,350780694,48510028,350780694,348861832,48510028,348861832,346895765,48510028,346895765,346696497,48510028,346696497,345707368,48510028,345707368,344713145,48510028,344713145,337581477,48510028,337581477,
	
	VINCENTZ	
	Aurangzeb	297338840,297338840,351585568,351585568,352001523,352001523,339568573,339568573,
信息传媒	留学英国	348783386,348783386,349983608,349983608,31053840,31053840,348957764,348957764,345420582,345420582,348788482,348788482,347745552,347745552,19591218,19591218,346421163,346421163,344036237,344036237,
	上海	
法律	杭州	351051524,351051524,349977059,349977059,41476832,41476832,347874519,347874519,326089277,326089277,264357065,264357065,345620972,345620972,344596594,344596594,341127721,341127721,343606344,343606344,
互联网	北京市	352171277,48509984,352171277,352108632,48509984,352108632,352222192,48509984,352222192,21818075,48509984,21818075,351706516,48509984,351706516,351920965,48509984,351920965,351413532,48509984,351413532,27058325,48509984,27058325,351316749,48509984,351316749,346862321,48509984,346862321,
	广州市	269060139,269060139,52801416,52801416,68723328,68723328,288241922,288241922,341237991,341237991,345076011,345076011,
	美国	307414042,307414042,309452810,309452810,277221676,277221676,35881647,35881647,26523258,26523258,63312622,63312622,20167901,20167901,36226425,36226425,64072861,64072861,65028549,65028549,22293710,29190736,
	建筑设计	346369886,48510028,346369886,22663753,48510028,22663753,34898271,48510028,34898271,316826671,48510028,316826671,334906859,48510028,334906859,337554161,48510028,337554161,68209132,48510028,68209132,26106843,48510028,26106843,332128148,48510028,332128148,326923936,48510028,326923936,
财务	天津城南开洼地八里台	352376347,352376347,19719224,19719224,352068250,352068250,351420921,351420921,351511010,351511010,352062514,352062514,352296151,352296151,352177868,352177868,350264159,350264159,333830067,333830067,
	从化中学	351038292,351038292,348499656,348499656,333141067,333141067,349311041,349311041,34977654,34977654,346906291,346906291,342301745,342301745,348629155,348629155,348183535,348183535,346886211,346886211,
计算机软件	齐风子 PaperKing	277132148,277132148,329519231,329519231,332906367,332906367,346765510,346765510,339905275,339905275,25311180,25311180,23537274,23537274,333025885,333025885,333239737,333239737,305949737,305949737,
	Judy	60271953,60271953,
	知乎用户	
	往生已逝	50191499,50191499,38757436,38757436,37994622,37994622,36046268,36046268,26622567,26622567,24517975,24517975,24507241,24507241,20453739,20453739,20351249,20351249,19812078,19812078,
高等教育	北京	285730290,48510028,285730290,351581921,48510028,351581921,351001516,48510028,351001516,265777378,48510028,265777378,349813561,48510028,349813561,20453193,48510028,20453193,344843450,48510028,344843450,348567643,48510028,348567643,22189564,48510028,22189564,345395498,48510028,345395498,
互联网	
环境保护	蛏子圣子	48920545,48920545,323388650,323388650,323388650,320347760,320347760,305312950,305312950,313191641,313191641,311804404,311804404,310944734,310944734,308232247,308232247,308030764,308030764,307839946,307839946,
广播电视	福建省	351925093,351925093,319923069,319923069,265889248,265889248,327579959,327579959,327781364,327781364,319396461,319396461,318437878,318437878,20502720,20502720,315423525,315423525,315204668,315204668,

	人工智能	322335739,48510028,322335739,26754848,48510028,26754848,66949369,48510028,66949369,25866010,48510028,25866010,20337132,48510028,20337132,322530705,48510028,322530705,322651220,48510028,322651220,28196675,48510028,28196675,333671830,48510028,333671830,27529154,48510028,27529154,
	AU茄子	296278616,48510028,296278616,294824127,48510028,294824127,
	重庆市	300373544,300373544,312849874,312849874,293514046,293514046,337397238,337397238,337542334,337542334,340020878,340020878,338605061,338605061,339216972,339216972,337482840,337482840,337962015,337962015,
	美食	349862723,48509984,349862723,347728539,48509984,347728539,349408724,48509984,349408724,334485083,48509984,334485083,345282592,48509984,345282592,344709246,48509984,344709246,345687356,48509984,345687356,344293653,48509984,344293653,344156081,48509984,344156081,344233234,48509984,344233234,
	宋熙燮	346110258,346110258,
临床医疗	迷你虎	
互联网	子辰	343932938,343932938,344233918,344233918,21203053,21203053,349497785,349497785,346402028,346402028,266898708,266898708,331976706,331976706,347401617,347401617,339792628,339792628,339944986,339944986,
	李明	282148029,282148029,336005828,336005828,
	居住地	351782225,48509984,351782225,346405741,48509984,346405741,28921626,48509984,28921626,335290845,48509984,335290845,311505070,48509984,311505070,326907894,48509984,326907894,40418797,48509984,40418797,328902933,48509984,328902933,322902771,48509984,322902771,324022742,48509984,324022742,
	firelightfree	
	未名湖景区附属大学	351937507,351937507,350857182,350857182,350182937,350182937,350131248,350131248,66786926,66786926,64992237,64992237,271954500,271954500,345966648,345966648,347747351,347747351,347495742,347495742,
	广州市	338943004,338943004,328246249,328246249,328799620,328799620,325343821,325343821,293924938,293924938,284081861,284081861,279497201,279497201,274273617,274273617,274486263,274486263,274032969,274032969,
	Antoinette Siu	291799953,291799953,277148633,277148633,40808755,40808755,290935053,290935053,34588798,34588798,290681260,290681260,27536442,27536442,288931900,288931900,290446300,290446300,288165892,288165892,
	广州市	352399574,352399574,350160701,350160701,352065643,352065643,351700121,351700121,278237476,278237476,351161350,351161350,350930663,350930663,350776960,350776960,347530128,347530128,349320167,349320167,
	武汉	30414342,30414342,40444705,40444705,284110013,284110013,348840831,348840831,54718530,54718530,347600087,347600087,27933463,27933463,53926571,53926571,332668743,332668743,21409597,21409597,
法律	北京	271618627,48510028,271618627,267713450,48510028,267713450,60113195,48510028,60113195,57961848,48510028,57961848,66770322,48510028,66770322,59614208,48510028,59614208,50832573,55642773,48510028,55642773,48840916,48510028,48840916,52959387,48510028,52959387,21140914,48510028,21140914,26840075,
互联网	北京	351782671,351782671,341938727,341938727,24700472,24700472,337970710,337970710,349513003,349513003,329695005,329695005,310278668,310278668,347864486,347864486,343918658,343918658,346932256,346932256,
非营利组织	知乎用户	
渔业	苏沉船	21002845,48509984,21002845,350880032,48509984,350880032,351047511,48509984,351047511,351453558,48509984,351453558,351835175,48509984,351835175,351092300,48509984,351092300,351583196,48509984,351583196,326797252,48509984,326797252,36904508,48509984,36904508,351340726,48509984,351340726,
汽车	上海	347841846,347841846,340816478,340816478,327881809,327881809,328804468,328804468,318949961,318949961,309724206,309724206,303432734,303432734,295080248,295080248,45599475,45599475,286828986,286828986,
制药	亞庫帕古麗	27220666,27220666,351470616,351470616,346681472,346681472,30724350,30724350,350350180,350350180,54530226,54530226,300153145,300153145,350007649,350007649,349904699,349904699,283748261,283748261,
计算机硬件	北京	320062153,320062153,52253170,52253170,266011302,266011302,50969054,50969054,46553976,46553976,26880691,26880691,46373374,46373374,46304262,46304262,31927884,31927884,31583962,31583962,
	北京	339440306,339440306,35798728,35798728,347723231,347723231,331597735,331597735,304924099,304924099,328742505,328742505,323029637,323029637,327638235,327638235,320075644,320075644,314140788,314140788,
	[已重置]	340301633,340301633,349100846,349100846,343955899,343955899,349447886,349447886,348181968,348181968,349461523,349461523,318913382,318913382,346122954,346122954,348312976,348312976,348207751,348207751,
咨询分析	纽约	299700466,48510028,299700466,349685679,48510028,349685679,349942003,48510028,349942003,292091101,48510028,292091101,318913382,48510028,318913382,63936962,48510028,63936962,347835822,48510028,347835822,348131574,48510028,348131574,344080799,48510028,344080799,348028641,48510028,348028641,
	我来看你	296942448,296942448,344233918,344233918,344233918,344233918,344233918,
机械设备	北京	291597382,48509984,291597382,20602526,48509984,20602526,348478699,48509984,348478699,346060949,48509984,346060949,312115311,48509984,312115311,337770589,48509984,337770589,346895567,48509984,346895567,339138922,48509984,339138922,335242710,48509984,335242710,330478409,48509984,330478409,
	北京	21552953,48509984,21552953,19929609,48509984,19929609,21872457,48509984,21872457,49681481,48509984,49681481,22999912,48509984,22999912,26166417,48509984,26166417,41993364,48509984,41993364,34864740,48509984,34864740,21443455,48509984,21443455,32164316,48509984,32164316,
	北京市	348957764,348957764,59289653,59289653,20694013,20694013,35713301,35713301,61847755,61847755,280341581,280341581,35815836,35815836,20996727,20996727,35985992,35985992,62302561,62302561,
	吴易	40489002,40489002,31897381,31897381,51541487,51541487,24899382,24899382,30408742,30408742,25030422,25030422,38390536,38390536,49846394,49846394,29910774,29910774,35070138,35070138,
高等教育	上海	349239191,48510028,349239191,348211067,48510028,348211067,346015753,48510028,346015753,40224611,48510028,40224611,336327020,48510028,336327020,335078504,48510028,335078504,335732417,48510028,335732417,53788217,48510028,53788217,333822277,48510028,333822277,324500327,48510028,324500327,
	骑马与砍杀中文站	349675596,48510028,349675596,338375291,48510028,338375291,341804897,48510028,341804897,341642102,48510028,341642102,
咨询分析	香港特别行政区	300764109,300764109,41258743,41258743,263391258,263391258,300404381,300404381,295484346,295484346,67951222,67951222,21084589,21084589,52439449,52439449,64237581,64237581,20458201,20458201,
非营利组织	克卢日 · 纳波卡	
	
	
	
	杭州	291073226,48510028,291073226,273746699,48510028,273746699,29538229,48510028,29538229,267159080,48510028,267159080,24522356,48510028,24522356,265768425,48510028,265768425,264967803,48510028,264967803,265270359,48510028,265270359,61197176,48510028,61197176,264383233,48510028,264383233,
出版业	大连市	351108862,351108862,287094159,287094159,335663341,335663341,317862569,317862569,305188717,305188717,276401999,276401999,302608489,302608489,306261517,306261517,301851609,301851609,274498093,274498093,
种植业		
计算机软件	北京	21896324,21896324,37968234,37968234,324290530,324290530,348474416,348474416,348896052,348896052,343743405,343743405,347264877,347264877,348259695,348259695,346965791,346965791,340182781,340182781,
互联网	健身老王	343071593,343071593,35164977,35164977,335588284,335588284,340366882,340366882,347469383,347469383,348903866,348903866,347626174,347626174,320377900,320377900,19569125,19569125,339187608,339187608,
互联网	北京	19550943,19550943,51842148,51842148,30771945,30771945,
	核 壳	
金融	Shanghai	21271405,21271405,21081108,21081108,
高等教育	北京	324943215,324943215,52403110,52403110,323260337,323260337,306308222,306308222,318089475,318089475,312006261,312006261,288624650,288624650,49215235,49215235,285615003,285615003,282829325,282829325,
	klxmouse	349520040,349520040,352387157,352387157,22403792,22403792,340224279,340224279,352115462,352115462,350797967,350797967,351759108,351759108,351336288,351336288,288739522,288739522,349030831,349030831,
	宾虚法尼亚	281909472,281909472,278340471,278340471,52731843,52731843,28419032,28419032,35487434,35487434,34163015,34163015,19948009,19948009,39537761,39537761,
体育健身		346162314,346162314,339302318,339302318,338548890,338548890,333448659,333448659,324106342,324106342,20664147,20664147,332441099,332441099,331960975,331960975,328840480,328840480,60927899,60927899,
	
高等教育	北京	341336919,48510028,341336919,23713916,48510028,23713916,348029701,48510028,348029701,306249128,341845058,48510028,341845058,19560612,48510028,19560612,336410972,48510028,336410972,22700005,48510028,22700005,264763117,48510028,264763117,329069499,48510028,329069499,325144561,48510028,325144561,
高等教育	伦敦	26398755,26398755,318088732,318088732,315023929,315023929,286424531,286424531,286275486,286275486,
	Doris	339396804,339396804,
互联网	北京	342700359,342700359,342806997,342806997,342851602,342851602,342606336,342606336,308829198,308829198,341431901,341431901,340910004,340910004,322679236,322679236,327039006,327039006,339332772,339332772,
房地产	克莱登大学	334431544,334431544,351224378,351224378,351283387,351283387,351093236,351093236,350942205,350942205,350679623,350679623,350458408,350458408,350220976,350220976,350086427,350086427,349467788,349467788,
	夏蝉泣鸣之时	30436087,30436087,64610197,64610197,299883162,299883162,299338906,299338906,295767590,295767590,293855468,293855468,285847623,285847623,280402494,280402494,274899375,274899375,264035036,264035036,
互联网	沈阳	
	上海	341656876,48509984,341656876,339705728,48509984,339705728,293488192,48509984,293488192,312960163,48509984,312960163,314633067,48509984,314633067,311623457,48509984,311623457,308167678,48509984,308167678,24070983,48509984,24070983,284286080,48509984,284286080,301594482,48509984,301594482,
	东京	
临床医疗	宜昌市	352299328,352299328,312161865,312161865,307544087,307544087,27708521,27708521,350690005,350690005,323265772,323265772,290214441,290214441,22895509,22895509,346243406,346243406,21940871,21940871,
	北京	39495493,39495493,54562606,54562606,24135486,24135486,29872891,29872891,28964351,28964351,25670989,25670989,26804641,26804641,21808065,21808065,20686650,20686650,21396054,21396054,
	Midgard Serpent	63258727,63258727,352376347,352376347,35679217,35679217,351610322,351610322,53092721,53092721,40082058,40082058,351165549,351165549,46448910,46448910,348858511,348858511,21453369,21453369,
基础教育	墨尔本	347439621,347439621,350068974,350068974,349718777,349718777,263977309,263977309,287250506,287250506,46890209,46890209,24119412,24119412,64040830,64040830,348882560,348882560,345309425,345309425,
	林带鱼w	351958284,351958284,349316625,349316625,351351169,351351169,350675490,350675490,347548153,347548153,346993906,346993906,345938341,345938341,346417774,346417774,343761058,343761058,339548424,339548424,
电子游戏	石家庄	350588668,48510028,350588668,344550381,48510028,344550381,351725547,48510028,351725547,329320733,48510028,329320733,350935125,48510028,350935125,317339918,317339918,48510028,317339918,351224378,48510028,351224378,349778409,48510028,349778409,341721545,48510028,341721545,310065369,48510028,310065369,
	枫无谚	39704182,39704182,57969800,57969800,46370100,46370100,22302252,22302252,22945225,22945225,
非营利组织	L19, Lorville, Hurston Planet, Stanton System	352384014,352384014,350160701,350160701,350292725,350292725,349697452,349697452,67459710,347725587,347725587,346701745,346701745,345731857,345731857,29868843,29868843,338618946,338618946,341199974,341199974,
高等教育		310174042,310174042,40339960,40339960,266638602,266638602,266409424,266409424,266294480,266294480,41997205,41997205,266235484,266235484,
	首都警备司令部司令	331129666,331129666,40044268,40044268,323835771,323835771,22501560,22501560,264213401,264213401,352001523,352001523,346089628,346089628,55924037,55924037,54220610,54220610,351480037,351480037,
	Victor	343153575,343153575,338738524,338738524,339104408,339104408,328465324,328465324,46761611,46761611,336276786,336276786,337911682,337911682,336706618,336706618,337083596,337083596,337706454,337706454,
法律	苏州	340726043,340726043,340843007,340843007,340460346,340460346,337880710,337880710,336722072,336722072,333222359,333222359,323981157,323981157,24026603,24026603,49333622,49333622,315450032,315450032,
	知乎用户	
	知乎用户	
	杭州市	351033398,48509984,351033398,26751678,48509984,26751678,305410382,48509984,305410382,304748076,48509984,304748076,52936590,48509984,52936590,302144555,48509984,302144555,300385593,48509984,300385593,266753858,48509984,266753858,22089746,48509984,22089746,26391310,48509984,26391310,
	上海	267411603,267411603,275700505,275700505,26704325,26704325,275458268,275458268,275065068,275065068,274207631,274207631,21185070,21185070,58478013,58478013,27202369,27202369,272355468,272355468,
电子游戏	北京	
	七度的风	271953144,271953144,325193109,325193109,329398713,329398713,268663946,268663946,303319302,303319302,318289002,318289002,285795623,285795623,322996676,322996676,321635070,321635070,318927498,318927498,
	真实故事计划	26765834,48510028,26765834,23716039,48510028,23716039,51690276,48510028,51690276,350996756,48510028,350996756,23969756,48510028,23969756,290210695,48510028,290210695,323446334,48510028,323446334,31421459,48510028,31421459,54619234,48510028,54619234,286175714,48510028,286175714,
电子游戏	北京	351011770,48510028,351011770,349824540,48510028,349824540,344723560,48510028,344723560,325249500,48510028,325249500,336750450,48510028,336750450,325377042,48510028,325377042,314934386,48510028,314934386,316784763,48510028,316784763,316656170,48510028,316656170,315538471,48510028,315538471,
	奶酪君Combat	345218373,345218373,350331427,350331427,351885386,351885386,351737559,351737559,335209646,335209646,350733385,350733385,347766060,347766060,343994174,343994174,350355998,350355998,26708029,26708029,
高等教育	ellias feng	349482593,349482593,21001856,21001856,341415289,341415289,336520506,336520506,58045815,58045815,36552697,36552697,323219820,323219820,24349645,24349645,19967634,19967634,267300408,267300408,
临床医疗	北京	
	Yiqin Fu	317066560,317066560,306337989,306337989,26677313,26677313,24821978,24821978,23185101,23185101,264617775,264617775,32164316,32164316,34897210,34897210,41854964,41854964,41365485,41365485,
教育	北京	24189696,48509984,24189696,22740007,48509984,22740007,26044440,48509984,26044440,30602857,48509984,30602857,280525031,48509984,280525031,327648566,48509984,327648566,24821622,48509984,24821622,66337727,48509984,66337727,28826602,48509984,28826602,19670995,48509984,19670995,
证券投资	
咨询分析	杭州	351384961,351384961,54826697,54826697,351862449,351862449,352483904,352483904,351937599,351937599,345019672,345019672,351966332,351966332,349564459,349564459,344732368,344732368,347845593,347845593,
	比目鱼	339440306,339440306,
	冠能科学营养研究所	337694970,48510028,337694970,336418720,48510028,336418720,333447425,48510028,333447425,
	北落师门	318185970,318185970,36741067,36741067,293817230,293817230,
电子游戏	Next Studios	346378288,48509984,346378288,344093057,48509984,344093057,341986107,48509984,341986107,282849088,48509984,282849088,286903291,48509984,286903291,35298247,48509984,35298247,297844630,48509984,297844630,292784075,48509984,292784075,285995615,48509984,285995615,49752795,48509984,49752795,
互联网	根好奇	342330636,342330636,308022082,308022082,334676103,334676103,332511692,332511692,327727068,327727068,325527772,325527772,300092803,300092803,30624347,30624347,294469066,294469066,320805978,320805978,
	山东大学	273372052,273372052,40234818,40234818,326469751,326469751,343102702,343102702,351356949,351356949,349030617,349030617,351765908,351765908,38586416,38586416,23203653,23203653,351294004,351294004,
	陈槎客	350535184,350535184,349016011,349016011,41064060,41064060,336899485,336899485,344832143,344832143,344540578,344540578,326638434,326638434,301966470,301966470,326899941,326899941,330249072,330249072,
	注册我是拒绝的	271958533,271958533,322143200,322143200,279736196,279736196,349778101,349778101,350027617,350027617,350298815,350298815,345531527,345531527,331314009,331314009,344590862,344590862,347520333,347520333,
	Daniel Yen	
	金华	
	武汉市	350761967,350761967,48476068,48476068,34425386,34425386,340588155,340588155,350101643,350101643,349609983,349609983,284110013,284110013,
互联网	北京	350206088,48510028,350206088,345701163,48510028,345701163,345283912,48510028,345283912,344763924,48510028,344763924,340134550,48510028,340134550,332699841,48510028,332699841,19568396,302311885,48510028,302311885,315361987,48510028,315361987,297841881,48510028,297841881,25332314,48510028,25332314,
电子游戏	引擎开发	349824540,48510028,349824540,350107688,48510028,350107688,67473950,48510028,67473950,25365330,48510028,25365330,318061685,48510028,318061685,317842711,48510028,317842711,317591049,48510028,317591049,317310073,48510028,317310073,317197327,48510028,317197327,317185925,48510028,317185925,
食品饮料业	上海	307512002,48509984,307512002,293453115,48509984,293453115,23978853,48509984,23978853,42004753,48509984,42004753,68546899,48509984,68546899,64218326,48509984,64218326,38624160,48509984,38624160,36560129,48509984,36560129,33977129,48509984,33977129,51869681,48509984,51869681,
	王小义	
	沈阳市	350219687,350219687,346895652,346895652,284698790,284698790,265270167,265270167,280202966,280202966,277453689,277453689,28389762,28389762,319709102,319709102,336854540,336854540,53024482,53024482,
	北京	351590116,351590116,333519959,333519959,62006422,62006422,286854826,286854826,325234122,325234122,319459486,319459486,319722022,319722022,20054811,20054811,19766230,19766230,302789208,302789208,
临床医疗	埃塞克斯大学(University of Essex)	277962402,48510028,277962402,68030720,48510028,68030720,272483562,48510028,272483562,272134912,48510028,272134912,63840358,48510028,63840358,38347596,48510028,38347596,
教育	长沙	310225052,310225052,345269035,345269035,31089526,31089526,335903203,335903203,68201761,68201761,28151094,28151094,323426926,323426926,301953891,301953891,266966057,266966057,310868294,310868294,
	歧路花園	54984958,54984958,
广告	北京	345715558,48509984,345715558,351156756,48509984,351156756,350079196,48509984,350079196,349675596,48509984,349675596,346699949,48509984,346699949,29887765,48509984,29887765,339369090,48509984,339369090,346314264,48509984,346314264,313514508,48509984,313514508,345725012,48509984,345725012,
高等教育		323292540,323292540,293074081,293074081,67620173,67620173,39755432,39755432,24622853,24622853,23956915,23956915,36777782,36777782,30145923,30145923,271469494,271469494,22828545,22828545,
教育	半年之久都是冬天的地方	44390835,44390835,43462863,43462863,35317151,35317151,296166690,296166690,318913382,318913382,280706855,280706855,335168772,335168772,347088259,347088259,341415289,341415289,30505568,30505568,
铁路运输	山西	277723196,277723196,66207390,66207390,23075570,23075570,310067643,310067643,278726038,278726038,40928865,40928865,27601479,27601479,64182132,64182132,301983482,301983482,330840262,330840262,
互联网	温州	
	电子竞技	351899528,48510028,351899528,350167168,48510028,350167168,347985708,48510028,347985708,346527871,48510028,346527871,344930735,48510028,344930735,344993003,48510028,344993003,344105565,48510028,344105565,343908125,48510028,343908125,342338503,48510028,342338503,341101166,48510028,341101166,
	日本	288029826,288029826,
		
	王岱发	345293594,345293594,339512975,339512975,331110188,331110188,327676798,327676798,325358173,325358173,324670662,324670662,319856949,319856949,319488796,319488796,318640918,318640918,316075208,316075208,
银行	上海	48169282,48169282,352322719,352322719,345323784,345323784,351106143,351106143,349983608,349983608,350285747,350285747,350595678,350595678,349698023,349698023,26828860,26828860,338818657,338818657,
	网易体育	346372237,48510028,346372237,61898579,48510028,61898579,352237500,48510028,352237500,349483923,48510028,349483923,352147808,48510028,352147808,290534479,48510028,290534479,304174913,48510028,304174913,320010349,48510028,320010349,351218630,48510028,351218630,350771528,48510028,350771528,
教育	成都	47755839,47755839,48299892,48299892,45947060,45947060,21175629,21175629,277738923,277738923,32303676,32303676,27177565,27177565,318519272,318519272,29619587,29619587,24417782,24417782,

基础教育	上海	329412612,329412612,64490816,64490816,20407455,20407455,67057918,67057918,64916505,64916505,64583538,64583538,28797725,28797725,49126610,49126610,29498180,29498180,56748730,56748730,
高等教育	北京	
	北京	347087183,347087183,349188644,349188644,310667736,310667736,336685554,336685554,59044212,59044212,350786093,350786093,349676921,349676921,49289136,49289136,53477697,53477697,349066069,349066069,
电子游戏	卢本伟	351334782,351334782,339797833,339797833,352351123,352351123,343324930,343324930,351399437,351399437,350593501,350593501,347576723,347576723,349794499,349794499,350401307,350401307,351112024,351112024,
电子游戏	元帅	
	刘看山福利社	351145503,48510028,351145503,36071560,48510028,36071560,351143845,48510028,351143845,343247440,48510028,343247440,343187633,48510028,343187633,340478420,48510028,340478420,21688284,48510028,21688284,295883762,48510028,295883762,323689116,48510028,323689116,275632612,48510028,275632612,
互联网	北京	
	上海	350043460,350043460,321390766,321390766,284128568,284128568,303977965,303977965,22096248,22096248,286227542,286227542,54621658,54621658,265582943,265582943,63550626,63550626,38009157,38009157,
人力资源	德国	304490734,304490734,274282069,274282069,34244573,34244573,276269380,276269380,270507123,270507123,266980801,266980801,20464638,20464638,264341986,264341986,

互联网	杭州	342049298,48509984,342049298,35289579,48509984,35289579,51269171,48509984,51269171,47451561,48509984,47451561,281158235,48509984,281158235,310675395,48509984,310675395,39474276,48509984,39474276,41854964,48509984,41854964,295454420,48509984,295454420,296260566,48509984,296260566,
	罗马	
电子游戏		
	伊谢尔伦要塞	351591620,351591620,350959281,350959281,25367435,25367435,34493177,34493177,347548750,347548750,346909767,346909767,346746290,346746290,343407669,343407669,333591499,333591499,346122453,346122453,
	于也	61093301,61093301,303959012,303959012,41092474,41092474,39892166,39892166,298285581,298285581,290720561,290720561,37164070,37164070,68232726,68232726,66653664,66653664,65413314,65413314,
种植业	济南	277646043,277646043,322276737,322276737,264530468,264530468,315568033,315568033,318500159,318500159,22746397,22746397,305156211,305156211,67276209,67276209,53698761,53698761,316880188,316880188,
	北京	
创意艺术	苏州	61284412,61284412,41411151,41411151,28040909,28040909,
	多人游戏策划	274778906,274778906,267394694,267394694,266776086,266776086,264745343,264745343,263990519,263990519,65651533,65651533,61162668,61162668,58951545,58951545,60406512,60406512,59902581,59902581,
	Holistic Game Dev	325249500,325249500,66626052,321337007,321337007,321381903,321381903,309893048,309893048,29811066,29811066,316949499,316949499,310208288,310208288,310930978,310930978,311226482,311226482,305505291,305505291,
教育	叶修	62705051,62705051,311425277,311425277,40000616,40000616,267346432,267346432,20883403,20883403,55469482,55469482,319722198,319722198,303357472,303357472,301459876,301459876,25658140,25658140,
	中山	281185483,281185483,332896676,332896676,66703281,66703281,330626719,330626719,330387775,330387775,324732262,324732262,63016277,63016277,328867281,328867281,24346670,24346670,325784181,325784181,
	我不告诉	349883395,349883395,323699814,323699814,346711693,346711693,342285861,342285861,348389925,348389925,348639185,348639185,346245827,346245827,338430111,338430111,339629645,339629645,338532323,338532323,
科研	洛杉矶 (Los Angeles)	
	目田青年	350675490,350675490,342786222,342786222,320453659,320453659,320331697,320331697,
	务观	22353321,22353321,53453294,53453294,52657176,52657176,50255792,50255792,33044239,33044239,43841842,43841842,25747189,25747189,35772824,35772824,41694862,41694862,40023941,40023941,
高等教育	北京市	349870265,48509984,349870265,36289223,48509984,36289223,325692439,48509984,325692439,66862767,48509984,66862767,63352977,48509984,63352977,63074191,48509984,63074191,62592816,48509984,62592816,62269624,48509984,62269624,61402500,48509984,61402500,61050393,48509984,61050393,
	北京	346089628,48510028,346089628,21935413,48510028,21935413,323790816,48510028,323790816,339284544,48510028,339284544,347597898,48510028,347597898,264603924,48510028,264603924,343282857,48510028,343282857,263785760,48510028,263785760,53586099,48510028,53586099,49765801,335411301,48510028,335411301,
	Arcadia	301224735,301224735,300734283,300734283,294963174,294963174,291963576,291963576,290045249,290045249,47388601,47388601,289712813,289712813,267405596,267405596,283985286,283985286,283519856,283519856,
信息传媒		
创意艺术	北京	345725307,345725307,344945418,344945418,309320249,309320249,340779549,340779549,320075644,320075644,339100249,339100249,326131256,326131256,330679266,330679266,320047346,320047346,321467115,321467115,
审计	伦敦	
	California	351245861,351245861,350160701,350160701,345372178,345372178,340654495,340654495,339879861,339879861,328174040,328174040,326410259,326410259,315837872,315837872,323391950,323391950,321667405,321667405,
	深圳市罗湖区	31345378,31345378,25045329,25045329,349441355,349441355,22383924,22383924,347239993,347239993,338088386,338088386,19944939,19944939,335753235,335753235,55191624,55191624,21378005,21378005,
培训	上海	340298969,48510028,340298969,346908676,48510028,346908676,340103948,48510028,340103948,20612257,48510028,20612257,23900793,48510028,23900793,332480012,48510028,332480012,325747572,48510028,325747572,327779254,48510028,327779254,34469135,48510028,34469135,46440628,48510028,46440628,
互联网	雅楠	23964062,23964062,42860851,42860851,20498439,20498439,22008493,22008493,
金融	北京	349938042,349938042,335828820,335828820,304412824,304412824,22276116,22276116,266147523,266147523,21198701,21198701,268574705,268574705,61972854,61972854,265940951,265940951,65646454,65646454,
	知乎用户	
	英国	330245434,330245434,55318793,55318793,38993961,38993961,329843159,329843159,304487649,304487649,29189429,29189429,321590917,321590917,319250910,319250910,54313959,54313959,20440542,20440542,
咨询分析	知乎用户	
	凡川	328391745,328391745,326336835,326336835,322042000,322042000,322236486,322236486,321467115,321467115,
互联网	银河系	
教育	辽宁省	343336881,343336881,344371681,344371681,351143845,351143845,341192723,341192723,338522900,338522900,345121494,345121494,31729045,31729045,348105760,348105760,348980458,348980458,349587888,349587888,
互联网	北京	20655946,48510028,20655946,20473502,48510028,20473502,20243705,48510028,20243705,20153480,48510028,20153480,20001930,48510028,20001930,19976115,48510028,19976115,19973116,48510028,19973116,19946971,48510028,19946971,19861659,48510028,19861659,19852504,48510028,19852504,
		352477928,352477928,352108632,352108632,33969733,33969733,45055496,45055496,351823377,351823377,349036704,349036704,19791685,19791685,346827522,346827522,264325022,264325022,346753229,346753229,
计算机软件	天津	265960326,265960326,266285961,266285961,56313261,56313261,265186525,265186525,264201212,264201212,263944605,263944605,57848134,57848134,66877941,66877941,37248069,37248069,63693074,63693074,
	知乎用户	
畜牧养殖业	北京	352473175,352473175,33220674,33220674,287524343,287524343,306535168,306535168,352108632,352108632,351787265,351787265,352075702,352075702,334316502,334316502,338967544,338967544,351893135,351893135,
临床医疗	飒姐	345606113,48510028,345606113,35682635,48510028,35682635,38827553,48510028,38827553,275605748,48510028,275605748,351341159,48510028,351341159,45676793,48510028,45676793,340502307,48510028,340502307,350961606,48510028,350961606,348049253,48510028,348049253,329880884,48510028,329880884,
创意艺术	北京	346719886,346719886,338253725,338253725,23102073,23102073,321941092,321941092,334944042,334944042,31252017,31252017,19875735,19875735,20091313,20091313,23712198,23712198,320312465,320312465,
	中国	26630097,48509984,26630097,352161228,48509984,352161228,351725547,48509984,351725547,342641863,48509984,342641863,351595007,48509984,351595007,350772783,48509984,350772783,350976128,48509984,350976128,278155816,48509984,278155816,350079196,48509984,350079196,349597279,48509984,349597279,
科研	海淀区	352384014,48510028,352384014,352108632,48510028,352108632,351857255,48510028,351857255,48300695,48510028,48300695,274978007,48510028,274978007,22930891,48510028,22930891,335140617,48510028,335140617,278155816,48510028,278155816,344405727,48510028,344405727,351574168,48510028,351574168,
计算机软件	上海	
	游戏时光VGtime	348675168,48510028,348675168,305656482,48510028,305656482,304753950,48510028,304753950,349712491,48510028,349712491,323790816,48510028,323790816,334882602,48510028,334882602,323696286,48510028,323696286,347662352,48510028,347662352,280402313,48510028,280402313,346570037,48510028,346570037,
高等教育		352108632,48510028,352108632,349065717,48510028,349065717,349188644,48510028,349188644,328372267,48510028,328372267,344293653,48510028,344293653,340356461,48510028,340356461,27626505,48510028,27626505,339288662,48510028,339288662,336144045,48510028,336144045,24487538,48510028,24487538,
军火	路人韦某	352371366,352371366,350202444,350202444,350125508,350125508,350007649,350007649,349937232,349937232,349175159,349175159,347435892,347435892,349708398,349708398,349254850,349254850,34977654,34977654,
	陈诗茗	
信息传媒	北京	21862770,21862770,23329834,23329834,22742583,22742583,22161773,22161773,22669511,22669511,20630189,20630189,22704049,22704049,22688154,22688154,21638674,21638674,22276645,22276645,
	犬君拌汪酱	274083655,274083655,350868998,350868998,350326810,350326810,351342332,351342332,348222645,348222645,26788653,26788653,44894990,44894990,347836059,347836059,24579805,24579805,346416432,346416432,

互联网	北京	296720684,296720684,30735397,30735397,45518933,45518933,264711804,264711804,264713248,264713248,264714010,264714010,20551945,20551945,67243249,67243249,21179591,21179591,60809486,60809486,
	
科研	珀斯	351766115,48510028,351766115,342066985,48510028,342066985,37712150,48510028,37712150,350292725,48510028,350292725,349045610,48510028,349045610,349697452,48510028,349697452,348931011,48510028,348931011,347646586,48510028,347646586,347208973,48510028,347208973,346901236,48510028,346901236,
高等教育		335294125,335294125,310345662,310345662,309867063,309867063,305683377,305683377,303170082,303170082,302480516,302480516,20545885,20545885,296939820,296939820,299073735,299073735,298797592,298797592,
	北京	28161270,48509984,28161270,327421935,48509984,327421935,51429662,48509984,51429662,282956653,48509984,282956653,29288818,48509984,29288818,304751380,48509984,304751380,282931198,48509984,282931198,276638436,48509984,276638436,39196386,48509984,39196386,30902178,48509984,30902178,
电子游戏	Aya Magician	338239102,338239102,334648922,334648922,330398949,330398949,335294125,335294125,330723005,330723005,331597662,331597662,65299573,65299573,320223372,320223372,316309930,316309930,305821335,305821335,
	中国	351753048,351753048,350622051,350622051,340940737,340940737,342285861,342285861,347548274,347548274,345835565,345835565,20586239,20586239,328774535,328774535,326064770,326064770,325221613,325221613,
创意艺术	陈一丁	270763118,270763118,39848786,39848786,282495703,282495703,24317568,24317568,323845793,323845793,40160579,40160579,314429233,314429233,23753327,23753327,20390946,20390946,31410285,31410285,
计算机软件	南京	21177703,21177703,272066061,272066061,68724508,68724508,267445185,267445185,65164090,65164090,62984361,62984361,20453946,20453946,59861416,59861416,58646279,58646279,45910893,45910893,
	风林火山	318913382,318913382,26896662,26896662,48203314,48203314,349598228,349598228,277600011,277600011,347042867,347042867,340397527,340397527,309977690,309977690,340394409,340394409,264993590,264993590,
	
高等教育	吉林大学	25248460,48509984,25248460,40459416,48509984,40459416,35580938,48509984,35580938,280518886,48509984,280518886,282009605,48509984,282009605,53961096,48509984,53961096,21822074,48509984,21822074,68150666,48509984,68150666,67022777,48509984,67022777,20939281,48509984,20939281,
	上海	280651361,48509984,280651361,47581654,48509984,47581654,307263436,48509984,307263436,333436260,48509984,333436260,68480751,48509984,68480751,50895523,48509984,50895523,323763825,48509984,323763825,322844188,48509984,322844188,296753623,48509984,296753623,19866749,48509984,19866749,
	
政府	东莞	345748793,48509984,345748793,342549496,48509984,342549496,338180283,48509984,338180283,334577995,48509984,334577995,20821908,48509984,20821908,23490522,48509984,23490522,333597770,48509984,333597770,317477876,48509984,317477876,333259025,48509984,333259025,330135947,48509984,330135947,
	知乎用户	
	里昂	279622056,279622056,312669766,312669766,21615844,21615844,28790270,28790270,23634811,23634811,20135153,20135153,55223823,55223823,20241991,20241991,
互联网	北京	56046425,56046425,21075487,21075487,50436958,50436958,27463242,27463242,36123269,36123269,21876069,21876069,21010426,21010426,
	吴季	344265329,344265329,332572334,332572334,329352985,329352985,329722092,329722092,265555686,265555686,279213200,279213200,278560732,278560732,278510329,278510329,23612957,23612957,276930933,276930933,
	世界说	20298702,48510028,20298702,19946750,48510028,19946750,33593693,48510028,33593693,348550885,48510028,348550885,341415289,48510028,341415289,344680631,48510028,344680631,339517523,48510028,339517523,339523378,48510028,339523378,337554161,48510028,337554161,336654149,48510028,336654149,
互联网	南京市	350923522,48509984,350923522,347639096,48509984,347639096,347109305,48509984,347109305,344425726,48509984,344425726,280814833,48509984,280814833,333217832,48509984,333217832,40287266,48509984,40287266,331409374,48509984,331409374,328961922,48509984,328961922,328843561,48509984,328843561,
电子游戏	上海	346735133,48510028,346735133,343123306,48510028,343123306,34845154,48510028,34845154,338438233,48510028,338438233,323681477,48510028,323681477,21713209,48510028,21713209,333842651,48510028,333842651,337109682,48510028,337109682,26382065,48510028,26382065,334890951,48510028,334890951,
公关	知乎用户	
培训	美国马里兰州	340275219,340275219,48551596,306269947,306269947,19620355,19620355,266532638,266532638,20666606,20666606,20870926,20870926,26982312,26982312,290802445,290802445,26421296,26421296,45008809,45008809,
	科幻	25398995,48510028,25398995,266233909,48510028,266233909,35509136,48510028,35509136,49591610,48510028,49591610,283053060,48510028,283053060,269905766,48510028,269905766,31168109,48510028,31168109,283981744,48510028,283981744,283330609,48510028,283330609,274970651,48510028,274970651,
给排水	叶茫	350230143,350230143,351186434,351186434,63540695,63540695,64565455,64565455,61148779,61148779,346746290,346746290,343487180,343487180,339687665,339687665,298900550,298900550,334001924,334001924,
	杭州	311530829,48509984,311530829,64460892,48509984,64460892,298206500,48509984,298206500,288577326,48509984,288577326,24124998,48509984,24124998,270488937,48509984,270488937,62269624,48509984,62269624,266133478,48509984,266133478,65613924,48509984,65613924,32210068,48509984,32210068,
	无锡	344974958,48509984,344974958,343431810,48509984,343431810,324932295,48509984,324932295,57117383,48509984,57117383,341356587,48509984,341356587,339345734,48509984,339345734,309816570,48509984,309816570,62919501,48509984,62919501,334343556,48509984,334343556,309322566,48509984,309322566,
高等教育	北京	350859495,350859495,346924747,346924747,336380072,336380072,329348218,329348218,339687798,339687798,23711893,23711893,24696635,24696635,318252420,318252420,331145297,331145297,318185492,318185492,
创意艺术	纽约	52916722,52916722,64721289,64721289,28336461,28336461,25557727,25557727,34258945,34258945,
	复旦大学	
互联网		38482163,38482163,347745552,347745552,294492829,294492829,342738272,342738272,331881438,331881438,59155750,59155750,297451480,297451480,329473987,329473987,329846447,329846447,50237107,50237107,
电影录音	上海	351877498,48509984,351877498,350993224,48509984,350993224,350348502,48509984,350348502,350224793,48509984,350224793,348263865,48509984,348263865,347945413,48509984,347945413,346748118,48509984,346748118,346776950,48509984,346776950,345937200,48509984,345937200,345949414,48509984,345949414,
渔业	滞留地是帽子屋	334789047,334789047,342073312,342073312,348936986,348936986,349245479,349245479,304049577,304049577,347835822,347835822,343685354,343685354,347489182,347489182,342307168,342307168,346521011,346521011,
	Sr缪斯Hideyoshi	352215350,352215350,352358151,352358151,352108632,352108632,351574168,351574168,351224378,351224378,351186434,351186434,351357268,351357268,19637462,19637462,22972790,22972790,350929301,350929301,
科研	香港特别行政区	351877498,351877498,348032762,348032762,337567287,337567287,346829039,346829039,344754554,344754554,343661811,343661811,343242121,343242121,341297613,341297613,340823422,340823422,340424050,340424050,
	郎朗	
信息传媒	网上冲浪记事	19553984,19553984,335394948,335394948,
餐饮	湖北省	351033398,48509984,351033398,53307696,48509984,53307696,345383749,48509984,345383749,324654668,48509984,324654668,306467814,48509984,306467814,300887288,48509984,300887288,300886864,48509984,300886864,301625077,48509984,301625077,301521736,48509984,301521736,299636854,48509984,299636854,
	企鹅吃喝指南	342976772,48510028,342976772,31388371,48510028,31388371,22062142,48510028,22062142,24078631,48510028,24078631,299046724,48510028,299046724,29037500,48510028,29037500,22293945,48510028,22293945,24584472,48510028,24584472,39845930,48510028,39845930,68305842,48510028,68305842,
	知乎汽车	343499950,48510028,343499950,327035700,
高等教育	院长	
高等教育	地下室	349414458,349414458,33184672,33184672,321302630,321302630,48781998,48781998,266611085,266611085,41099223,41099223,
		
创意艺术	北京	351512686,351512686,349175130,349175130,351413532,351413532,343600519,343600519,350937823,350937823,348003746,348003746,347839037,347839037,347832922,347832922,349126598,349126598,346122954,346122954,
机械设备		
互联网	北京	340590218,340590218,28253356,28253356,266586687,266586687,300840760,300840760,296256378,296256378,290895525,290895525,289017119,289017119,283093946,283093946,55729084,55729084,268873123,268873123,
	Macro kuo	22145314,22145314,65760020,65760020,53780469,53780469,52370087,52370087,25955644,25955644,32315497,32315497,38920431,38920431,20491952,20491952,35124067,35124067,54398623,54398623,
畜牧养殖业		341982032,341982032,349904699,349904699,344998128,344998128,345482491,345482491,22135654,22135654,343832721,343832721,339602636,339602636,340654495,340654495,342093491,342093491,334823792,334823792,
	北京	46349433,46349433,58679835,58679835,20830287,20830287,52318037,52318037,52701600,52701600,51459956,51459956,19589277,19589277,39314386,39314386,48337357,48337357,22238159,22238159,
	知乎用户	
	知乎用户	
	知乎用户	
	gudaji	299181684,48510028,299181684,31078445,48510028,31078445,20540726,48510028,20540726,27576277,48510028,27576277,
	落蕊底格里斯	341467325,341467325,340557907,340557907,338966370,338966370,336346505,336346505,331709999,331709999,273501444,273501444,330532826,330532826,294965797,294965797,
	陈佩斯	274629543,48510028,274629543,274989914,48510028,274989914,43475432,48510028,43475432,36704909,48510028,36704909,23038648,48510028,23038648,
	
电子游戏	北京	31457375,31457375,291120900,291120900,334184157,334184157,331238049,331238049,57516199,57516199,331767728,331767728,54732267,54732267,30569684,30569684,59480936,59480936,311094888,311094888,
科研		349852529,48510028,349852529,352115462,48510028,352115462,351556451,48510028,351556451,292189961,48510028,292189961,349146314,48510028,349146314,349717782,48510028,349717782,346880594,48510028,346880594,346970674,48510028,346970674,323617617,48510028,323617617,321753611,48510028,321753611,
机械设备	上海	352181117,352181117,318356084,318356084,350940640,350940640,59229959,59229959,269364469,269364469,338277614,338277614,274271490,274271490,324291565,324291565,351261523,351261523,40140573,40140573,
创意艺术	知乎用户	
	哲学	264314278,48509984,264314278,341158069,48509984,341158069,21020308,48509984,21020308,35804945,48509984,35804945,27528796,48509984,27528796,39917930,48509984,39917930,61140222,48509984,61140222,26455349,20317208,48509984,20317208,22529564,48509984,22529564,59584093,48509984,59584093,
博彩		
	宗座额我略大学挂科王	
法律	合肥	346655267,48510028,346655267,313564280,48510028,313564280,344480944,48510028,344480944,341991844,48510028,341991844,339266482,48510028,339266482,19831242,48510028,19831242,335189221,48510028,335189221,338270736,48510028,338270736,19671232,48510028,19671232,310186247,48510028,310186247,
广告	湖南省	19717687,19717687,339244253,339244253,31516542,31516542,348987005,348987005,348942803,348942803,316608391,316608391,349304426,349304426,343685354,343685354,318847299,318847299,347953882,347953882,
	月面都市格拉纳达	340109656,340109656,336588231,336588231,335256830,335256830,316448765,316448765,297469912,297469912,280790951,280790951,61101535,61101535,68563558,68563558,41202844,41202844,52762927,52762927,
	
服务业		31800664,31800664,348515819,348515819,346024815,346024815,348378968,348378968,347495742,347495742,37849053,37849053,322096843,322096843,26342346,26342346,321219463,321219463,321888337,321888337,











































