
培训	北京	278498150,278498150,29936704,27907174,27907174,68150666,68150666,65468150,65468150,20829265,20829265,38062832,38062832,30503452,30503452,35963650,35963650,42207168,42207168,20210437,20210437,

金融		48907433,48510028,48907433,59077866,48510028,59077866,27709001,48510028,27709001,26525931,48510028,26525931,47929394,48510028,47929394,36707801,48510028,36707801,30821648,48510028,30821648,29191397,48510028,29191397,26637304,48510028,26637304,35803240,48510028,35803240,
	我们的太空	304160528,48510028,304160528,351964089,48510028,351964089,351991857,48510028,351991857,351831350,48510028,351831350,351823646,48510028,351823646,351542727,48510028,351542727,349613825,48510028,349613825,348639185,48510028,348639185,347411547,48510028,347411547,347791409,48510028,347791409,
教育	美国加州	
临床医疗		350157412,48510028,350157412,351947297,48510028,351947297,352061495,48510028,352061495,351699985,48510028,351699985,344238261,48510028,344238261,351989080,48510028,351989080,351925201,48510028,351925201,346786575,48510028,346786575,345606113,48510028,345606113,351752346,48510028,351752346,
电子游戏	永州	352361530,352361530,350706759,350706759,335183322,335183322,352173424,352173424,352116978,352116978,352076986,352076986,351900452,351900452,350868589,350868589,351525979,351525979,351508151,351508151,
	成都	
电子游戏	电竞GO英雄联盟	351577802,351577802,347432696,347432696,352289377,352289377,351703275,351703275,351709851,351709851,350820327,350820327,351577161,351577161,351000468,351000468,336727637,336727637,351722179,351722179,
煤炭工业		
互联网	中国	
高等教育	英国	352473175,48510028,352473175,351920965,48510028,351920965,346862321,48510028,346862321,23448791,48510028,23448791,349870265,48510028,349870265,346198994,48510028,346198994,348916228,48510028,348916228,345282592,48510028,345282592,334189586,48510028,334189586,340516766,48510028,340516766,
		341415289,341415289,19869956,19869956,30660963,30660963,327737781,327737781,264069172,264069172,317374066,317374066,318886895,318886895,324211119,324211119,323803143,323803143,323626538,323626538,
广告	胡戈	348313105,48509984,348313105,347885799,48509984,347885799,22130480,48509984,22130480,347298428,48509984,347298428,320572797,48509984,320572797,344007724,48509984,344007724,343807402,48509984,343807402,67739607,48509984,67739607,341568969,48509984,341568969,340129878,48509984,340129878,
	北京	351208531,351208531,351858172,351858172,350706899,350706899,318584240,318584240,330583918,330583918,340515773,340515773,338132225,338132225,318447291,318447291,336418831,336418831,321746555,321746555,
互联网	Darren	
信息传媒	墨尔本 (Melbourne)	268182718,268182718,349215148,349215148,347298280,347298280,341490189,341490189,342016897,342016897,338459750,338459750,340988510,340988510,337956400,337956400,339216972,339216972,23612855,23612855,
	松鼠会Sheldon	349697452,349697452,349548263,349548263,320209695,320209695,263711126,263711126,53951772,53951772,40335759,40335759,54109076,54109076,26773539,26773539,20579037,20579037,20044748,20044748,
互联网	北京	
互联网	北京	
电子游戏	上海	352473175,48510028,352473175,40215899,48510028,40215899,352299328,48510028,352299328,348003746,48510028,348003746,345099951,48510028,345099951,35659389,48510028,35659389,283762516,48510028,283762516,352077900,48510028,352077900,352103403,48510028,352103403,67473950,48510028,67473950,
	科技美学	345385657,48510028,345385657,330298350,48510028,330298350,344295125,48510028,344295125,342158751,48510028,342158751,324419036,48510028,324419036,316118431,48510028,316118431,319644966,48510028,319644966,321575519,48510028,321575519,320825895,48510028,320825895,321625669,48510028,321625669,
科研	國立台中科技大學	343494042,48510028,343494042,330781023,48510028,330781023,330034090,48510028,330034090,321758643,48510028,321758643,65336837,48510028,65336837,323611493,48510028,323611493,323566282,48510028,323566282,306793225,48510028,306793225,306591821,48510028,306591821,304222652,48510028,304222652,
渔业	北京	
出版业	福州	23484511,23484511,45511026,45511026,21527516,21527516,300678164,300678164,24120125,24120125,27572823,27572823,21962096,21962096,22473258,22473258,343585330,343585330,33572627,33572627,
互联网	北京	296651647,48509984,296651647,68284420,48509984,68284420,312130103,48509984,312130103,310045649,48509984,310045649,34813332,48509984,34813332,302134655,48509984,302134655,266700195,48509984,266700195,21828662,48509984,21828662,47783379,48509984,47783379,39420364,48509984,39420364,
	胡安娜	20217705,20217705,31980978,31980978,38432025,38432025,320577367,320577367,55110691,55110691,65190495,65190495,59954884,59954884,50549492,50549492,
互联网	北京	352389016,352389016,330402365,330402365,351574168,351574168,29122083,29122083,350993224,350993224,46693101,46693101,271661899,271661899,350171737,350171737,56740436,56740436,49432258,49432258,
房地产	一只柚子	
	郑州	352171277,352171277,351843957,351843957,351900452,351900452,351502789,351502789,350788959,350788959,23713916,23713916,345953564,345953564,350857182,350857182,350067638,350067638,49180762,49180762,
高等教育	济南	
广播电视	东京	349862752,349862752,348295929,348295929,317477937,317477937,345226718,345226718,347954489,347954489,350070973,350070973,48743568,48743568,268803538,268803538,348402793,348402793,50363347,50363347,
艺术娱乐	上海	351574168,351574168,265204791,265204791,347163228,347163228,347497848,347497848,36100933,36100933,342308172,342308172,341237991,341237991,325967167,325967167,20242106,20242106,334973415,334973415,
高等教育	马萨诸塞州剑桥市	349335257,48510028,349335257,347997936,48510028,347997936,348181968,48510028,348181968,345525984,48510028,345525984,343761769,48510028,343761769,67701534,48510028,67701534,340653057,48510028,340653057,339594280,48510028,339594280,33891578,48510028,33891578,337362714,48510028,337362714,
基础教育	
高等教育	何清端	341919197,341919197,326499704,326499704,315394118,315394118,313202051,313202051,303137880,303137880,67049681,67049681,30062423,30062423,
高新科技		275562226,275562226,267600043,267600043,62250094,62250094,
互联网	北京	347756476,347756476,39766410,39766410,324674358,324674358,36560129,36560129,26891149,26891149,325703688,325703688,52857778,52857778,31008989,31008989,23498424,23498424,66493608,66493608,
	北京	349488784,349488784,343948540,343948540,347332543,347332543,32425841,32425841,344909725,344909725,345521014,345521014,344834065,344834065,345110878,345110878,344793464,344793464,344623147,344623147,
互联网	北京	
	宁波市	351367193,351367193,352173424,352173424,67442588,67442588,38333931,38333931,348483697,348483697,351336288,351336288,317708657,317708657,340586328,340586328,341492577,341492577,345843084,345843084,
互联网	baskice	307382988,307382988,307286569,307286569,304955806,304955806,46589562,46589562,303771456,303771456,304152523,304152523,305476817,305476817,306718007,306718007,305858050,305858050,64079932,64079932,
地产建筑		331958053,331958053,318799508,318799508,320592267,320592267,47661440,47661440,318918539,318918539,317995033,317995033,317066388,317066388,315499897,315499897,316028022,316028022,315745653,315745653,
	知乎电影	344019917,48510028,344019917,333519959,48510028,333519959,341994002,48510028,341994002,342936488,48510028,342936488,
	重庆市	303677417,303677417,
资本投资		
	大梦想程序商店	29147727,48510028,29147727,21940510,48510028,21940510,36546814,48510028,36546814,265726340,48510028,265726340,277398226,48510028,277398226,47045516,48510028,47045516,266021832,48510028,266021832,55262852,48510028,55262852,272485925,48510028,272485925,54580383,48510028,54580383,
旅游	黔东南苗族侗族自治州	341897209,341897209,343238456,343238456,350043460,350043460,23484429,23484429,345659029,345659029,330133999,330133999,325066511,325066511,324824457,324824457,23828486,23828486,34661743,34661743,
	梦娃	293865460,293865460,291334014,291334014,291787418,291787418,275476790,275476790,274033994,274033994,22772515,22772515,268555223,268555223,46181271,46181271,39699936,39699936,268460335,268460335,
创意艺术	北京	344898179,48509984,344898179,344970504,48509984,344970504,342936488,48509984,342936488,336025623,48509984,336025623,339845901,48509984,339845901,335838124,48509984,335838124,33553940,48509984,33553940,54519924,48509984,54519924,264788988,48509984,264788988,68399537,48509984,68399537,
	知乎用户	
创意艺术	深圳市	344954093,344954093,324981875,324981875,312769000,312769000,314192065,314192065,312943692,312943692,298094608,298094608,306801956,306801956,275830694,275830694,292022029,292022029,269683905,269683905,
汽车	上海	352461022,48510028,352461022,352228356,48510028,352228356,323505422,48510028,323505422,351300910,48510028,351300910,37647238,48510028,37647238,350788339,48510028,350788339,349636210,48510028,349636210,350788619,48510028,350788619,350788807,48510028,350788807,343600404,48510028,343600404,
	克莱登大学	
高等教育	哈尔滨市南岗区	351595687,351595687,51519217,51519217,351106143,351106143,350443247,350443247,347744137,347744137,347873488,347873488,337662152,337662152,347404761,347404761,266355228,266355228,283644488,283644488,
	上海	314616023,314616023,305572392,305572392,273686033,273686033,273621426,273621426,65680324,65680324,63814276,63814276,24774112,24774112,60416551,60416551,59219808,59219808,29570644,29570644,
互联网	杭州	
广播电视	北京	351589009,351589009,351610857,351610857,341832159,341832159,42076732,42076732,327214451,327214451,348612214,348612214,344878793,344878793,346918498,346918498,345977506,345977506,345685884,345685884,
	北京	20117828,20117828,53636074,53636074,37400471,37400471,24173671,24173671,35873379,35873379,31070179,31070179,28882548,28882548,27958265,27958265,27819341,27819341,27083150,27083150,
高等教育	Durham, NC	
政府	待我施为地煞变	29800599,29800599,28782497,28782497,348830362,348830362,342122096,342122096,316700186,316700186,350491888,350491888,281893979,281893979,348724298,348724298,345628902,345628902,348229748,348229748,
	
计算机软件	郑州	332699841,332699841,331830643,331830643,314447699,314447699,317668534,317668534,313279018,313279018,310982639,310982639,310982639,27636434,27636434,49516344,49516344,
	北京	46926822,46926822,67715905,67715905,276034117,276034117,60568511,60568511,264382224,264382224,266200351,266200351,263770122,263770122,67663598,67663598,65642104,65642104,32143979,32143979,
	小心假设	321675119,48509984,321675119,27920211,48509984,27920211,331132551,48509984,331132551,316247441,48509984,316247441,345673005,48509984,345673005,335457281,21868690,48509984,21868690,344423720,48509984,344423720,340342871,48509984,340342871,339714414,48509984,339714414,343257740,48509984,343257740,
互联网	无颜鼓励师	
互联网		31937124,31937124,32276442,32276442,62972819,62972819,308662400,308662400,336840672,336840672,286525154,286525154,348318313,348318313,304970889,304970889,26111344,26111344,266586355,266586355,
互联网	郑州	22805396,22805396,25343481,25343481,291506148,291506148,23289709,23289709,31325499,31325499,340604965,340604965,26684822,26684822,325648700,325648700,51861054,51861054,28417938,28417938,
互联网	杭州互联网公司	
银行	丹麦（Denmark）	341868551,341868551,329731855,329731855,266954305,266954305,328722471,328722471,327773221,327773221,311934252,311934252,324825289,324825289,323864028,323864028,323865158,323865158,316113560,316113560,
高等教育	加拿大	350215777,48510028,350215777,339126201,48510028,339126201,340878015,48510028,340878015,339266482,48510028,339266482,340486237,48510028,340486237,340134550,48510028,340134550,336811839,48510028,336811839,339165323,48510028,339165323,337520035,48510028,337520035,334806759,48510028,334806759,
体育健身	北京	38455082,48510028,38455082,264049431,48510028,264049431,30844773,48510028,30844773,
计算机软件	Research Assistant, Data Systems Group	336594700,336594700,330515015,330515015,329153374,329153374,321110071,321110071,321362531,321362531,316135639,316135639,290670460,290670460,304048642,304048642,302292187,302292187,300635800,300635800,
养老服务	Rucaz	23570027,23570027,347745552,347745552,276000271,276000271,305036930,305036930,268814901,268814901,296570034,296570034,63212359,63212359,295080248,295080248,29173647,29173647,281282523,281282523,
	知乎用户	
	
创意艺术	杭州	351312949,48510028,351312949,350298815,48510028,350298815,349675424,48510028,349675424,347489182,48510028,347489182,343348904,48510028,343348904,343033809,48510028,343033809,340697469,48510028,340697469,337696478,48510028,337696478,336777001,48510028,336777001,57183057,48510028,57183057,
高新科技	
互联网	北京	351782671,351782671,341938727,341938727,24700472,24700472,337970710,337970710,349513003,349513003,329695005,329695005,310278668,310278668,347864486,347864486,343918658,343918658,346932256,346932256,
互联网	深圳市	273941641,273941641,300761376,300761376,28340417,28340417,299686193,299686193,300094303,300094303,279750425,279750425,26168028,26168028,50986173,50986173,297741254,297741254,
咨询分析	巴黎（Paris）	309336742,309336742,27892150,27892150,23865843,23865843,60399428,60399428,35589794,35589794,63743906,63743906,27441184,27441184,30719752,30719752,24609132,24609132,38088787,38088787,
咨询分析	纽约	299700466,48510028,299700466,349685679,48510028,349685679,349942003,48510028,349942003,292091101,48510028,292091101,318913382,48510028,318913382,63936962,48510028,63936962,347835822,48510028,347835822,348131574,48510028,348131574,344080799,48510028,344080799,348028641,48510028,348028641,
	广州市	349504097,48510028,349504097,350337824,48510028,350337824,350050209,48510028,350050209,334519834,48510028,334519834,333268203,48510028,333268203,26379252,321540917,48510028,321540917,324264441,48510028,324264441,323263423,48510028,323263423,314798058,48510028,314798058,267001876,48510028,267001876,
	思故渊	349172747,349172747,347166437,347166437,345275697,345275697,54794794,54794794,343661811,343661811,346019735,346019735,22290455,22290455,23809864,23809864,41976387,41976387,338879543,338879543,
创意艺术	地球	352219802,352219802,28217018,28217018,348996703,348996703,348904824,348904824,351406805,351406805,351262548,351262548,346139525,346139525,350957345,350957345,350272769,350272769,49940883,49940883,
	知乎用户	
政府	大俄亥俄首府	351875084,351875084,351165549,351165549,315745653,315745653,349629354,349629354,349373671,349373671,49219202,49219202,54957651,54957651,349545655,349545655,348608210,348608210,346253906,346253906,
	纯粹	270057735,270057735,48296895,48296895,344018667,344018667,343606264,343606264,21416877,21416877,343246227,343246227,342931175,342931175,342794869,342794869,341173193,341173193,340441477,340441477,
公共服务	北京市	346839196,346839196,39949229,39949229,327322587,327322587,320026046,320026046,313068091,313068091,322524909,322524909,329273568,329273568,334420312,334420312,349976414,349976414,346810013,346810013,
高等教育	上海	349239191,48510028,349239191,348211067,48510028,348211067,346015753,48510028,346015753,40224611,48510028,40224611,336327020,48510028,336327020,335078504,48510028,335078504,335732417,48510028,335732417,53788217,48510028,53788217,333822277,48510028,333822277,324500327,48510028,324500327,
	航天面面观	352208169,352208169,331028548,331028548,350239192,350239192,350163672,350163672,350132918,350132918,347747158,347747158,348067123,348067123,66955361,66955361,342172376,342172376,348639185,348639185,
互联网	天津市滨海新区	53437740,53437740,325503506,325503506,325061303,325061303,324912106,324912106,324766538,324766538,321764081,321764081,316968611,316968611,316387796,316387796,315572970,315572970,315433145,315433145,
	Hastiras Hassas	
教育	陈兰香	352171277,352171277,345606113,345606113,338381574,338381574,306771843,306771843,350823185,350823185,350126182,350126182,348446136,348446136,348315251,348315251,341729604,341729604,347545743,347545743,
互联网	杭州	37559307,48509984,37559307,280273049,48509984,280273049,23724645,48509984,23724645,270720694,48509984,270720694,25163184,48509984,25163184,267587693,48509984,267587693,20395761,48509984,20395761,55761843,48509984,55761843,66406672,48509984,66406672,21611377,48509984,21611377,
体育健身		346162314,346162314,339302318,339302318,338548890,338548890,333448659,333448659,324106342,324106342,20664147,20664147,332441099,332441099,331960975,331960975,328840480,328840480,60927899,60927899,
	Treyton	
	上海	341656876,48509984,341656876,339705728,48509984,339705728,293488192,48509984,293488192,312960163,48509984,312960163,314633067,48509984,314633067,311623457,48509984,311623457,308167678,48509984,308167678,24070983,48509984,24070983,284286080,48509984,284286080,301594482,48509984,301594482,
证券投资	上海	344373775,344373775,24618051,24618051,25309735,25309735,26786698,26786698,37054230,37054230,21089794,21089794,331982955,331982955,320546230,320546230,317452208,317452208,328216851,328216851,
科研	Tardis	352387157,48510028,352387157,349953108,48510028,349953108,351623792,48510028,351623792,351448451,48510028,351448451,347770564,48510028,347770564,266608049,48510028,266608049,350252837,48510028,350252837,349454074,48510028,349454074,348271770,48510028,348271770,340860437,48510028,340860437,
计算机软件	杭州	265643946,265643946,65087132,65087132,63512776,63512776,46942509,46942509,55925884,55925884,40444111,40444111,
博物馆	北京市	343366307,48510028,343366307,342658585,48510028,342658585,338705766,48510028,338705766,312706857,48510028,312706857,312980482,48510028,312980482,276438817,48510028,276438817,269339532,48510028,269339532,60487154,48510028,60487154,60880564,48510028,60880564,65074012,48510028,65074012,
非营利组织	L19, Lorville, Hurston Planet, Stanton System	352384014,352384014,350160701,350160701,350292725,350292725,349697452,349697452,67459710,347725587,347725587,346701745,346701745,345731857,345731857,29868843,29868843,338618946,338618946,341199974,341199974,
临床医疗	上海	350336215,48510028,350336215,348029595,48510028,348029595,349548263,48510028,349548263,341063544,48510028,341063544,347495742,48510028,347495742,347354112,48510028,347354112,347268325,48510028,347268325,346949677,48510028,346949677,346080508,48510028,346080508,346758272,48510028,346758272,
咨询分析	上海市	
政府	天津	314768506,48510028,314768506,351669202,48510028,351669202,299203094,48510028,299203094,349944053,48510028,349944053,351747235,48510028,351747235,283225380,48510028,283225380,315465629,48510028,315465629,351730041,48510028,351730041,351342332,48510028,351342332,345368176,48510028,345368176,
	联合创始人	263976079,48509984,263976079,273800097,48509984,273800097,301887086,48509984,301887086,309805169,48509984,309805169,300674997,48509984,300674997,321575124,48509984,321575124,20819866,48509984,20819866,331318550,48509984,331318550,325173949,48509984,325173949,322430069,48509984,322430069,
制药	春田花花养猪场	324459830,324459830,295108216,295108216,308869215,308869215,307669236,307669236,308303951,308303951,302187143,302187143,30141268,30141268,308016697,308016697,290166716,290166716,28156746,28156746,

高等教育	副教授	
	匡世珉	29316970,48509984,29316970,40409449,48509984,40409449,29039728,48509984,29039728,51033691,48509984,51033691,52958268,48509984,52958268,29446508,48509984,29446508,47370254,48509984,47370254,51080627,48509984,51080627,38892515,48509984,38892515,27807675,48509984,27807675,
	真实故事计划	26765834,48510028,26765834,23716039,48510028,23716039,51690276,48510028,51690276,350996756,48510028,350996756,23969756,48510028,23969756,290210695,48510028,290210695,323446334,48510028,323446334,31421459,48510028,31421459,54619234,48510028,54619234,286175714,48510028,286175714,
	錢中玉	345247864,345247864,349675424,349675424,347835822,347835822,297727132,297727132,347363000,347363000,345432659,345432659,345432979,345432979,311822943,311822943,341173260,341173260,38686146,38686146,
法律	上海	293133613,293133613,343661811,343661811,338766555,338766555,333336635,333336635,66294542,66294542,267461136,267461136,22581785,22581785,315499329,315499329,320347760,320347760,303772878,303772878,
科研	厦门	339328495,48509984,339328495,313268969,48509984,313268969,315820831,48509984,315820831,322686063,48509984,322686063,320020251,48509984,320020251,298394539,48509984,298394539,68208296,48509984,68208296,291440789,48509984,291440789,290367626,48509984,290367626,58063369,48509984,58063369,
	朱缇尘	349704647,349704647,310829687,310829687,344363757,344363757,347968818,347968818,348003194,348003194,345788300,345788300,342527097,342527097,339379460,339379460,336234608,336234608,333344650,333344650,
互联网	浙江	19988840,48510028,19988840,271940490,48510028,271940490,22139035,48510028,22139035,324978602,48510028,324978602,22204774,48510028,22204774,68103156,48510028,68103156,27925812,48510028,27925812,22378218,48510028,22378218,21430286,48510028,21430286,37226968,48510028,37226968,
互联网	北京	347359487,48509984,347359487,338079826,48509984,338079826,333753849,48509984,333753849,20318069,48509984,20318069,269267724,48509984,269267724,41089988,48509984,41089988,28703540,48509984,28703540,274066446,48509984,274066446,290775121,48509984,290775121,288115796,48509984,288115796,
	庭院深深	338328563,338328563,339288846,339288846,344272055,344272055,339716248,339716248,319324119,319324119,341314990,341314990,278594044,278594044,37297976,37297976,339970501,339970501,68308169,68308169,
审计	土豆烧牛肉贴木儿	349385305,349385305,27220666,27220666,46693101,46693101,349803370,349803370,343318391,343318391,350091798,350091798,349977537,349977537,20713134,20713134,340424050,340424050,340940737,340940737,
科研	东乌珠穆沁旗	40458036,40458036,349809749,349809749,350015829,350015829,350782494,350782494,352208169,352208169,30543838,30543838,301683265,301683265,351007756,351007756,34225818,34225818,340253679,340253679,
娱乐休闲	上海市	342616024,342616024,345132630,345132630,351008278,351008278,351200680,351200680,347276611,347276611,350869637,350869637,351074765,351074765,350411823,350411823,350028180,350028180,343820560,343820560,
	唐少	335374018,335374018,337306747,337306747,331315173,331315173,331322823,331322823,330151558,330151558,329631388,329631388,330816203,330816203,328089540,328089540,327064811,327064811,329512479,329512479,
互联网	北京	350206088,48510028,350206088,345701163,48510028,345701163,345283912,48510028,345283912,344763924,48510028,344763924,340134550,48510028,340134550,332699841,48510028,332699841,19568396,302311885,48510028,302311885,315361987,48510028,315361987,297841881,48510028,297841881,25332314,48510028,25332314,
互联网	杭州	333652815,333652815,41313980,41313980,40821283,40821283,40220361,40220361,35427550,35427550,37198352,37198352,37413885,37413885,37050565,37050565,37338656,37338656,37194641,37194641,
	幼儿教育	
电子游戏	引擎开发	349824540,48510028,349824540,350107688,48510028,350107688,67473950,48510028,67473950,25365330,48510028,25365330,318061685,48510028,318061685,317842711,48510028,317842711,317591049,48510028,317591049,317310073,48510028,317310073,317197327,48510028,317197327,317185925,48510028,317185925,
证券投资	股票分析师	21032919,21032919,343025824,343025824,339595105,339595105,342944385,342944385,317168724,317168724,
	
博物馆	北京	40028642,40028642,47045516,47045516,263678290,263678290,68014919,68014919,29183631,29183631,273866042,273866042,22866524,22866524,321211386,321211386,46680759,46680759,25368703,25368703,
博彩	斯德哥尔摩	352231492,352231492,352222192,352222192,351388272,351388272,348159853,348159853,341415289,341415289,20803640,20803640,
景观	墨尔本 (Melbourne)	
	北京大学	
银行	上海	48169282,48169282,352322719,352322719,345323784,345323784,351106143,351106143,349983608,349983608,350285747,350285747,350595678,350595678,349698023,349698023,26828860,26828860,338818657,338818657,
	刘看山福利社	351145503,48510028,351145503,36071560,48510028,36071560,351143845,48510028,351143845,343247440,48510028,343247440,343187633,48510028,343187633,340478420,48510028,340478420,21688284,48510028,21688284,295883762,48510028,295883762,323689116,48510028,323689116,275632612,48510028,275632612,
医疗服务	上海	343526574,48510028,343526574,343535134,48510028,343535134,280429101,48510028,280429101,343819759,48510028,343819759,339349453,48510028,339349453,343499950,48510028,343499950,289694576,48510028,289694576,343173990,48510028,343173990,21993559,48510028,21993559,312253674,48510028,312253674,
	公子V	351133657,351133657,350857182,350857182,347495742,347495742,342318692,342318692,322666481,322666481,285582826,285582826,341049216,341049216,340023541,340023541,308413756,308413756,332507628,332507628,
互联网	北京	351607398,351607398,352171277,352171277,345606113,345606113,343995869,343995869,344954093,344954093,349944053,349944053,350827215,350827215,23713916,23713916,351188478,351188478,345593418,345593418,
	
	中山	281185483,281185483,332896676,332896676,66703281,66703281,330626719,330626719,330387775,330387775,324732262,324732262,63016277,63016277,328867281,328867281,24346670,24346670,325784181,325784181,
互联网	上海	292916908,48510028,292916908,350763781,48510028,350763781,346358935,48510028,346358935,35316138,48510028,35316138,346269954,48510028,346269954,40126184,48510028,40126184,343818672,48510028,343818672,332135143,48510028,332135143,337697774,48510028,337697774,344109871,48510028,344109871,
医疗服务	成都	271673302,271673302,35468197,35468197,21655019,21655019,51435107,51435107,40798375,40798375,47380374,47380374,321906774,321906774,21351422,21351422,340270582,340270582,343508877,343508877,
培训	上海	340298969,48510028,340298969,346908676,48510028,346908676,340103948,48510028,340103948,20612257,48510028,20612257,23900793,48510028,23900793,332480012,48510028,332480012,325747572,48510028,325747572,327779254,48510028,327779254,34469135,48510028,34469135,46440628,48510028,46440628,
互联网	北京	35482151,35482151,39559151,39559151,34853466,34853466,42153411,42153411,24708976,24708976,50548488,50548488,26292855,26292855,41328651,41328651,25096456,25096456,22012538,22012538,
	北京	351977486,351977486,340124728,340124728,324898668,324898668,320958359,320958359,298669127,298669127,306240430,306240430,303015505,303015505,267182661,267182661,302557005,302557005,22605761,22605761,
教育	辽宁省	343336881,343336881,344371681,344371681,351143845,351143845,341192723,341192723,338522900,338522900,345121494,345121494,31729045,31729045,348105760,348105760,348980458,348980458,349587888,349587888,
创意艺术	北京	333220171,333220171,344924702,344924702,343826011,343826011,341941765,341941765,338715438,338715438,332894330,332894330,330312789,330312789,327866081,327866081,321347151,321347151,306383263,306383263,
养老服务	巴塔哥尼亚	55110691,48509984,55110691,327340133,48509984,327340133,325656773,48509984,325656773,323826980,48509984,323826980,318949961,48509984,318949961,322022059,48509984,322022059,319088276,48509984,319088276,311127230,48509984,311127230,294701898,48509984,294701898,305891726,48509984,305891726,
策展	北京	342482043,342482043,34587107,34587107,317662677,317662677,310913737,310913737,55330529,55330529,54114510,54114510,65316844,65316844,297798182,297798182,279387872,279387872,280558706,280558706,
	新加坡	
畜牧养殖业	北京	352473175,352473175,33220674,33220674,287524343,287524343,306535168,306535168,352108632,352108632,351787265,351787265,352075702,352075702,334316502,334316502,338967544,338967544,351893135,351893135,
咨询分析	多伦多	347676364,347676364,324725371,324725371,317186525,317186525,317771758,317771758,310130143,310130143,313532422,313532422,312702008,312702008,312111080,312111080,312074621,312074621,310539731,310539731,
	桔年	27662789,27662789,268797812,268797812,264043038,264043038,40936006,40936006,56748730,56748730,40000616,40000616,
临床医疗	飒姐	345606113,48510028,345606113,35682635,48510028,35682635,38827553,48510028,38827553,275605748,48510028,275605748,351341159,48510028,351341159,45676793,48510028,45676793,340502307,48510028,340502307,350961606,48510028,350961606,348049253,48510028,348049253,329880884,48510028,329880884,
计算机软件	上海	352226489,352226489,351180478,351180478,350261607,350261607,350149823,350149823,290820315,290820315,33527279,33527279,345011069,345011069,35060016,35060016,349369394,349369394,343121264,343121264,
科研	海淀区	352384014,48510028,352384014,352108632,48510028,352108632,351857255,48510028,351857255,48300695,48510028,48300695,274978007,48510028,274978007,22930891,48510028,22930891,335140617,48510028,335140617,278155816,48510028,278155816,344405727,48510028,344405727,351574168,48510028,351574168,
	北京	344398757,344398757,345517738,345517738,22621160,22621160,22495832,22495832,305572392,305572392,60299661,60299661,59112528,59112528,22448688,22448688,41057084,41057084,38334518,38334518,
	印度文化	325023475,48509984,325023475,24038880,48509984,24038880,286845638,48509984,286845638,313430140,48509984,313430140,313072513,48509984,313072513,38027158,48509984,38027158,309785359,48509984,309785359,311141242,48509984,311141242,305322925,48509984,305322925,299134604,48509984,299134604,
铁路运输	郑州市二七区和平路一号	352452988,352452988,350031539,350031539,348920392,348920392,348771721,348771721,348452920,348452920,348343734,348343734,348349398,348349398,348218393,348218393,347784473,347784473,347560397,347560397,
计算机软件	西雅图（Seattle）	337481109,337481109,352498895,352498895,352171277,352171277,351386257,351386257,350801376,350801376,343979039,343979039,352116266,352116266,351820283,351820283,347670274,347670274,341544600,341544600,
	北京市	328571237,328571237,320611448,320611448,351701308,351701308,351886861,351886861,351273870,351273870,350997351,350997351,346658239,346658239,348318313,348318313,349566175,349566175,338423080,338423080,
高新科技	东京	39884157,39884157,19552775,19552775,68322255,68322255,33892253,33892253,19830921,54003912,54003912,19830921,19830921,36324957,36324957,38586401,38586401,47439534,47439534,21605094,21605094,
		
互联网		
	网易游戏	268395554,268395554,346275574,346275574,60627166,60627166,350648260,350648260,350079719,350079719,350341955,350341955,307660309,307660309,
		277013753,277013753,26780454,26780454,36108291,36108291,341951177,341951177,64130361,64130361,31412987,31412987,342166062,342166062,53864078,53864078,53992448,53992448,23466560,23466560,
汽车		352228356,48509984,352228356,350797654,48509984,350797654,350931231,48509984,350931231,350191144,48509984,350191144,349598228,48509984,349598228,347585177,48509984,347585177,346936125,48509984,346936125,345218874,48509984,345218874,58640881,48509984,58640881,340478420,48509984,340478420,
	产品总监	350201937,350201937,328906401,328906401,317642803,317642803,36697396,36697396,21867404,21867404,23241437,23241437,23729416,23729416,20985519,20985519,20629862,20629862,20635843,20635843,
政府	东莞	345748793,48509984,345748793,342549496,48509984,342549496,338180283,48509984,338180283,334577995,48509984,334577995,20821908,48509984,20821908,23490522,48509984,23490522,333597770,48509984,333597770,317477876,48509984,317477876,333259025,48509984,333259025,330135947,48509984,330135947,
	知乎用户	
互联网	美国 圣地亚戈	41328694,41328694,55059183,55059183,45718657,45718657,31818264,31818264,27641246,27641246,46667028,46667028,35159928,35159928,28460187,28460187,33691023,33691023,31949281,31949281,
零售	昆明	266898708,266898708,351085526,351085526,332717605,332717605,347448236,347448236,351502789,351502789,337511147,337511147,349678436,349678436,350937823,350937823,351248066,351248066,350588277,350588277,
互联网	南京市	350923522,48509984,350923522,347639096,48509984,347639096,347109305,48509984,347109305,344425726,48509984,344425726,280814833,48509984,280814833,333217832,48509984,333217832,40287266,48509984,40287266,331409374,48509984,331409374,328961922,48509984,328961922,328843561,48509984,328843561,
高新科技	Software engineer	
高新科技	北京	329643186,329643186,329481401,21211978,21211978,302224780,302224780,264449652,264449652,20429378,20429378,265020644,265020644,29333673,29333673,263569365,263569365,20904907,20904907,59791003,59791003,
金融	北京	20602526,20602526,300648528,300648528,37940173,37940173,304212209,304212209,269539188,269539188,35249750,35249750,35083230,35083230,20370442,20370442,58424544,58424544,54596367,54596367,
出版业	北京	352348769,352348769,352326297,352326297,339935672,339935672,346130692,346130692,351896687,351896687,346208601,346208601,341721545,341721545,352108632,352108632,347228924,347228924,351976108,351976108,
电影录音	编曲	351673024,351673024,347269067,347269067,347489086,347489086,347566412,347566412,347035332,347035332,345325837,345325837,346688946,346688946,346042919,346042919,346533383,346533383,346357895,346357895,
科研	上海	351753048,351753048,351448451,351448451,344899315,344899315,339110459,339110459,339541709,339541709,54243507,54243507,315548960,315548960,30956721,30956721,320894368,320894368,316843784,316843784,
	小村雏	315779348,315779348,68613138,68613138,297518784,297518784,297471422,297471422,297434989,297434989,297434989,37769463,37769463,56553505,56553505,36352593,36352593,37554387,37554387,
政府	副书记	
互联网	纽约	278361340,278361340,268906308,268906308,65118072,65118072,56714380,56714380,20825185,20825185,42936424,42936424,41397892,41397892,30670260,30670260,29031897,29031897,28643320,28643320,
	知乎汽车	343499950,48510028,343499950,327035700,
	咩咩杨	268663946,268663946,
	北京	38414273,38414273,20523075,20523075,20217368,20217368,20162819,20162819,20157740,20157740,19914157,19914157,19903377,19903377,19859503,19859503,19857451,19857451,19856684,19856684,
电子游戏	旧金山湾区	
资本投资	上海市	27121393,27121393,24504733,24504733,
	留学生日报	352108632,48510028,352108632,20682359,48510028,20682359,276704653,48510028,276704653,350043460,48510028,350043460,349599078,48510028,349599078,349636463,48510028,349636463,30566381,48510028,30566381,348639185,48510028,348639185,348675464,48510028,348675464,348515847,48510028,348515847,
家具	北京	352173424,48510028,352173424,23932178,48510028,23932178,351782671,48510028,351782671,351179285,48510028,351179285,59140775,48510028,59140775,299598737,48510028,299598737,347276611,48510028,347276611,63580473,48510028,63580473,19855515,48510028,19855515,35688510,48510028,35688510,
互联网	哈尔滨	348811511,48510028,348811511,349474623,48510028,349474623,346050973,48510028,346050973,317304451,48510028,317304451,307679174,48510028,307679174,308045928,48510028,308045928,58482430,48510028,58482430,291266315,48510028,291266315,288190292,48510028,288190292,282950648,48510028,282950648,
创意艺术	尼堪巴图鲁	337568352,337568352,21442920,21442920,
互联网	北京	340590218,340590218,28253356,28253356,266586687,266586687,300840760,300840760,296256378,296256378,290895525,290895525,289017119,289017119,283093946,283093946,55729084,55729084,268873123,268873123,
渔业	知乎用户	
基础教育	厦门	307512059,307512059,277132148,277132148,279007316,279007316,351719834,351719834,351625853,351625853,351419886,351419886,32143575,32143575,345475782,345475782,347503862,347503862,351264102,351264102,
互联网	北京	352085186,352085186,347384322,347384322,308201447,308201447,351174386,351174386,21793993,21793993,350614145,350614145,350366858,350366858,347469966,347469966,345431917,345431917,346299665,346299665,
博物馆	wqqw	24280664,24280664,30026369,30026369,23645117,23645117,336446443,336446443,344517681,344517681,23705245,23705245,20895638,20895638,
	谷歌开发者	345145839,48510028,345145839,343385341,48510028,343385341,40099190,48510028,40099190,49909565,48510028,49909565,32037895,48510028,32037895,22213757,48510028,22213757,20042084,48510028,20042084,46495381,48510028,46495381,
电力电网	北京	
互联网	上海	329522820,329522820,327210947,327210947,322187347,322187347,322893567,322893567,322367356,322367356,322285847,322285847,321341373,321341373,322310309,322310309,55512002,55512002,322305995,322305995,
高等教育	南京	28288541,28288541,350383254,350383254,350351013,350351013,349656790,349656790,349548263,349548263,315940760,315940760,29682293,29682293,316636724,316636724,41380989,41380989,43377108,43377108,
互联网		
计算机软件	七森中 娱乐部	345638406,345638406,319323628,319323628,310029625,310029625,281110850,281110850,278587865,278587865,275628003,275628003,269712702,269712702,269172047,269172047,268462071,268462071,267395069,267395069,
互联网	杭州	351426844,351426844,352084212,352084212,351106143,351106143,351180302,351180302,350411823,350411823,308115396,308115396,336267047,336267047,319158572,319158572,347469966,347469966,21287801,21287801,
	KIKI	
	海外	
	基本就是执行策划做到小项目主策	351089498,351089498,351398739,351398739,351500790,351500790,349852529,349852529,297225697,297225697,43407971,43407971,20579464,20579464,349633369,349633369,28247984,28247984,346088750,346088750,
非营利组织	天津	351264538,351264538,333769627,333769627,338921130,338921130,339128955,339128955,337849200,337849200,333156433,333156433,35185346,35185346,322052342,322052342,320767486,320767486,319356354,319356354,
互联网		50200915,50200915,65436992,65436992,27183576,27183576,352026926,352026926,352299328,352299328,352342226,352342226,352351475,352351475,352143972,352143972,50168820,50168820,21906003,21906003,
	美国	42072080,42072080,20314285,20314285,265566499,265566499,20599010,20599010,51300062,51300062,51469826,51469826,20447586,20447586,20759954,20759954,
金融	老斯基	
电子商务		341201523,48509984,341201523,65481822,48509984,65481822,285277994,48509984,285277994,320507085,48509984,320507085,352103103,48509984,352103103,30987987,48509984,30987987,36667085,48509984,36667085,336835694,48509984,336835694,64802427,48509984,64802427,351652345,48509984,351652345,
计算机软件	北京	
高等教育	青岛	340495864,48510028,340495864,339821491,48510028,339821491,339710213,48510028,339710213,333968247,48510028,333968247,330507147,48510028,330507147,326780069,48510028,326780069,320180941,48510028,320180941,319876698,48510028,319876698,319081138,48510028,319081138,314922244,48510028,314922244,
基础教育	深圳市	348221305,348221305,334437374,334437374,327138455,327138455,39496448,39496448,329027839,329027839,295118319,295118319,318522267,318522267,32210068,32210068,308717226,308717226,308041865,308041865,
计算机软件	上海市	
高新科技	南京	313967271,48510028,313967271,53326591,48510028,53326591,263492855,48510028,263492855,52668301,48510028,52668301,57075015,48510028,57075015,59280144,48510028,59280144,20258360,48510028,20258360,41037974,48510028,41037974,54766904,48510028,54766904,49781412,48510028,49781412,
高等教育	知乎用户	
金融	上海	351858266,351858266,349937232,349937232,346750251,346750251,267174447,267174447,348719316,348719316,289722795,289722795,341829014,341829014,346444967,346444967,341811886,341811886,337662152,337662152,
互联网	北京	313471522,313471522,37499625,37499625,313219218,313219218,291498015,291498015,311218133,311218133,50077611,50077611,67013987,67013987,38906970,38906970,300654678,300654678,26830927,26830927,
互联网	多伦多	349653891,48510028,349653891,49159367,48510028,49159367,339022765,48510028,339022765,339023738,48510028,339023738,318518496,48510028,318518496,276734609,48510028,276734609,320830862,48510028,320830862,321377589,48510028,321377589,31116099,48510028,31116099,311962968,48510028,311962968,
高新科技	加利福尼亚	332055140,332055140,324858149,324858149,325934736,325934736,325337636,325337636,320841222,320841222,320457037,320457037,311161744,311161744,309785841,309785841,26882462,26882462,302370601,302370601,
		352068250,352068250,350470558,350470558,37117863,37117863,349030221,349030221,48476068,48476068,350442532,350442532,350361195,350361195,52074573,52074573,63091187,63091187,20709403,20709403,

法律		346930548,346930548,346648714,346648714,276307864,276307864,268387460,268387460,299528616,299528616,263954039,263954039,265849570,265849570,35035813,35035813,338661820,338661820,28037924,28037924,
临床医疗		
高等教育	北京市	345211367,48510028,345211367,40977475,342122505,48510028,342122505,342145417,48510028,342145417,338534760,48510028,338534760,342318114,48510028,342318114,341575227,48510028,341575227,338437460,48510028,338437460,335044067,48510028,335044067,338838720,48510028,338838720,332525547,48510028,332525547,
	小说	351145503,351145503,340211392,340211392,338266380,338266380,338056945,338056945,335922552,335922552,61241330,61241330,328853426,328853426,328959609,328959609,302592028,302592028,327183556,327183556,
公共管理		351706516,351706516,330402365,330402365,350937823,350937823,350125914,350125914,350072008,350072008,318847299,318847299,348072857,348072857,348664608,348664608,55783301,55783301,264153793,264153793,
	
互联网	广州市	349670965,349670965,349385305,349385305,351567732,351567732,348742264,348742264,344019917,344019917,349378789,349378789,343519209,343519209,349198472,349198472,349199028,349199028,346162314,346162314,
互联网	厦门	332459884,332459884,332054801,332054801,57139472,57139472,336087010,336087010,334509855,334509855,67652709,67652709,322007706,322007706,324900609,324900609,293781090,293781090,322502957,322502957,
证券投资	上海	323579900,48510028,323579900,319999053,48510028,319999053,309147553,48510028,309147553,305439199,48510028,305439199,304358371,48510028,304358371,65449024,48510028,65449024,287466732,48510028,287466732,268809425,48510028,268809425,271295407,48510028,271295407,62140718,48510028,62140718,
	中国一带一路网	337554161,48510028,337554161,65075034,48510028,65075034,
农林牧渔	珠海	347435892,347435892,343126331,343126331,347585177,347585177,351475602,351475602,351284675,351284675,37474868,37474868,265876873,265876873,344207520,344207520,329431229,329431229,347011915,347011915,
	北京	324688400,48510028,324688400,322048927,48510028,322048927,321623705,48510028,321623705,314370147,48510028,314370147,318211015,48510028,318211015,317859601,48510028,317859601,313971673,48510028,313971673,21278186,48510028,21278186,313265388,48510028,313265388,28321939,48510028,28321939,
	知乎读书会	46599887,48510028,46599887,316843290,48510028,316843290,65854099,48510028,65854099,
资本投资	旧金山 (San Francisco)	
	把科学带回家	65966165,48510028,65966165,65918466,48510028,65918466,
法律	北京	352067426,48510028,352067426,33591602,48510028,33591602,38211875,48510028,38211875,350136129,48510028,350136129,346293531,48510028,346293531,346540108,48510028,346540108,342212098,48510028,342212098,345024000,48510028,345024000,344579350,48510028,344579350,340726043,48510028,340726043,
	饶晓志	
咨询分析	上海	352299328,352299328,352228356,352228356,351806204,351806204,351125954,351125954,351014096,351014096,350675490,350675490,350043460,350043460,348350686,348350686,347469966,347469966,346450641,346450641,
计算机软件	青岛	346879872,346879872,334293467,334293467,313167522,313167522,327151685,327151685,323353904,323353904,304612418,304612418,287191691,287191691,
互联网	福建厦门	327475981,48509984,327475981,324915992,48509984,324915992,23466517,48509984,23466517,304679904,48509984,304679904,286359029,48509984,286359029,320759894,48509984,320759894,311559872,48509984,311559872,28025036,48509984,28025036,19612255,48509984,19612255,288589445,48509984,288589445,
	知乎动画	36185505,48510028,36185505,
互联网	北京	31147867,48510028,31147867,305664270,48510028,305664270,324666769,48510028,324666769,320650054,48510028,320650054,320217334,48510028,320217334,317383267,48510028,317383267,304788445,48510028,304788445,310297241,48510028,310297241,312025216,48510028,312025216,310289028,48510028,310289028,
互联网	上海市	279553064,279553064,277549710,277549710,61864692,61864692,52439036,52439036,49598523,49598523,
	立党	
电子游戏	神秘教谕	351403704,351403704,346148380,346148380,345743864,345743864,343959560,343959560,334395144,334395144,38514760,38514760,339850779,339850779,329192199,329192199,334668857,334668857,334524751,334524751,
科研	北京	351251092,48510028,351251092,347544107,48510028,347544107,277688634,48510028,277688634,346172176,48510028,346172176,348006210,48510028,348006210,343211510,48510028,343211510,341862525,48510028,341862525,27358199,48510028,27358199,336815292,48510028,336815292,335530471,48510028,335530471,
高等教育	北京	350857182,48510028,350857182,329880884,48510028,329880884,350072008,48510028,350072008,348719316,48510028,348719316,344974234,48510028,344974234,348260714,48510028,348260714,304529389,48510028,304529389,347699747,48510028,347699747,347495742,48510028,347495742,21362402,48510028,21362402,
信息传媒	北京	302402544,48510028,302402544,28061064,48510028,28061064,40223190,48510028,40223190,22920543,48510028,22920543,59890985,48510028,59890985,22411485,48510028,22411485,310816922,48510028,310816922,20158633,48510028,20158633,67575625,48510028,67575625,20291124,48510028,20291124,
高等教育	郑州大学	345323696,345323696,345461464,345461464,335966203,335966203,335255955,335255955,313730115,313730115,325475063,325475063,56763164,56763164,315043754,315043754,284099745,284099745,314632922,314632922,295831233,295831233,
	海鹏	352024736,352024736,352208429,352208429,351125152,351125152,351018078,351018078,348683034,348683034,346856864,346856864,350801446,350801446,35288956,35288956,350331422,350331422,348859111,348859111,
创意艺术	上海	333307268,48510028,333307268,332615730,48510028,332615730,331920853,48510028,331920853,328266119,48510028,328266119,329320558,48510028,329320558,312865926,48510028,312865926,312218374,48510028,312218374,39474276,48510028,39474276,302846838,48510028,302846838,301997293,48510028,301997293,
	知乎用户	
互联网	杭州	351133657,351133657,43128864,43128864,
高等教育	刚果布拉柴维尔十四种口味冰激凌店	303827708,48510028,303827708,281242674,48510028,281242674,344019917,48510028,344019917,351218113,48510028,351218113,349427317,48510028,349427317,66955361,48510028,66955361,348562723,48510028,348562723,348685156,48510028,348685156,348779695,48510028,348779695,348478699,48510028,348478699,
	天苑四	339846617,339846617,338263827,338263827,317492809,317492809,330871553,330871553,334058499,334058499,334387935,334387935,328153046,328153046,50253683,50253683,332222618,332222618,330165475,330165475,
养老服务	莫斯科	58116881,58116881,351720596,351720596,351487116,351487116,351186434,351186434,278581281,278581281,351316749,351316749,23809895,23809895,38204944,38204944,349803370,349803370,298632564,298632564,
大宗交易	上海	

艺术娱乐	北京	344019917,48510028,344019917,292347411,48510028,292347411,351106143,48510028,351106143,41101588,48510028,41101588,318913382,48510028,318913382,350243609,48510028,350243609,346282105,48510028,346282105,349113933,48510028,349113933,348181968,48510028,348181968,340452938,48510028,340452938,
公共服务	西安	316700186,316700186,31140396,31140396,350667892,350667892,340895540,340895540,339182365,339182365,347802079,347802079,337531740,337531740,347653679,347653679,346263826,346263826,346263826,36407969,36407969,
通信		318937670,318937670,336840672,336840672,29013810,29013810,346449266,346449266,345413562,345413562,343007746,343007746,342016014,342016014,31590179,31590179,336224860,336224860,326705385,326705385,
特殊教育	北京	350129363,350129363,349992572,349992572,349806374,349806374,312609631,312609631,348377379,348377379,348080836,348080836,279081628,279081628,347729690,347729690,347537125,347537125,347400573,347400573,
计算机软件	运维工程师	
	西卡	52452962,52452962,
	M78星云	314768607,48509984,314768607,317713872,48509984,317713872,319839951,48509984,319839951,36402540,48509984,36402540,277623893,48509984,277623893,34343867,48509984,34343867,49343617,48509984,49343617,38783139,48509984,38783139,33473722,48509984,33473722,38552565,48509984,38552565,
策展	上海	351720960,48510028,351720960,351993736,48510028,351993736,351336288,48510028,351336288,350126182,48510028,350126182,346547184,48510028,346547184,270176399,21956171,48510028,21956171,344483136,48510028,344483136,344763924,48510028,344763924,343742713,48510028,343742713,342737243,48510028,342737243,
	奔跑的小熊	340310905,340310905,339513780,339513780,335355164,335355164,295754519,295754519,51898570,51898570,22755163,22755163,338631482,338631482,31797948,31797948,268981121,268981121,339811339,339811339,
非营利组织	地球	19938534,19938534,324112779,324112779,20906222,20906222,312032650,312032650,57338339,57338339,310346453,310346453,288784095,288784095,300322650,300322650,22771794,22771794,284217515,284217515,
互联网	北京	
渔业	Pacific Northwest	351089356,351089356,349747633,349747633,293137696,293137696,342129576,342129576,25677757,25677757,318051785,318051785,350121618,317341009,20900895,20900895,350121618,350121618,343791709,343791709,348897141,348897141,
	网易看客	329692400,48510028,329692400,320784313,48510028,320784313,340882059,48510028,340882059,31937124,48510028,31937124,40378429,48510028,40378429,345031012,48510028,345031012,308558976,48510028,308558976,283049200,48510028,283049200,19683263,48510028,19683263,339253435,48510028,339253435,
创意艺术	成都	304776703,304776703,282725515,282725515,
医疗服务	北京	63310993,63310993,56148325,56148325,
互联网	深圳市	302412415,302412415,
电子游戏	深圳市	352173424,48510028,352173424,349120697,48510028,349120697,347875645,48510028,347875645,292901966,48510028,292901966,335219025,48510028,335219025,319774219,48510028,319774219,312077910,48510028,312077910,305719707,48510028,305719707,305394165,48510028,305394165,30169880,48510028,30169880,
	
印刷业	葛良	281518664,281518664,

广播电视	张皓翔	295447800,48510028,295447800,67773477,48510028,67773477,40331390,48510028,40331390,39485226,48510028,39485226,39004842,48510028,39004842,35177344,48510028,35177344,33188400,48510028,33188400,21698361,48510028,21698361,26343177,48510028,26343177,
	中国	
广播电视	BNU	
	二号玩家	318014039,318014039,326093744,326093744,309128365,309128365,322339847,322339847,325094620,325094620,320905108,320905108,327730030,327730030,323555724,323555724,325499738,325499738,322049245,322049245,
高等教育	合肥	336060101,336060101,264018075,264018075,263812438,263812438,58872061,58872061,56929027,56929027,48510460,48510460,36367953,36367953,
	杭州	
互联网	Stockholm	341871139,48510028,341871139,42696897,48510028,42696897,51047975,48510028,51047975,19597380,43572793,48510028,43572793,319641115,48510028,319641115,319688949,48510028,319688949,318368132,48510028,318368132,51581241,48510028,51581241,274981918,48510028,274981918,317722302,48510028,317722302,
计算机软件	悉尼 (Sydney)	351744551,351744551,352321048,352321048,299700466,299700466,350755386,350755386,351018078,351018078,320075644,320075644,350823185,350823185,348793330,348793330,348311551,348311551,338228190,338228190,
	北京	25309604,48510028,25309604,55961715,48510028,55961715,55055980,48510028,55055980,310638526,48510028,310638526,66226166,48510028,66226166,64528423,48510028,64528423,63605851,48510028,63605851,63392012,48510028,63392012,61546122,48510028,61546122,59715477,48510028,59715477,
幼儿教育	温哥华	294442656,48509984,294442656,324307473,48509984,324307473,320682886,48509984,320682886,320366813,48509984,320366813,269170817,48509984,269170817,267929820,48509984,267929820,68243031,48509984,68243031,24961751,48509984,24961751,63813001,48509984,63813001,27374524,48509984,27374524,
	财新网	352108632,48510028,352108632,352227381,48510028,352227381,352171277,48510028,352171277,352173424,48510028,352173424,351843957,48510028,351843957,352080473,48510028,352080473,351948142,48510028,351948142,351871252,48510028,351871252,351334782,48510028,351334782,351320383,48510028,351320383,
高新科技	北京市	308516067,48510028,308516067,346401882,48510028,346401882,332538452,48510028,332538452,342288776,48510028,342288776,344412587,48510028,344412587,334515207,48510028,334515207,336308115,48510028,336308115,335570315,48510028,335570315,330177843,48510028,330177843,33985848,48510028,33985848,
汽车	鬼木知	308872982,308872982,317368311,317368311,52593957,52593957,310495074,310495074,314114336,314114336,315037970,315037970,314619499,314619499,314497552,314497552,314231480,314231480,314235652,314235652,
培训	上海市	
科研	知乎用户	
计算机软件	East Palo Alto	58488659,58488659,352259123,352259123,346709712,346709712,352342226,352342226,352231492,352231492,352348769,352348769,19565426,19565426,271627087,271627087,352326297,352326297,352069941,352069941,
	老爸评测	352231492,48510028,352231492,318744375,48510028,318744375,306631844,48510028,306631844,266736380,48510028,266736380,322309938,48510028,322309938,22138447,48510028,22138447,350655973,48510028,350655973,20811706,48510028,20811706,271171780,48510028,271171780,20709493,48510028,20709493,
	腾讯云技术社区	52368842,48510028,52368842,36976974,48510028,36976974,286268112,48510028,286268112,36426051,48510028,36426051,309682706,48510028,309682706,26598476,48510028,26598476,275351176,48510028,275351176,21666262,48510028,21666262,296123587,48510028,296123587,59351128,48510028,59351128,
	多邻国Duolingo	67354620,48510028,67354620,350755382,48510028,350755382,350851774,48510028,350851774,31528649,48510028,31528649,350449874,48510028,350449874,28351241,48510028,28351241,349165797,48510028,349165797,312439257,48510028,312439257,299858791,48510028,299858791,28891984,349578658,48510028,349578658,
	芝加哥	350117858,350117858,26766288,26766288,342265860,342265860,323269128,323269128,328463675,328463675,327172713,327172713,59332686,59332686,321888337,321888337,321206428,321206428,320804832,320804832,
计算机软件	引擎接锅师	265677627,265677627,68502661,68502661,60989261,60989261,59412484,59412484,46925008,46925008,21131167,21131167,47786151,47786151,47610536,47610536,47723488,47723488,47601127,47601127,
互联网	杭州	351074765,48510028,351074765,316017797,48510028,316017797,351122226,48510028,351122226,352244609,48510028,352244609,350706759,48510028,350706759,352080473,48510028,352080473,299203094,48510028,299203094,351552444,48510028,351552444,351525979,48510028,351525979,350931231,48510028,350931231,
	猫铭的野望	352171277,352171277,351028181,351028181,350121912,350121912,338899594,338899594,347725628,347725628,348058607,348058607,36021616,36021616,335525343,335525343,336160841,336160841,20260955,20260955,
	东京	352108632,352108632,266685868,266685868,351824698,351824698,351316550,351316550,350396035,350396035,346775314,346775314,348746876,348746876,348928508,348928508,41053508,41053508,348860827,348860827,
	临一男子院校	
博彩	上海	
创意艺术	北京	40223190,40223190,340823422,340823422,320650054,320650054,312380057,312380057,317203695,317203695,310675395,310675395,23561870,23561870,264976486,264976486,305697441,305697441,296896134,296896134,
高等教育	数学	
法律	经济学	305425065,48509984,305425065,59794232,48509984,59794232,304758258,48509984,304758258,304758229,48509984,304758229,287487499,48509984,287487499,28903308,48509984,28903308,47866275,48509984,47866275,22249299,48509984,22249299,20657297,48509984,20657297,263790863,48509984,263790863,
咨询分析		
创意艺术	导演张小策	
	北京	323241741,323241741,319761185,319761185,309217440,309217440,26059528,26059528,307241557,307241557,302001312,302001312,294686156,294686156,295588674,295588674,64666441,64666441,268258002,268258002,
高等教育	数据分析师	
国防军事	梦想是住在花园洋房	345953564,345953564,331271478,331271478,319856949,319856949,312884368,312884368,45890852,45890852,24606658,24606658,275419316,275419316,63040103,63040103,277054961,277054961,277674827,277674827,
	知乎用户	
	北京	308993849,308993849,282283033,282283033,49325795,49325795,66798566,66798566,267410089,267410089,266351472,266351472,26535119,26535119,30545819,30545819,57036845,57036845,55947451,55947451,
	上海	348079217,348079217,352116978,352116978,352030375,352030375,334421702,334421702,342992213,342992213,350341866,350341866,341276613,341276613,321197042,321197042,343820560,343820560,349822709,349822709,
	浙江大学	336446443,336446443,327040850,327040850,274635237,274635237,326833457,326833457,318267715,318267715,309832875,309832875,309623027,309623027,268384579,268384579,297498193,297498193,64494691,64494691,
娱乐休闲	济南	
出版业	北京市	352196823,352196823,351741173,351741173,351122226,351122226,352076986,352076986,347681272,347681272,352080473,352080473,351878598,351878598,348970353,348970353,350786596,350786596,350788662,350788662,
互联网	海淀区	310232601,310232601,302687369,302687369,20318069,20318069,276322083,276322083,299072585,299072585,20537455,294421642,294421642,290008649,290008649,285414571,285414571,285416648,285416648,284870358,284870358,
计算机软件	美国	
	北京	327097152,327097152,31626224,31626224,340784724,340784724,340394967,340394967,321791385,321791385,339467283,339467283,339415337,339415337,265215100,265215100,336534217,336534217,51894782,51894782,
建筑设备		
	zzcba	347302891,347302891,347466300,347466300,341415289,341415289,27447873,27447873,64876394,64876394,41961077,41961077,342774912,342774912,340066939,340066939,338966064,338966064,20084316,20084316,
疗养服务	成都	63237722,63237722,351267795,351267795,24354755,24354755,350921282,350921282,350675490,350675490,350639319,350639319,350461036,350461036,27655695,27655695,348446136,348446136,344276433,344276433,
	腾讯青年行	334959884,48510028,334959884,
电子游戏	上海	
黑色金属	北京	35697603,48509984,35697603,344763924,48509984,344763924,302661911,48509984,302661911,342944385,48509984,342944385,25337768,48509984,25337768,21919042,48509984,21919042,338458872,48509984,338458872,34464939,48509984,34464939,330135947,48509984,330135947,22813568,48509984,22813568,
临床医疗	北京	348639185,48510028,348639185,288290769,48510028,288290769,347899440,48510028,347899440,269135234,48510028,269135234,346762535,48510028,346762535,325177150,48510028,325177150,313144688,48510028,313144688,28259314,48510028,28259314,41295457,48510028,41295457,30470409,48510028,30470409,
	上海	
科研	北京	31520343,48510028,31520343,351766115,48510028,351766115,345648963,48510028,345648963,348508571,48510028,348508571,350336215,48510028,350336215,267529330,48510028,267529330,350043460,48510028,350043460,349898069,48510028,349898069,349192039,48510028,349192039,269757934,48510028,269757934,

通信	东莞	341362948,341362948,336208889,336208889,338116132,338116132,307885148,307885148,336050536,336050536,335511724,335511724,335423832,335423832,335123965,335123965,
高等教育	上海	64807300,64807300,351991356,351991356,351617208,351617208,337519343,337519343,26789831,26789831,348742264,348742264,351133657,351133657,343771500,343771500,340895540,340895540,55298308,55298308,
服装业	创始人	285652483,285652483,55281942,55281942,334182992,334182992,28237073,28237073,326947641,326947641,324170175,324170175,62711808,62711808,60151543,60151543,307758373,307758373,26892669,26892669,
	魔都	334483667,334483667,345099419,345099419,314235326,314235326,340534076,340534076,310483587,310483587,266586355,266586355,281968001,281968001,347424469,347424469,324109674,324109674,35060016,35060016,
	
互联网	上海	344696857,344696857,333355804,333355804,305614452,305614452,305614452,342116207,342116207,326197400,326197400,335699633,335699633,335530471,335530471,332853198,332853198,332287968,332287968,331872804,331872804,
	lris	352361530,352361530,62684503,62684503,348914506,348914506,277508190,277508190,347533056,347533056,293025680,293025680,26999712,26999712,335866812,335866812,30498591,30498591,335209605,335209605,
渔业	幻想乡雾之湖	352387157,48509984,352387157,352115462,48509984,352115462,263801211,48509984,263801211,344094756,48509984,344094756,349335070,48509984,349335070,349030831,48509984,349030831,348434727,48509984,348434727,348876098,48509984,348876098,66955361,48509984,66955361,308370596,48509984,308370596,
	张若容	328571237,328571237,312690764,312690764,350675490,350675490,345338901,345338901,346585620,346585620,28950615,28950615,31457081,31457081,336335758,336335758,278664927,278664927,333583589,333583589,
	天眼查	352181117,48510028,352181117,352171277,48510028,352171277,55197169,48510028,55197169,352143972,48510028,352143972,350844327,48510028,350844327,352173424,48510028,352173424,351900452,48510028,351900452,351798864,48510028,351798864,351747235,48510028,351747235,64702085,48510028,64702085,
	银行螺丝钉	346501000,346501000,265948884,265948884,61903379,61903379,55018001,55018001,41403174,41403174,40957285,40957285,263552299,263552299,264834765,264834765,264964932,264964932,57286028,57286028,
	西南政法大学	327637046,327637046,338746501,338746501,305637630,305637630,266102032,266102032,315235301,315235301,310340541,310340541,20264537,20264537,284611169,284611169,275024803,275024803,31695195,31695195,
互联网	上海	343670614,48509984,343670614,350875999,48509984,350875999,348223963,48509984,348223963,349694283,48509984,349694283,347870101,48509984,347870101,348038659,48509984,348038659,345751353,48509984,345751353,321856811,48509984,321856811,320167250,48509984,320167250,345035074,48509984,345035074,
机械设备		
互联网	上海	274252336,274252336,21777183,21777183,39637691,39637691,23529084,23529084,27066981,27066981,20151615,20151615,20148908,20148908,19835693,19835693,19874278,19874278,
电子游戏	洛杉矶	328326354,328326354,304624564,304624564,57561384,57561384,264089732,264089732,323106601,323106601,314413897,314413897,291212307,291212307,311965555,311965555,311600565,311600565,311037816,311037816,
创意艺术	香港	68172050,48509984,68172050,56645431,48509984,56645431,56716618,48509984,56716618,54752280,48509984,54752280,22832373,48509984,22832373,54894022,48509984,54894022,35452904,48509984,35452904,45125908,48509984,45125908,30707386,48509984,30707386,56041727,48509984,56041727,
计算机软件	阿里巴巴集团	34074946,34074946,346368757,346368757,22587247,22587247,332765393,332765393,36975862,36975862,325175114,325175114,321011169,321011169,320062153,320062153,60659539,60659539,316919737,316919737,
	日事清	26509887,48510028,26509887,345533622,48510028,345533622,19809837,48510028,19809837,20227913,48510028,20227913,31230701,48510028,31230701,65216309,48510028,65216309,20031775,48510028,20031775,19876090,48510028,19876090,34835522,48510028,34835522,19937138,48510028,19937138,
高新科技	北京	
电子商务	上海	348084820,348084820,328503195,328503195,327644372,327644372,323022654,323022654,308528396,308528396,309865653,309865653,300632497,300632497,293770856,293770856,293337373,293337373,274958537,274958537,
汽车	上海市	28341500,28341500,
科研	月球	347747158,347747158,348029701,348029701,351274346,351274346,337670520,337670520,28389762,28389762,347746436,347746436,24488435,24488435,305015768,305015768,27133208,27133208,31643198,31643198,
零售	邓铂鋆	352473175,352473175,352569715,352569715,352537273,352537273,352538267,352538267,352549383,352549383,352558953,352558953,352423720,352423720,41227280,41227280,310650506,310650506,302622800,302622800,
信息传媒	堆满零食的出租屋	43125682,43125682,352554486,352554486,35180660,35180660,320158159,320158159,297726264,297726264,22243026,22243026,351888795,351888795,351728455,351728455,351560054,351560054,37707691,37707691,
法律	桃园县大溪镇慈湖	64672737,64672737,317525401,317525401,27945721,27945721,26828356,26828356,275760364,275760364,64688148,64688148,64699036,64699036,339479873,339479873,339785766,339785766,311884442,311884442,
互联网	知乎用户	
养老服务	厦门	40941215,40941215,37993418,37993418,24565276,24565276,38448674,38448674,38216593,38216593,31541875,31541875,37373471,37373471,36741976,36741976,36966919,36966919,21034524,21034524,
	东莞	339812776,339812776,296166235,296166235,48393844,48393844,65247305,65247305,57706148,57706148,29030166,29030166,22490775,22490775,275808177,275808177,328461394,328461394,26828917,26828917,
财务	安徽省安庆市桐城市	349348788,349348788,312890079,312890079,37201333,37201333,310295977,310295977,306367130,306367130,305447604,305447604,299463508,299463508,304959971,304959971,298910450,298910450,301178031,301178031,
银行	雅典帝国	333220171,333220171,313564280,313564280,345362883,345362883,64745534,64745534,343994708,343994708,337290738,337290738,336271291,336271291,338647466,338647466,339180649,339180649,337744918,337744918,
计算机硬件	保密qaq	320752345,320752345,28642769,28642769,
创意艺术	北京市	320822388,320822388,37985771,37985771,327906843,327906843,345303992,345303992,343361276,343361276,341372843,341372843,340730446,340730446,338676628,338676628,339697128,339697128,340134550,340134550,
	力扣（LeetCode）	299700466,48510028,299700466,22390561,48510028,22390561,42164365,48510028,42164365,22965065,48510028,22965065,30262900,48510028,30262900,312955056,48510028,312955056,330148424,48510028,330148424,48762643,48510028,48762643,20035837,48510028,20035837,20588261,48510028,20588261,
创意艺术	北京市	302486990,48510028,302486990,265829482,48510028,265829482,297242929,48510028,297242929,63981236,48510028,63981236,63986969,48510028,63986969,296229169,48510028,296229169,293710881,48510028,293710881,294219168,48510028,294219168,
高新科技	知乎用户	
互联网	北京	349955328,349955328,330207005,330207005,321618395,321618395,270562234,270562234,317444418,317444418,317441966,317441966,313727542,313727542,313077835,313077835,311165453,311165453,311022596,311022596,
	Unicorn	
军火		326623299,48509984,326623299,297855838,48509984,297855838,337618374,48509984,337618374,334358628,48509984,334358628,327786003,48509984,327786003,321449206,48509984,321449206,321207363,48509984,321207363,321450817,48509984,321450817,318657727,48509984,318657727,318346341,48509984,318346341,
市场推广	湖北	336577422,336577422,340424050,340424050,315391769,315391769,306045061,306045061,330408451,330408451,334435316,334435316,325094620,325094620,19990229,19990229,316033113,316033113,23313777,23313777,
特殊建造	成都	350621522,350621522,318102464,318102464,304549614,304549614,345208165,345208165,20653504,20653504,347334622,347334622,61566379,61566379,351410907,351410907,27360577,27360577,59613979,59613979,
临床医疗	北京	352604207,48510028,352604207,352426528,48510028,352426528,352411141,48510028,352411141,352301883,48510028,352301883,50138641,48510028,50138641,352230464,48510028,352230464,352016324,48510028,352016324,352026013,48510028,352026013,351596681,48510028,351596681,351759848,48510028,351759848,
	吉他六弦	344795065,344795065,64898551,64898551,337587074,337587074,336356307,336356307,276450239,276450239,63005173,63005173,25670989,25670989,33857395,33857395,51758236,51758236,31065775,31065775,
互联网	火星	352470567,48510028,352470567,351708160,48510028,351708160,30987987,48510028,30987987,351744551,48510028,351744551,340421050,48510028,340421050,350523308,48510028,350523308,347681272,48510028,347681272,67022720,48510028,67022720,352069360,48510028,352069360,350861339,48510028,350861339,
	知乎小管家	350991631,48510028,350991631,335769136,48510028,335769136,20806546,48510028,20806546,320373503,48510028,320373503,320373503,318496731,48510028,318496731,313849186,48510028,313849186,295966838,48510028,295966838,313156235,48510028,313156235,63075907,48510028,63075907,26024602,48510028,26024602,
房地产	北京	351607398,48510028,351607398,352342226,48510028,352342226,315387406,48510028,315387406,352299328,48510028,352299328,352108632,48510028,352108632,351165549,48510028,351165549,351744093,48510028,351744093,346588005,48510028,346588005,351747235,48510028,351747235,351574168,48510028,351574168,
互联网	上海	310274353,48509984,310274353,344994254,48509984,344994254,345846694,48509984,345846694,337024044,48509984,337024044,270601308,48509984,270601308,342318692,48509984,342318692,343517223,48509984,343517223,342110798,48509984,342110798,342976772,48509984,342976772,342936488,48509984,342936488,
	
	36氪	352342226,48510028,352342226,352361530,48510028,352361530,321865618,48510028,321865618,22120300,48510028,22120300,352173424,48510028,352173424,344017508,48510028,344017508,352080473,48510028,352080473,299203094,48510028,299203094,26679707,48510028,26679707,345589253,48510028,345589253,

创意艺术	杭州	331313179,331313179,317983917,317983917,317787333,317787333,319040266,319040266,26876821,26876821,270916617,270916617,66217161,66217161,21531523,21531523,23301803,23301803,61425097,61425097,
家具	天津	285652483,285652483,350657554,350657554,31181577,31181577,317361483,317361483,348299310,348299310,347608732,347608732,348134011,348134011,348298553,348298553,348365955,348365955,347830300,347830300,
计算机软件	西雅图（Seattle）	
通信		336418328,48510028,336418328,303342148,48510028,303342148,321151616,48510028,321151616,308214349,48510028,308214349,323330174,48510028,323330174,315445253,48510028,315445253,268517475,48510028,268517475,267782048,48510028,267782048,33336270,48510028,33336270,26784045,48510028,26784045,
	土豆泥	351080241,351080241,351876835,351876835,351578688,351578688,351470701,351470701,347503862,347503862,351109934,351109934,340775549,340775549,349886803,349886803,348012807,348012807,348512751,348512751,
	宁古塔娜	68681664,68681664,
	中南大学	265382880,265382880,340260948,340260948,332627634,332627634,309042261,309042261,329717508,329717508,19771045,19771045,267507193,267507193,321925974,321925974,325094620,325094620,24953077,24953077,
互联网	北京	40394171,48510028,40394171,19952708,48510028,19952708,35987345,48510028,35987345,24980451,48510028,24980451,24816698,48510028,24816698,21668915,48510028,21668915,20646097,48510028,20646097,21225718,48510028,21225718,20613733,48510028,20613733,21076256,48510028,21076256,
互联网	杭州	345289070,345289070,342913083,342913083,340386428,340386428,291120900,291120900,335078971,335078971,311225549,311225549,334496466,334496466,325776902,325776902,21164094,21164094,44355476,44355476,
互联网	北京市	316008977,316008977,53157581,53157581,40467672,40467672,35114105,35114105,35811067,35811067,37756513,37756513,
互联网	苏联	307427937,307427937,344054306,344054306,62047440,62047440,24522356,24522356,305454880,305454880,267129547,267129547,43737096,43737096,54545283,54545283,20014041,20014041,62204560,62204560,
	法律	308413756,48509984,308413756,348245633,48509984,348245633,343687968,48509984,343687968,342102384,48509984,342102384,32181905,48509984,32181905,328699828,48509984,328699828,58770495,48509984,58770495,321904002,48509984,321904002,306006504,48509984,306006504,283752414,48509984,283752414,283752414,
	北京	350632093,350632093,292917130,292917130,45117238,45117238,272153186,272153186,66538236,66538236,270773664,270773664,266488748,266488748,63424743,63424743,60884061,60884061,61291160,61291160,
	艾叶	311218742,311218742,311206652,311206652,299404518,299404518,285919039,285919039,49958870,49958870,267256649,267256649,267194493,267194493,264284519,264284519,265682248,265682248,264793499,264793499,
互联网	北京	350675490,48510028,350675490,28373651,48510028,28373651,337861885,48510028,337861885,343191995,48510028,343191995,313564280,48510028,313564280,340298969,48510028,340298969,342573858,48510028,342573858,339249621,48510028,339249621,339821491,48510028,339821491,338275991,48510028,338275991,
	ONE文艺生活	21999630,48510028,21999630,19683263,48510028,19683263,23761054,48510028,23761054,27639442,48510028,27639442,20106496,48510028,20106496,25867742,48510028,25867742,273141560,48510028,273141560,350675625,48510028,350675625,284515764,48510028,284515764,330275453,48510028,330275453,
科研	合肥	352387157,48510028,352387157,348029701,48510028,348029701,346348008,48510028,346348008,346330089,48510028,346330089,65354878,48510028,65354878,338149252,48510028,338149252,343826125,48510028,343826125,341882205,48510028,341882205,344795065,48510028,344795065,345005044,48510028,345005044,
广播电视	香港	352108632,48510028,352108632,352233691,48510028,352233691,352173424,48510028,352173424,349870265,48510028,349870265,350675490,48510028,350675490,27380832,48510028,27380832,350193943,48510028,350193943,350038769,48510028,350038769,347836429,48510028,347836429,348029701,48510028,348029701,
	克莱登堡大学	263399636,263399636,324058398,324058398,290375403,290375403,58206379,58206379,275745443,275745443,21923980,21923980,31789561,31789561,268510858,268510858,
	花总丢了金箍棒	321168680,321168680,332312191,332312191,20437307,20437307,306261362,306261362,314425876,314425876,303688825,303688825,287912462,287912462,285612911,285612911,282837934,282837934,46369483,46369483,
	一夜清梦	
计算机软件	上海	35461702,35461702,352326297,352326297,351271186,351271186,351114812,351114812,351322490,351322490,349942003,349942003,340960134,340960134,350414871,350414871,348311551,348311551,349937913,349937913,
	上海交通大学	
互联网	北京	351976108,351976108,351725547,351725547,349328758,349328758,30424467,30424467,351491390,351491390,349983608,349983608,349716395,349716395,349687530,349687530,350079196,350079196,348378117,348378117,
	Yuhan Jin	22418406,22418406,308564741,308564741,28560558,28560558,22635802,22635802,50364416,50364416,36704706,36704706,59577358,59577358,55273732,55273732,43589756,43589756,34573651,34573651,
金融	北京	313545620,48510028,313545620,63297960,48510028,63297960,31017216,48510028,31017216,19916546,46527122,48510028,46527122,21585350,48510028,21585350,39489180,48510028,39489180,38553777,48510028,38553777,37655954,48510028,37655954,36243693,48510028,36243693,29580747,48510028,29580747,
互联网	乌托邦	
	上海	26892669,26892669,25529377,25529377,22012538,22012538,59607102,59607102,58860567,58860567,26434350,26434350,50258333,50258333,55582366,55582366,52454127,52454127,22694023,22694023,
	
环境保护	纽约	
高等教育	合肥	266206691,48510028,266206691,63333871,48510028,63333871,62310729,48510028,62310729,38748788,48510028,38748788,57375395,48510028,57375395,20706165,48510028,20706165,54532719,48510028,54532719,55388923,48510028,55388923,35601718,48510028,35601718,55503712,48510028,55503712,
电子游戏	北京	25010855,25010855,342077069,342077069,341220310,341220310,341007805,341007805,21291920,21291920,335914174,335914174,339681078,339681078,339681699,339681699,338968647,338968647,339881203,339881203,
科研	爱因是蛋	325813435,325813435,325115211,325115211,322051807,322051807,323382668,323382668,322935708,322935708,320977425,320977425,321332571,321332571,321749179,321749179,321428495,321428495,311741051,311741051,
金融	上海	67539009,67539009,66916903,66916903,48695395,48695395,60363636,60363636,58093654,58093654,60058310,60058310,25981673,25981673,61694032,61694032,57367417,57367417,39839152,39839152,
高等教育	美国	326623299,326623299,40390862,40390862,25257327,25257327,341297613,341297613,30301535,30301535,27760407,27760407,25098707,25098707,334419893,334419893,21061310,21061310,39767542,39767542,
	特立独行的猪	312657155,312657155,312447858,312447858,63159116,63159116,
电子游戏	ue4客户端开发（已离职）	341087754,341087754,336592357,336592357,332493215,332493215,266729751,266729751,323888323,323888323,320358579,320358579,315704454,315704454,314933050,314933050,314789813,314789813,314244343,314244343,
互联网	北京	54572228,54572228,39190783,39190783,31681497,31681497,36013400,36013400,
科研	上海	
		351725684,351725684,351041426,351041426,349914728,349914728,349795162,349795162,318913382,318913382,348585122,348585122,345828709,345828709,343262690,343262690,336820168,336820168,342029022,342029022,
	布丁	350929200,350929200,341560726,341560726,29125032,29125032,343979039,343979039,343832248,343832248,19706063,19706063,322296599,322296599,21017354,21017354,20061319,20061319,303123004,303123004,
	星象馆	350825143,350825143,22722688,22722688,25747189,25747189,345093575,345093575,338180283,338180283,337093399,337093399,333688862,333688862,335530471,335530471,335210594,335210594,39781295,39781295,
科研	洛杉矶 (Los Angeles)	341190239,341190239,328596136,328596136,299127981,299127981,266875930,266875930,53134248,53134248,59182074,59182074,
	Yveline	24620640,24620640,268950235,268950235,264981557,264981557,61972529,61972529,
	西北工业大学	318640569,48510028,318640569,346550373,48510028,346550373,21097892,48510028,21097892,336717235,48510028,336717235,307000326,48510028,307000326,335534507,48510028,335534507,331993130,48510028,331993130,333521994,48510028,333521994,334745190,48510028,334745190,333317064,48510028,333317064,
种植业	于彼朝阳	58500258,58500258,24180462,24180462,301736420,301736420,324617597,324617597,328426175,328426175,335827210,335827210,28105260,28105260,319154755,319154755,269438054,269438054,66686727,66686727,
	mantch	330372739,330372739,330195409,330195409,330037918,330037918,
	马俊	345277321,345277321,350443689,350443689,351737224,351737224,347842804,347842804,351253171,351253171,349991949,349991949,350206300,350206300,341428952,341428952,348613212,348613212,30204779,30204779,
	知乎用户	
基础教育	安徽省	324834769,324834769,351033398,351033398,349964420,349964420,344573803,344573803,346474313,346474313,325344148,325344148,343965012,343965012,338751000,338751000,46753470,46753470,20669324,20669324,
咨询分析	北京	352080473,352080473,25559209,25559209,351106143,351106143,351074765,351074765,350614145,350614145,348521071,348521071,346965791,346965791,347530134,347530134,346855101,346855101,346388566,346388566,
高新科技	广州市	352577553,352577553,351607398,351607398,59665505,59665505,265890550,265890550,352047773,352047773,351111646,351111646,349220893,349220893,333769627,333769627,349564459,349564459,352069941,352069941,
高新科技	北京	346325705,48509984,346325705,333195546,48509984,333195546,55372399,48509984,55372399,58470948,48509984,58470948,307010498,48509984,307010498,28358499,48509984,28358499,297265273,48509984,297265273,269087477,48509984,269087477,26828496,48509984,26828496,41253586,48509984,41253586,
电子商务	上海	
咨询分析	北京	348067123,48510028,348067123,328064199,48510028,328064199,327042504,48510028,327042504,31793776,48510028,31793776,325573827,48510028,325573827,299741613,48510028,299741613,35063398,48510028,35063398,25308559,48510028,25308559,22320336,48510028,22320336,281179300,48510028,281179300,
	北京	38398636,48510028,38398636,40967870,48510028,40967870,
非营利组织	克莱登大学	26569099,26569099,303574250,303574250,266294380,266294380,264871179,264871179,264399816,264399816,263911328,263911328,59484724,59484724,64255020,64255020,63086009,63086009,
互联网	北京	351033360,351033360,350201937,350201937,344898511,344898511,347826623,347826623,348038659,348038659,346932256,346932256,347524700,347524700,347520333,347520333,347014540,347014540,347375319,347375319,
	海底小纵队	352284254,48510028,352284254,35939024,48510028,35939024,33324781,48510028,33324781,296463725,48510028,296463725,31729045,48510028,31729045,26049547,48510028,26049547,27673112,48510028,27673112,340162829,48510028,340162829,35082709,48510028,35082709,347970166,48510028,347970166,
法律	北京	343647357,48509984,343647357,339663435,48509984,339663435,23938820,48509984,23938820,30615181,48509984,30615181,36296111,48509984,36296111,49427955,48509984,49427955,49052035,48509984,49052035,23382768,48509984,23382768,29455293,48509984,29455293,20028652,48509984,20028652,
	知乎日报	344468000,48510028,344468000,340486237,48510028,340486237,323024015,48510028,323024015,
	新得宝贝	19859503,48510028,19859503,37475816,48510028,37475816,49477078,48510028,49477078,310947156,48510028,310947156,28753110,48510028,28753110,349983608,48510028,349983608,23563419,48510028,23563419,326339077,48510028,326339077,29306236,48510028,29306236,350590073,48510028,350590073,
计算机硬件	上海	
	汪华	
	香港	351843957,351843957,349707598,349707598,341415289,341415289,345899888,345899888,267653832,267653832,41182911,41182911,339594280,339594280,61013932,61013932,28156914,28156914,319863335,319863335,
	
互联网	宁波市	351713374,351713374,351204606,351204606,348478699,348478699,347745552,347745552,349062591,349062591,333220171,333220171,347775590,347775590,346524655,346524655,345303992,345303992,324424447,324424447,
广播电视	深圳市	31647535,31647535,350670380,350670380,345833007,345833007,342913083,342913083,343747514,343747514,328696397,328696397,334213757,334213757,330876517,330876517,329725954,329725954,28443645,28443645,
进出口贸易	杨波	19925290,19925290,39683528,39683528,50175229,50175229,33904395,33904395,297798103,297798103,28521555,28521555,44483372,44483372,28059383,28059383,314680136,314680136,311885816,311885816,
	摸鱼	283762516,283762516,351341759,351341759,22081552,22081552,350292725,350292725,348386359,348386359,349051063,349051063,343121264,343121264,343743405,343743405,348538256,348538256,348264919,348264919,
互联网	重庆	
互联网	CTO	51131233,51131233,22076666,22076666,37290469,37290469,
	香港	338879470,48510028,338879470,269757934,48510028,269757934,343965012,48510028,343965012,324164457,48510028,324164457,308429562,48510028,308429562,284128568,48510028,284128568,307164563,48510028,307164563,22187212,48510028,22187212,268450915,48510028,268450915,302602158,48510028,302602158,
特殊建造	美因河畔法兰克福	
互联网	北京	314650379,48510028,314650379,311823910,337554161,48510028,337554161,309519538,48510028,309519538,307201089,48510028,307201089,295279030,48510028,295279030,284797695,48510028,284797695,285429240,48510028,285429240,
	北京	350258237,48509984,350258237,349279571,48509984,349279571,345238719,48509984,345238719,339328495,48509984,339328495,329902492,48509984,329902492,330663038,48509984,330663038,329643186,48509984,329643186,327297316,48509984,327297316,321400759,48509984,321400759,319448717,48509984,319448717,
互联网	旧金山湾区	25308067,25308067,
	DataSchool	270836742,48510028,270836742,65701033,48510028,65701033,268667102,48510028,268667102,304927212,48510028,304927212,294309385,48510028,294309385,20115622,48510028,20115622,27702564,48510028,27702564,29716764,48510028,29716764,301459876,48510028,301459876,304214249,48510028,304214249,
高新科技	北京	346551625,346551625,339909499,339909499,21657641,21657641,331936923,331936923,324468715,324468715,330268186,330268186,330505435,330505435,329674688,329674688,327494084,327494084,329950594,329950594,
图书馆	卫蓝说	21106444,21106444,311763536,311763536,22537252,22537252,20592872,20592872,20478176,20478176,26980862,305523622,305523622,21847137,21847137,26980862,26980862,268586622,268586622,266407860,266407860,
互联网	127.0.0.1	56357702,56357702,56357702,47436586,47436586,30499752,30499752,283538683,283538683,20339084,20339084,281097040,281097040,63576896,63576896,37126320,37126320,266854448,266854448,270348678,270348678,
互联网	北京	352244609,48510028,352244609,351722395,48510028,351722395,352233691,48510028,352233691,334587481,48510028,334587481,24294324,48510028,24294324,350868589,48510028,350868589,347373177,48510028,347373177,351023864,48510028,351023864,21033459,48510028,21033459,351074765,48510028,351074765,
		346388566,346388566,298677347,298677347,265162404,265162404,47146593,47146593,65999934,65999934,65290298,65290298,25311180,25311180,39649488,39649488,36717937,36717937,
计算机软件	Singapore	
	扬州	340241091,340241091,335946791,335946791,295744767,295744767,
种植业		349781196,349781196,348045838,348045838,55438907,55438907,346243406,346243406,341030520,341030520,330205656,330205656,20047068,20047068,333795897,333795897,52755388,52755388,341449093,341449093,
	快手镜相	290003248,48510028,290003248,352233691,48510028,352233691,22816766,48510028,22816766,36485640,48510028,36485640,276297249,48510028,276297249,20348337,48510028,20348337,41548249,48510028,41548249,349427317,48510028,349427317,37227050,48510028,37227050,27778854,48510028,27778854,
计算机软件	旧金山 (San Francisco)	347839037,347839037,340889121,340889121,350418562,350418562,347870341,347870341,349617188,349617188,340467764,340467764,349461523,349461523,324321868,324321868,346845348,346845348,21271273,21271273,
地产建筑		351744278,48510028,351744278,346581282,48510028,346581282,347282672,48510028,347282672,346655809,48510028,346655809,343453317,48510028,343453317,346116039,48510028,346116039,345214048,48510028,345214048,344169070,48510028,344169070,344285322,48510028,344285322,338682247,48510028,338682247,
	天津	31722350,31722350,350993224,350993224,348198342,348198342,342285861,342285861,346435901,346435901,344724289,344724289,339974870,339974870,320322769,320322769,277112207,277112207,51397213,51397213,
	北京	301508300,301508300,55810487,55810487,263728423,263728423,41965702,41965702,41222876,41222876,
临床医疗	墨墨daisy	276382975,48510028,276382975,32044559,48510028,32044559,348789255,48510028,348789255,329051708,48510028,329051708,21325360,48510028,21325360,339047370,48510028,339047370,325099876,48510028,325099876,307887747,48510028,307887747,266667407,48510028,266667407,325402224,48510028,325402224,
互联网	北京	20228128,20228128,265049742,265049742,318517025,318517025,21039706,21039706,39767542,39767542,19679849,19679849,309141897,309141897,296374184,296374184,320312465,320312465,20093001,20093001,
法律	北京	350126182,48509984,350126182,343546205,48509984,343546205,309668321,48509984,309668321,333629717,48509984,333629717,337859702,48509984,337859702,333110357,48509984,333110357,336122288,48509984,336122288,322283518,48509984,322283518,328982895,48509984,328982895,19719224,48509984,19719224,
互联网	北京	309984556,309984556,307567200,307567200,300110877,300110877,292743505,292743505,61797809,61797809,293770856,293770856,263549941,263549941,67915440,67915440,52347880,52347880,58625634,58625634,
水利能源	核电站	342616064,48509984,342616064,36064666,48509984,36064666,338248791,48509984,338248791,29201028,48509984,29201028,332502059,48509984,332502059,327014160,48509984,327014160,325282114,48509984,325282114,324611407,48509984,324611407,58387168,48509984,58387168,318590436,48509984,318590436,
计算机软件	上海	
	
互联网	北京	349390118,48509984,349390118,20767117,48509984,20767117,326220544,48509984,326220544,29029717,48509984,29029717,304102027,48509984,304102027,303003371,48509984,303003371,297702198,48509984,297702198,280936216,48509984,280936216,269966010,48509984,269966010,62969615,48509984,62969615,
资本投资	北京	333022816,333022816,23684594,23684594,22293710,22293710,282326707,282326707,24022942,24022942,
互联网	大地	315022429,315022429,314637527,314637527,67439902,67439902,273564498,273564498,287833877,287833877,301396340,301396340,271550823,271550823,268825815,268825815,31922512,31922512,286733591,286733591,
计算机软件	硅谷	
	三种不同的红色	339268473,339268473,351107127,351107127,352113343,352113343,352082410,352082410,349403358,349403358,350612324,350612324,350404517,350404517,348403751,348403751,345628902,345628902,347348237,347348237,
计算机软件	软件外包	326534707,48510028,326534707,317190318,48510028,317190318,305280080,48510028,305280080,24453944,290182157,48510028,290182157,276723947,48510028,276723947,26190832,48510028,26190832,51283353,48510028,51283353,270476360,48510028,270476360,66594120,48510028,66594120,270485830,48510028,270485830,
	伦敦大学学院 (University College London)	27648526,27648526,23060126,23060126,313066221,313066221,311692416,311692416,
互联网	广州市	19913796,19913796,23831653,23831653,20823144,20823144,314519394,314519394,21376565,21376565,48277578,48277578,61474366,61474366,268876149,268876149,297937253,297937253,309819155,309819155,
	苗炜	301431558,48510028,301431558,286597686,48510028,286597686,277632332,48510028,277632332,27559039,48510028,27559039,264170322,48510028,264170322,269919016,48510028,269919016,36212838,48510028,36212838,24386380,48510028,24386380,61382647,48510028,61382647,61217347,48510028,61217347,
	Anders	20736660,20736660,275559445,275559445,
		349747633,48509984,349747633,345763320,48509984,345763320,346631685,48509984,346631685,345759218,48509984,345759218,345280226,48509984,345280226,343460757,48509984,343460757,329322076,48509984,329322076,339463421,48509984,339463421,31730848,48509984,31730848,336035758,48509984,336035758,
	知乎用户	
	人鱼朵朵	351111646,351111646,351806204,351806204,351898624,351898624,351917446,351917446,350827215,350827215,298004768,298004768,299679598,299679598,20471974,20471974,52111099,52111099,302188895,302188895,
	武汉市	352085186,352085186,350614145,350614145,347384322,347384322,349169828,349169828,347899440,347899440,346965791,346965791,347242435,347242435,346937618,346937618,346762535,346762535,345431380,345431380,
	
创意艺术	北京	26457306,26457306,19859548,19859548,20296633,20296633,20953797,20953797,46548396,46548396,311751275,311751275,51061773,51061773,20863171,20863171,267336294,267336294,19679597,19679597,
	伊利诺伊大学厄本那香槟分校 (UIUC)	30858439,30858439,
	
	西安	35238842,48510028,35238842,351544690,48510028,351544690,326621442,48510028,326621442,271938895,48510028,271938895,351147001,48510028,351147001,349404409,48510028,349404409,28266322,48510028,28266322,41182911,48510028,41182911,350590073,48510028,350590073,295988607,48510028,295988607,
	青岛	348417173,348417173,290661685,290661685,351454883,351454883,351360044,351360044,22077367,22077367,301806425,301806425,278088820,278088820,350251913,350251913,345785254,345785254,346393780,346393780,
国防军事	军编部 哈雷	292537334,292537334,284761763,284761763,64772973,64772973,51298834,51298834,277181932,277181932,277033041,277033041,275627022,275627022,270579661,270579661,273930064,273930064,273454447,273454447,
电子游戏	深圳工作	351288530,351288530,349261333,349261333,342064522,342064522,348200384,348200384,338632651,338632651,344018794,344018794,341904503,341904503,273561205,273561205,340427852,340427852,339433417,339433417,
生物工程	Palo Alto	
	香港	337054373,337054373,336977054,336977054,335530471,335530471,333259025,333259025,324421302,324421302,320457822,320457822,320125128,320125128,319403870,319403870,318772522,318772522,317579720,317579720,
	清华大学	346599326,346599326,342466389,342466389,20058733,20058733,344720458,344720458,343074605,343074605,267040655,267040655,341255054,341255054,338618946,338618946,49063927,49063927,338966064,338966064,
	Linux中国	348196899,48510028,348196899,27159998,48510028,27159998,348166499,48510028,348166499,344339517,48510028,344339517,345145839,48510028,345145839,342586763,48510028,342586763,342520169,48510028,342520169,339939686,48510028,339939686,60208792,48510028,60208792,55874411,48510028,55874411,
培训	哈尔滨	35259598,35259598,294596927,294596927,27715665,27715665,49712252,49712252,283172360,283172360,277403432,277403432,
互联网	北京	
科研	德国	278814744,48510028,278814744,349423045,48510028,349423045,264116778,48510028,264116778,350079507,48510028,350079507,268877227,48510028,268877227,31439880,48510028,31439880,350024237,48510028,350024237,349091533,48510028,349091533,349617188,48510028,349617188,338619329,48510028,338619329,
创意艺术	雾 灯	39369539,39369539,350445716,350445716,308662578,308662578,21670813,21670813,345307809,345307809,339313971,339313971,333073297,333073297,333164560,333164560,340797603,340797603,337550022,337550022,
	基础建设开发	316525126,316525126,314002580,314002580,296397428,296397428,288624650,288624650,284153949,284153949,283876983,283876983,281493785,281493785,23167269,23167269,19787937,19787937,266144672,266144672,
	
法律	郑州	
法律	东京	351676519,351676519,351299387,351299387,351040838,351040838,350959281,350959281,350959336,289831685,289831685,26674181,26674181,343280582,343280582,345326024,345326024,334119208,334119208,305031582,305031582,
	幻想乡 守矢神社	333605078,333605078,332676408,332676408,328315137,328315137,324164457,324164457,320075644,320075644,
	
	软耳兔的回忆录	58604227,58604227,339486952,339486952,318927654,318927654,
	周昱行	312317359,312317359,20740884,20740884,20637878,20637878,20690918,20690918,20649220,20649220,20502491,20502491,20496538,20496538,20468021,20468021,20389877,20389877,20333821,20333821,
幼儿教育	北京	351437195,48509984,351437195,350231801,48509984,350231801,351494412,48509984,351494412,351407397,48509984,351407397,351312949,48509984,351312949,291283413,48509984,291283413,349983608,48509984,349983608,350960554,48509984,350960554,350146162,48509984,350146162,350788339,48509984,350788339,
地面运输	北京	23556902,23556902,283762516,283762516,19940054,19940054,308066375,308066375,347857418,347857418,348051614,348051614,54940669,54940669,309735296,309735296,65251999,65251999,345124567,345124567,
	元宿six	351925201,48510028,351925201,350411823,48510028,350411823,350779983,48510028,350779983,265259044,48510028,265259044,266808424,48510028,266808424,30097964,48510028,30097964,48399456,48510028,48399456,265729314,48510028,265729314,345682644,48510028,345682644,344435660,48510028,344435660,
计算机软件	南京	
基础教育	潍坊	352504068,352504068,352364686,352364686,352234343,352234343,351873166,351873166,351974323,351974323,350940640,350940640,351610574,351610574,351695233,351695233,351624306,351624306,351443889,351443889,
法律	浙江省	351334782,351334782,351118441,351118441,350782561,350782561,350298815,350298815,349000519,349000519,279340540,279340540,348163203,348163203,341644295,341644295,346184600,346184600,344489828,344489828,
		352026926,352026926,351199033,351199033,351820107,351820107,347616602,347616602,347929210,347929210,288966198,288966198,346805059,346805059,342600325,342600325,339155783,339155783,27198443,27198443,
金融		22100326,48510028,22100326,281968001,48510028,281968001,349944395,48510028,349944395,264675310,48510028,264675310,348580112,48510028,348580112,47080172,48510028,47080172,283644488,48510028,283644488,346746290,48510028,346746290,325926441,48510028,325926441,345411976,48510028,345411976,
高新科技	北京市	348067123,348067123,338530434,338530434,323300759,323300759,303629791,303629791,27579486,27579486,308444663,308444663,308444663,48176865,48176865,300130781,300130781,21714680,21714680,
互联网	北京	50507933,50507933,58880243,58880243,340303579,340303579,263808314,263808314,265808959,265808959,296568993,296568993,291554395,291554395,19640095,19640095,314654162,314654162,323304885,323304885,
临床医疗	西安	271831652,271831652,37041890,37041890,60916830,60916830,50374694,50374694,41857722,41857722,57189878,57189878,52738511,52738511,26882160,26882160,52519313,52519313,52524422,52524422,
	沪江	285669130,48510028,285669130,41043034,48510028,41043034,314791540,48510028,314791540,312897033,48510028,312897033,310821013,48510028,310821013,305214037,48510028,305214037,274447932,48510028,274447932,302362393,48510028,302362393,284387270,48510028,284387270,295279030,48510028,295279030,
互联网	北京	352486423,352486423,351180302,351180302,348320630,348320630,348872920,348872920,347687354,347687354,348038659,348038659,348028641,348028641,347014540,347014540,344017508,344017508,341873305,341873305,
互联网	温州	351889719,351889719,351548672,351548672,351316749,351316749,351504112,351504112,351403704,351403704,349486101,349486101,351027709,351027709,343446819,343446819,348202119,348202119,350553719,350553719,
资本投资	茶话股经	351123921,351123921,348003746,348003746,296766969,296766969,342853107,342853107,350298815,350298815,349713004,349713004,349598228,349598228,344373775,344373775,348176340,348176340,348769602,348769602,
	人工智能	334675733,48510028,334675733,343409385,48510028,343409385,27420308,48510028,27420308,327268053,48510028,327268053,343162310,48510028,343162310,45339469,48510028,45339469,322372759,48510028,322372759,41185926,48510028,41185926,331269191,48510028,331269191,317763697,48510028,317763697,
科研	西雅图（Seattle）	348181968,348181968,349598228,349598228,321530792,321530792,26096417,26096417,324888062,324888062,21413332,21413332,320312465,320312465,318332330,318332330,317722302,317722302,56364526,56364526,
互联网	北京	64134994,64134994,63219175,63219175,54149221,54149221,61281104,61281104,59645329,59645329,61077555,61077555,60859052,60859052,43609045,43609045,
美容	浙江省	347862609,347862609,344826299,344826299,278581281,278581281,343400939,343400939,339288662,339288662,333459303,333459303,283577962,283577962,335971735,335971735,336347056,336347056,287290199,287290199,
科研	上海	343708120,343708120,264969963,264969963,342815237,342815237,340486916,340486916,339965516,339965516,339820961,339820961,339450322,339450322,339459355,339459355,339119332,339119332,339308015,339308015,
铁路运输		21476991,48510028,21476991,350770399,48510028,350770399,350702420,48510028,350702420,350614873,48510028,350614873,349851113,48510028,349851113,268490353,48510028,268490353,307708444,48510028,307708444,349633957,48510028,349633957,349594771,48510028,349594771,349138746,48510028,349138746,
基础教育	韩冬	351312949,351312949,350937823,350937823,350292725,350292725,350072008,350072008,349045610,349045610,344871484,344871484,344397424,344397424,344072428,344072428,335005053,335005053,334043795,334043795,
	温哥华	265787098,265787098,317763245,329826394,329826394,279293448,279293448,290289966,290289966,282335218,282335218,28514125,28514125,27969524,27969524,268079598,268079598,269400583,269400583,
	以太创服	30768861,48510028,30768861,23322420,48510028,23322420,20219092,48510028,20219092,287647009,48510028,287647009,22851516,48510028,22851516,50982942,48510028,50982942,19707109,48510028,19707109,19698513,48510028,19698513,19557810,48510028,19557810,49703676,48510028,49703676,
信息传媒	北京	47473068,48510028,47473068,344594625,48510028,344594625,
基础教育	华南师范大学	299074009,299074009,54173103,54173103,54174064,54174064,31477388,31477388,297043367,297043367,319954691,319954691,340792062,340792062,288241922,288241922,325344744,325344744,319841193,319841193,
	白发布衣	38055667,38055667,24096666,24096666,
互联网		33630925,33630925,272211409,272211409,268625571,268625571,269238910,269238910,52389939,52389939,19770358,19770358,46569447,46569447,35264985,35264985,
	New haven	
地产建筑	洛杉矶 (Los Angeles)	
	北京	349026292,349026292,348921192,348921192,347368051,347368051,346549925,346549925,343713326,343713326,340574474,340574474,305706153,305706153,328836955,328836955,48834521,48834521,304611853,304611853,
	孙Kami	348770208,348770208,329153374,329153374,320669977,320669977,323752449,323752449,325812007,325812007,325324882,325324882,323427228,323427228,311363895,311363895,38731517,38731517,267877758,267877758,
	上海	332917407,332917407,63997719,63997719,20266787,20266787,68032448,68032448,62676297,62676297,31312495,31312495,50954887,50954887,54017870,54017870,29637841,29637841,54542998,54542998,
	上海	
信息传媒	纽约	40947246,40947246,40359500,40359500,40358823,40358823,




























































































