

互联网		
电子商务	北京	20340392,20340392,21307917,21307917,20695141,20695141,20479372,20479372,20477142,20477142,20361180,20361180,20319404,20319404,20282614,20282614,20159164,20159164,20133437,20133437,
	白字画	324307498,324307498,278376148,278376148,58307967,58307967,36197162,36197162,37922332,37922332,276833501,276833501,276077044,276077044,278951401,278951401,278597747,278597747,
教育	美国加州	
	智车科技	351542596,48510028,351542596,350807820,48510028,350807820,338929023,48510028,338929023,344393800,48510028,344393800,347517940,48510028,347517940,345720052,48510028,345720052,328728964,48510028,328728964,323076627,48510028,323076627,294525127,48510028,294525127,314984356,48510028,314984356,
	六六直租	350879453,48510028,350879453,346053053,48510028,346053053,342962863,48510028,342962863,341659369,48510028,341659369,340808054,48510028,340808054,327206053,48510028,327206053,329538713,48510028,329538713,329042721,48510028,329042721,328674140,48510028,328674140,328701967,48510028,328701967,
计算机软件		264262697,48510028,264262697,304265710,48510028,304265710,42375391,48510028,42375391,265171145,48510028,265171145,
	一条罗非鱼	339593170,339593170,30498591,30498591,287708485,287708485,284049059,284049059,281967071,281967071,270502278,270502278,269067658,269067658,265764157,265764157,265463213,265463213,265203640,265203640,
互联网	深圳市	326511036,48510028,326511036,319371540,48510028,319371540,331904582,48510028,331904582,
电子游戏	英国	351165277,48510028,351165277,352108632,48510028,352108632,265972232,48510028,265972232,20773664,48510028,20773664,65684023,48510028,65684023,345117192,48510028,345117192,67135331,48510028,67135331,68519988,48510028,68519988,327186351,48510028,327186351,302883309,48510028,302883309,
餐饮	四川	352231492,352231492,352143972,352143972,351190633,351190633,302479879,302479879,339489489,339489489,348508571,348508571,350823185,350823185,350336215,350336215,349022103,349022103,343141235,343141235,
	
科研		344054306,48510028,344054306,340415734,48510028,340415734,340098084,48510028,340098084,337876508,48510028,337876508,333645842,48510028,333645842,338728525,48510028,338728525,336481974,48510028,336481974,322264704,48510028,322264704,328004544,48510028,328004544,290387649,48510028,290387649,
	新加坡	
	知乎用户	
培训	Dandelion	40802894,40802894,
艺术娱乐	上海	351145503,48509984,351145503,28247984,48509984,28247984,350126182,48509984,350126182,322990786,48509984,322990786,348181962,48509984,348181962,347358765,48509984,347358765,327906843,48509984,327906843,346215062,48509984,346215062,317516405,48509984,317516405,345293594,48509984,345293594,
教育	上海	337151643,337151643,297171642,297171642,29079521,29079521,286926938,286926938,22622345,22622345,285392421,285392421,285229121,285229121,285103340,285103340,284394394,284394394,284846087,284846087,
制药	上海	320604327,320604327,
社工服务	但是井中呱	296174825,296174825,41053508,41053508,349962550,349962550,339492272,339492272,346284666,346284666,349179080,349179080,349321649,349321649,349326957,349326957,20767147,20767147,345392732,345392732,
电子商务	深圳市	352183679,352183679,351983632,351983632,352359900,352359900,352360521,352360521,352360967,352360967,352466973,352466973,350755465,350755465,350821850,350821850,351556450,351556450,351398131,351398131,
	敢玩iDarex	330207292,330207292,31176334,31176334,49137407,49137407,68248743,68248743,21876053,21876053,62780107,62780107,27050272,27050272,275915900,275915900,265661002,265661002,36541514,36541514,
进出口贸易	杨惠	47463477,47463477,31276925,31276925,33971576,33971576,33607926,33607926,29038966,29038966,29064178,29064178,29177554,29177554,28319005,28319005,28049735,28049735,24851438,24851438,

	匹兹堡	268795901,268795901,50424115,50424115,40148083,40148083,36747987,36747987,23306615,23306615,
计算机软件	北京	
	
	林夕颜	
	鼻甲再生	322369235,322369235,302475459,302475459,302487028,302487028,302627663,302627663,294000801,294000801,268857535,268857535,268496040,268496040,
	Bushuai Liang	346655809,346655809,348029559,348029559,347761540,347761540,340398062,340398062,339521092,339521092,338945340,338945340,327756337,327756337,325550959,325550959,288307509,288307509,312890079,312890079,
	仙境里的小屋	32300010,32300010,352074184,352074184,35103080,35103080,335807213,335807213,351139751,351139751,279262202,279262202,23819007,23819007,35046637,35046637,300656169,300656169,40207910,40207910,
	曹天元 Capo	
互联网	广州市	270883846,270883846,26161562,26161562,266230601,266230601,26784045,26784045,43607087,43607087,20270540,20270540,54244634,54244634,46726145,46726145,27751139,27751139,263909521,263909521,
艺术娱乐		52546468,52546468,50726904,50726904,49150681,49150681,48182806,48182806,38205324,38205324,37589751,37589751,36318232,36318232,22045022,22045022,31876799,31876799,31444944,31444944,
高等教育	清凉山水利高专	39294467,39294467,290991582,290991582,51462121,51462121,270782597,270782597,268679446,268679446,49240753,49240753,268687773,268687773,268207822,268207822,24388013,24388013,267021714,267021714,
互联网		
计算机软件		304138765,304138765,309048514,309048514,314043007,314043007,38200429,38200429,275359100,275359100,265259655,265259655,68716934,68716934,68450231,68450231,67243249,67243249,60503727,60503727,
互联网	北京	348029701,48510028,348029701,318496731,48510028,318496731,304499020,
	武汉市	335133067,335133067,351336288,351336288,318197735,318197735,348538130,348538130,350605172,350605172,337290738,337290738,347227599,347227599,348029786,348029786,346139827,346139827,345416741,345416741,
	人事星球	26856821,48510028,26856821,20983669,48510028,20983669,23133674,48510028,23133674,41358923,48510028,41358923,49272080,48510028,49272080,52730344,48510028,52730344,281007745,48510028,281007745,19991598,48510028,19991598,31369774,48510028,31369774,21170044,48510028,21170044,
	北京大学	
	西南财经大学	
出版业	福州	23484511,23484511,45511026,45511026,21527516,21527516,300678164,300678164,24120125,24120125,27572823,27572823,21962096,21962096,22473258,22473258,343585330,343585330,33572627,33572627,
互联网	北京	24242117,24242117,24389300,24389300,24288900,24288900,23492270,23492270,20623035,20623035,19947285,19947285,19561198,19561198,19557613,19557613,
创意艺术	伦敦政治经济学院（LSE）	281099301,281099301,30247137,30247137,48229563,48229563,297085203,297085203,286725777,286725777,320669797,320669797,341657970,341657970,334364126,334364126,38415284,38415284,264965610,264965610,
渔业		67408161,67408161,310371697,310371697,323144008,323144008,302865152,302865152,275297630,275297630,300594355,300594355,298187212,298187212,294699422,294699422,267368899,267368899,287204503,287204503,
计算机软件	Felix Zhang	
	珠海	347681272,347681272,350913617,350913617,351617208,351617208,351106143,351106143,349482593,349482593,348875551,348875551,347643832,347643832,347700089,347700089,344776308,344776308,347897060,347897060,
科研	深圳市	341374678,341374678,341946864,341946864,339164122,339164122,334856240,334856240,286160604,286160604,64714930,64714930,324296512,324296512,323749139,323749139,323434701,323434701,319464470,319464470,
	
	伦敦大学学院 (UCL)	
	
	电气工程师	352321760,48509984,352321760,351918727,48509984,351918727,352374275,48509984,352374275,352200405,48509984,352200405,266836494,48509984,266836494,351046928,48509984,351046928,351875122,48509984,351875122,350768129,48509984,350768129,351967113,48509984,351967113,351919585,48509984,351919585,
培训	苏州	
互联网	成都	351219957,351219957,349568449,349568449,316746855,316746855,346655267,346655267,333250627,333250627,286280641,286280641,337744918,337744918,67754216,67754216,333493535,333493535,335946344,335946344,
咨询分析	北京市	347875000,48510028,347875000,315022429,48510028,315022429,344973427,48510028,344973427,321646749,48510028,321646749,47425849,48510028,47425849,325703720,48510028,325703720,274411412,48510028,274411412,39931345,48510028,39931345,286569893,48510028,286569893,30545153,48510028,30545153,
科研	知乎用户	
计算机软件	宾夕法尼亚州	346868860,48509984,346868860,352507775,48509984,352507775,352326297,48509984,352326297,348565021,48509984,348565021,351744551,48509984,351744551,349737758,48509984,349737758,347881110,48509984,347881110,349641348,48509984,349641348,349131207,48509984,349131207,348782653,48509984,348782653,
旅游		280082795,280082795,64011110,64011110,55439840,55439840,35704087,35704087,54104076,54104076,41875162,41875162,49280834,49280834,19950216,19950216,37954732,37954732,40058216,40058216,
	高山清	348448416,348448416,24523142,24523142,347632304,347632304,22700005,22700005,346502104,346502104,20071359,20071359,65943530,65943530,271595587,271595587,344752548,344752548,344005790,344005790,
	奥地利	32276442,32276442,20274972,20274972,340906884,340906884,345689000,345689000,337118470,337118470,315885048,315885048,25553002,25553002,286525154,286525154,58021078,58021078,303135768,303135768,
水利能源	北京	
创意艺术	北京	308662578,48510028,308662578,324480540,48510028,324480540,336216267,48510028,336216267,332000015,48510028,332000015,67113888,48510028,67113888,329082813,48510028,329082813,327366269,48510028,327366269,327406402,48510028,327406402,326551601,48510028,326551601,278581679,48510028,278581679,
科研	日本	350292725,48510028,350292725,350294008,48510028,350294008,350070973,48510028,350070973,347405494,48510028,347405494,292443025,48510028,292443025,343396567,48510028,343396567,22807493,48510028,22807493,22265672,48510028,22265672,294544783,48510028,294544783,24171042,48510028,24171042,
渔业	简单的人形	
旅游	成都	21567651,21567651,270601308,270601308,342318692,342318692,342812810,342812810,310274353,310274353,312849874,312849874,308662400,308662400,47045516,47045516,314156988,314156988,269323749,269323749,
	祝庸	265048690,265048690,29070992,29070992,55937982,55937982,53815952,53815952,46885836,46885836,40207098,40207098,37496011,37496011,19866127,19866127,37248069,37248069,22581160,22581160,
服务业	重庆	
互联网	加利福尼亚州	352108632,352108632,351165549,351165549,20023135,20023135,340889121,340889121,349396095,349396095,351646498,351646498,350979308,350979308,350418562,350418562,47973223,47973223,350024513,350024513,
	大梦想程序商店	29147727,48510028,29147727,21940510,48510028,21940510,36546814,48510028,36546814,265726340,48510028,265726340,277398226,48510028,277398226,47045516,48510028,47045516,266021832,48510028,266021832,55262852,48510028,55262852,272485925,48510028,272485925,54580383,48510028,54580383,
高等教育	每天3道奥数题	320571652,320571652,346294591,346294591,63398298,63398298,283467845,283467845,267667859,267667859,63881683,63881683,282922247,282922247,281967318,281967318,281642542,281642542,43128864,43128864,
高新科技		39819014,39819014,31031910,31031910,20697142,20697142,
非营利组织	巴黎高等师范学院	351753048,351753048,321302630,321302630,50216588,50216588,278581281,278581281,348318284,348318284,26131797,26131797,350944858,350944858,40140573,40140573,339288662,339288662,26433444,26433444,
	MEINFRIENDS	29825902,48510028,29825902,20432367,48510028,20432367,287635072,48510028,287635072,322276611,48510028,322276611,30172656,48510028,30172656,
医疗服务		350126182,350126182,351902990,351902990,31557238,31557238,347372020,347372020,344477978,344477978,344338112,344338112,344156081,344156081,338134502,338134502,325605528,325605528,324786943,324786943,
互联网	上海	352228356,48510028,352228356,346753389,48510028,346753389,295719685,48510028,295719685,334192235,48510028,334192235,36125960,48510028,36125960,291514185,48510028,291514185,320747168,48510028,320747168,320837975,48510028,320837975,320524071,48510028,320524071,315468774,48510028,315468774,
	北京	48806455,48806455,20354954,20354954,20343602,20343602,20307658,20307658,20295682,20295682,20270716,20270716,20189866,20189866,20189853,20189853,20146552,20146552,19589766,19589766,
	奈衣污少女	344464254,344464254,345263465,345263465,313564280,313564280,39400533,39400533,336122697,336122697,51264405,51264405,328881623,328881623,312302790,312302790,35144869,35144869,304873057,304873057,
	哈尔滨	31922749,48510028,31922749,52217362,48510028,52217362,26706717,48510028,26706717,23196872,48510028,23196872,53783623,48510028,53783623,19608450,48510028,19608450,53783828,48510028,53783828,23498414,48510028,23498414,20406825,48510028,20406825,33312503,48510028,33312503,
	
	一头蠢驴	
创意艺术	吃不胖娘	51983022,51983022,319463689,319463689,276140235,276140235,269699980,269699980,66342367,66342367,323636805,323636805,41759135,41759135,25849804,25849804,275889588,275889588,26601522,26601522,
	上海	
	静静静静子	29658319,29658319,295961354,295961354,277361699,277361699,41717102,41717102,41899535,41899535,39087458,39087458,
互联网	北京市	352048828,48509984,352048828,352171277,48509984,352171277,352108632,48509984,352108632,352222192,48509984,352222192,21818075,48509984,21818075,351706516,48509984,351706516,351920965,48509984,351920965,351413532,48509984,351413532,27058325,48509984,27058325,351316749,48509984,351316749,
	DJI大疆创新	298235937,48510028,298235937,351074765,48510028,351074765,340381561,48510028,340381561,271932034,48510028,271932034,335457281,48510028,335457281,328999847,48510028,328999847,304004540,48510028,304004540,302791659,48510028,302791659,295279030,48510028,295279030,278144897,48510028,278144897,
非营利组织	上海	35764498,35764498,351033398,351033398,350162953,350162953,317425800,317425800,348481346,348481346,342172376,342172376,346243406,346243406,342384720,342384720,336923636,336923636,277545926,277545926,
财务	天津城南开洼地八里台	29325356,29325356,352376347,352376347,19719224,19719224,352068250,352068250,351420921,351420921,351511010,351511010,352062514,352062514,352296151,352296151,352177868,352177868,350264159,350264159,
互联网	西安	
	北京	264888074,264888074,47451561,47451561,39508731,39508731,51974238,51974238,41182911,41182911,24906516,24906516,27726057,27726057,23171083,23171083,59843383,59843383,57783756,57783756,
		339944846,48509984,339944846,323400514,48509984,323400514,311206301,48509984,311206301,313748005,48509984,313748005,311946968,48509984,311946968,302310433,48509984,302310433,303852170,48509984,303852170,64460892,48509984,64460892,267441327,48509984,267441327,21672213,48509984,21672213,
高新科技	人工智能	40699477,40699477,40214698,40214698,40723838,40723838,40627213,40627213,40159690,40159690,40244258,40244258,39990297,39990297,39970290,39970290,39923173,39923173,39906815,39906815,
	郑州大学	41053508,41053508,343286201,343286201,339575040,339575040,300299654,300299654,51976252,51976252,25987306,25987306,32029119,32029119,35567907,35567907,
互联网	北京	349438744,48510028,349438744,341834837,48510028,341834837,330693496,48510028,330693496,60509620,48510028,60509620,332820388,48510028,332820388,338832285,48510028,338832285,326534707,48510028,326534707,324628621,48510028,324628621,323623641,48510028,323623641,330671869,48510028,330671869,
	一个友善敏感的人	350007649,350007649,349898069,349898069,348773523,348773523,349104542,349104542,278188577,278188577,349513003,349513003,49844791,49844791,347969582,347969582,338604544,338604544,345805127,345805127,
汽车	北京	350191144,48509984,350191144,321424208,48509984,321424208,30584429,48509984,30584429,300397248,48509984,300397248,270524800,48509984,270524800,269151534,48509984,269151534,268692025,48509984,268692025,268747312,48509984,268747312,266812223,48509984,266812223,266963494,48509984,266963494,
	虎皮纱	351633252,351633252,351407397,351407397,351869969,351869969,350195972,350195972,347735204,347735204,351492954,351492954,351378747,351378747,351517438,351517438,350583603,350583603,350101967,350101967,
	人工智能	322335739,48510028,322335739,26754848,48510028,26754848,66949369,48510028,66949369,25866010,48510028,25866010,20337132,48510028,20337132,322530705,48510028,322530705,322651220,48510028,322651220,28196675,48510028,28196675,333671830,48510028,333671830,27529154,48510028,27529154,
基础教育	北京	352027162,352027162,346654568,346654568,347330238,347330238,347929046,347929046,347695994,347695994,346097477,346097477,347010470,347010470,346805059,346805059,335895153,335895153,67462557,67462557,
计算机软件	东京	28800965,28800965,29154590,29154590,21082634,21082634,38388266,38388266,36444554,36444554,
军火	加拿大	325700847,325700847,343431810,343431810,341490697,341490697,340272932,340272932,339700477,339700477,339549760,339549760,334744583,334744583,337913506,337913506,324743457,324743457,325580181,325580181,
金融	北京	350931231,350931231,345307809,345307809,338978365,338978365,337224618,337224618,336515012,336515012,334388678,334388678,322783932,322783932,331080401,331080401,326506717,326506717,21177703,21177703,
	大咖岛-创业社群	348508571,348508571,65338053,65338053,266337935,266337935,348759395,348759395,352173424,352173424,55709221,55709221,350294008,350294008,57882872,57882872,342730077,342730077,350220976,350220976,
互联网	郑州	22805396,22805396,25343481,25343481,291506148,291506148,23289709,23289709,31325499,31325499,340604965,340604965,26684822,26684822,325648700,325648700,51861054,51861054,28417938,28417938,
	美食	349862723,48509984,349862723,347728539,48509984,347728539,349408724,48509984,349408724,334485083,48509984,334485083,345282592,48509984,345282592,344709246,48509984,344709246,345687356,48509984,345687356,344293653,48509984,344293653,344156081,48509984,344156081,344233234,48509984,344233234,
	樱小路	29878929,29878929,32183369,32183369,45984450,45984450,44283367,44283367,39666889,39666889,24744297,24744297,38736029,38736029,31362306,31362306,29664497,29664497,42118671,42118671,
	宁浩	305188717,48510028,305188717,27316773,48510028,27316773,
	湖南省	352108632,352108632,339560266,339560266,325430383,325430383,350675490,350675490,350290829,350290829,345301305,345301305,350215777,350215777,347832922,347832922,347520333,347520333,31700790,31700790,
互联网	Mountain View, California	
房地产	漯河	347574672,347574672,349379104,349379104,339948741,339948741,337471513,337471513,325173949,325173949,322821993,322821993,320361005,320361005,263378141,263378141,298995848,298995848,65586877,65586877,
	上海	317210148,317210148,308471990,308471990,304966491,304966491,304515568,304515568,303885258,303885258,302880628,302880628,300021476,300021476,56553986,56553986,293961497,293961497,280379067,280379067,
	
信息传媒		270710380,270710380,54879024,54879024,54208540,54208540,54170527,54170527,21762653,21762653,21435280,21435280,
渔业	日本动画	21002845,48509984,21002845,350880032,48509984,350880032,351047511,48509984,351047511,351453558,48509984,351453558,351835175,48509984,351835175,351092300,48509984,351092300,351583196,48509984,351583196,326797252,48509984,326797252,36904508,48509984,36904508,351340726,48509984,351340726,
	容易视听	22485924,48510028,22485924,21834948,48510028,21834948,278625538,48510028,278625538,316078088,48510028,316078088,30391915,48510028,30391915,328872889,48510028,328872889,23455508,48510028,23455508,24205632,48510028,24205632,29494871,48510028,29494871,37322363,48510028,37322363,
电子电器	上海	60441324,60441324,20393765,20393765,272036898,272036898,19568897,19568897,288752162,288752162,268805281,268805281,52148357,52148357,20215618,20215618,33417005,33417005,40973682,40973682,
互联网	新西兰	
	广州市	349504097,48510028,349504097,350337824,48510028,350337824,350050209,48510028,350050209,334519834,48510028,334519834,333268203,48510028,333268203,26379252,321540917,48510028,321540917,324264441,48510028,324264441,323263423,48510028,323263423,314798058,48510028,314798058,267001876,48510028,267001876,
法律	Brooklyn, New York	276827075,276827075,60842350,60842350,58315783,58315783,24328767,24328767,49502496,49502496,57077638,57077638,56605127,56605127,27410120,27410120,19983640,19983640,20687290,20687290,
政府	延安	310421155,310421155,265556346,307644761,307644761,286048966,286048966,25581709,25581709,59595079,59595079,287663716,287663716,65454540,65454540,285660275,285660275,34401174,34401174,276220574,276220574,
计算机软件	杭州	
科研	美国	349548263,48510028,349548263,347836361,48510028,347836361,345829524,48510028,345829524,29964630,48510028,29964630,348029595,48510028,348029595,20921438,48510028,20921438,51265095,48510028,51265095,346477106,48510028,346477106,280233762,48510028,280233762,334330424,48510028,334330424,
	应天职业技术学院	266397236,266397236,266437086,266437086,266154333,266154333,265475454,265475454,266421786,266421786,28966967,28966967,266418447,266418447,263952082,263952082,64617950,64617950,266216579,266216579,
	流浪的小麦子	297831184,297831184,37690658,37690658,23434313,23434313,56180756,56180756,264443853,264443853,68733553,68733553,38993658,38993658,47993587,47993587,27919103,27919103,65480345,65480345,
咨询分析	北京	352080473,352080473,351109942,351109942,348970353,348970353,350614145,350614145,350786596,350786596,350529757,350529757,349998035,349998035,343191468,343191468,348370059,348370059,344339517,344339517,
	相见在万里晴天	20737561,20737561,
教育	深圳市	50343728,50343728,26701102,26701102,19819957,19819957,51326409,51326409,26980854,26980854,26806962,26806962,30768861,30768861,30178891,30178891,301459876,301459876,58225198,58225198,
教育	陈兰香	352171277,352171277,345606113,345606113,338381574,338381574,306771843,306771843,350823185,350823185,350126182,350126182,348446136,348446136,348315251,348315251,341729604,341729604,347545743,347545743,
	香港浸会大学	
	echo	
互联网	杭州	37559307,48509984,37559307,280273049,48509984,280273049,23724645,48509984,23724645,270720694,48509984,270720694,25163184,48509984,25163184,267587693,48509984,267587693,20395761,48509984,20395761,55761843,48509984,55761843,66406672,48509984,66406672,21611377,48509984,21611377,
	深圳市	351863929,48510028,351863929,349067255,48510028,349067255,347904940,48510028,347904940,347241865,48510028,347241865,345435960,48510028,345435960,345431917,48510028,345431917,345430964,48510028,345430964,47250588,48510028,47250588,343466446,48510028,343466446,343051126,48510028,343051126,
医疗服务	长沙	352171277,352171277,350595678,350595678,270393195,270393195,338989566,338989566,309147753,309147753,59668708,59668708,285574153,285574153,26995290,26995290,279110784,279110784,343544158,343544158,
	签约主播	
	Midgard Serpent	57493586,57493586,25150607,25150607,63258727,63258727,352376347,352376347,35679217,35679217,351610322,351610322,53092721,53092721,40082058,40082058,351165549,351165549,46448910,46448910,
资本投资	北京	318709250,318709250,307815279,307815279,302412415,302412415,30776545,30776545,20687062,20687062,60894023,60894023,60161851,60161851,60121606,60121606,59562897,59562897,58625634,58625634,
广播电视	南宁市	293203610,293203610,280332843,280332843,22972520,22972520,48182005,48182005,19801080,19801080,276226558,276226558,276320728,276320728,275701445,275701445,275426022,275426022,36101567,36101567,
博物馆	北京市	343366307,48510028,343366307,342658585,48510028,342658585,338705766,48510028,338705766,312706857,48510028,312706857,312980482,48510028,312980482,276438817,48510028,276438817,269339532,48510028,269339532,60487154,48510028,60487154,60880564,48510028,60880564,65074012,48510028,65074012,
	林带鱼w	351958284,351958284,349316625,349316625,351351169,351351169,350675490,350675490,347548153,347548153,346993906,346993906,345938341,345938341,346417774,346417774,343761058,343761058,339548424,339548424,
	allenzhang	

互联网	北京	302402544,48510028,302402544,48618004,48510028,48618004,28923765,48510028,28923765,288026861,48510028,288026861,25539779,48510028,25539779,40223190,48510028,40223190,271314820,48510028,271314820,339254105,48510028,339254105,27775308,48510028,27775308,41476888,48510028,41476888,
	江寒园	342318692,342318692,318657727,318657727,307642147,307642147,265579560,265579560,36539555,36539555,300632497,300632497,300053537,300053537,299531857,299531857,28533930,28533930,292192840,292192840,
房地产	上海	352171277,352171277,350868998,350868998,311393674,311393674,350568010,350568010,329348235,329348235,350130621,350130621,350279954,350279954,350216837,350216837,349471413,349471413,349396798,349396798,
临床医疗	上海	350336215,48510028,350336215,348029595,48510028,348029595,349548263,48510028,349548263,341063544,48510028,341063544,347495742,48510028,347495742,347354112,48510028,347354112,347268325,48510028,347268325,346949677,48510028,346949677,346080508,48510028,346080508,346758272,48510028,346758272,
互联网	北京	346801183,346801183,27286682,27286682,285854519,285854519,280469393,280469393,287086780,287086780,283670451,283670451,280107648,280107648,271189004,271189004,270359083,270359083,269575910,269575910,
电影录音	牧岛藤子	318855283,318855283,280945060,280945060,318215928,318215928,311464426,311464426,268395554,268395554,26297181,26297181,
教育	清华大学	
资本投资	北京市	344870350,48510028,344870350,349392145,48510028,349392145,349009736,48510028,349009736,348245388,48510028,348245388,348106249,48510028,348106249,347523257,48510028,347523257,347215368,48510028,347215368,347658189,48510028,347658189,347634370,48510028,347634370,347670162,48510028,347670162,
	派坤沙	351965793,351965793,352580616,352580616,347825091,347825091,304110962,304110962,351861307,351861307,346820030,346820030,314235326,314235326,338681798,338681798,351109942,351109942,351258480,351258480,
	知乎用户	
	数学	29316970,48509984,29316970,40409449,48509984,40409449,29039728,48509984,29039728,51033691,48509984,51033691,52958268,48509984,52958268,29446508,48509984,29446508,47370254,48509984,47370254,51080627,48509984,51080627,38892515,48509984,38892515,27807675,48509984,27807675,
资本投资	深圳市	309897907,48509984,309897907,296535589,48509984,296535589,41864611,48509984,41864611,39507832,48509984,39507832,40853628,48509984,40853628,24188694,48509984,24188694,37411752,48509984,37411752,36670365,48509984,36670365,35267009,48509984,35267009,35149931,48509984,35149931,
高等教育	蒙特利尔 (Montréal)	348937979,48510028,348937979,349552602,48510028,349552602,347751637,48510028,347751637,298579442,48510028,298579442,346685502,48510028,346685502,345120231,48510028,345120231,21759143,48510028,21759143,343811197,48510028,343811197,343431810,48510028,343431810,342519418,48510028,342519418,
出版业	北京	347495742,347495742,347550597,347550597,343550429,343550429,343360741,343360741,333668840,333668840,265508227,265508227,33573424,33573424,317677057,317677057,36979002,36979002,310725850,310725850,
	Yiqin Fu	317066560,317066560,306337989,306337989,26677313,26677313,24821978,24821978,23185101,23185101,264617775,264617775,32164316,32164316,34897210,34897210,41854964,41854964,41365485,41365485,
高新科技	北京	
	学英语那点事	27054706,27054706,20997145,20997145,31879038,31879038,30010198,30010198,36237369,36237369,22613022,22613022,24327190,24327190,26822030,26822030,27702564,27702564,20574837,20574837,
互联网	浙江	19988840,48510028,19988840,271940490,48510028,271940490,22139035,48510028,22139035,324978602,48510028,324978602,22204774,48510028,22204774,68103156,48510028,68103156,27925812,48510028,27925812,22378218,48510028,22378218,21430286,48510028,21430286,37226968,48510028,37226968,
	极飞科技	
	科技每日推送	346199237,48510028,346199237,345431917,48510028,345431917,345293594,48510028,345293594,344453437,48510028,344453437,336418328,48510028,336418328,319258164,48510028,319258164,327855836,48510028,327855836,328058110,48510028,328058110,327744712,48510028,327744712,327744141,48510028,327744141,
创意艺术		286782174,286782174,301611938,301611938,299053467,299053467,296862874,296862874,293513066,293513066,292243843,292243843,291311801,291311801,20015850,20015850,288730497,288730497,284909667,284909667,
临床医疗	牙医	347268325,347268325,333501422,333501422,265637604,265637604,31797608,31797608,312784161,312784161,307947568,307947568,19851587,19851587,38784147,38784147,26504484,26504484,312100729,312100729,
教育	成都	344084892,344084892,348181968,348181968,349146314,349146314,25575379,25575379,31117395,31117395,59796563,59796563,30466809,30466809,298521066,298521066,347039315,347039315,24007365,24007365,
	北京	60627166,60627166,351583438,351583438,339405132,339405132,350675490,350675490,24205632,24205632,326623299,326623299,343187633,343187633,302187143,302187143,28431991,28431991,59552198,59552198,
互联网	杭州市	313466011,313466011,312380369,312380369,293738221,293738221,285268468,285268468,283265544,283265544,281909672,281909672,268863622,268863622,280389843,280389843,273761800,273761800,276100728,276100728,
	黄衔	29989518,48509984,29989518,24073830,48509984,24073830,25695583,48509984,25695583,24098635,48509984,24098635,25019898,48509984,25019898,24974166,48509984,24974166,23969893,48509984,23969893,24600446,48509984,24600446,23905375,48509984,23905375,19869956,48509984,19869956,
互联网	北京	350206088,48510028,350206088,345701163,48510028,345701163,345283912,48510028,345283912,344763924,48510028,344763924,340134550,48510028,340134550,332699841,48510028,332699841,19568396,302311885,48510028,302311885,315361987,48510028,315361987,297841881,48510028,297841881,25332314,48510028,25332314,
互联网	洋猫	351552444,351552444,350690005,350690005,279247693,279247693,31551594,31551594,348281572,348281572,346993906,346993906,54311874,54311874,347334475,347334475,
银行	私聊请前往我的公众号：呵呵的小书屋	303789714,303789714,272158547,272158547,36236144,36236144,28314077,28314077,21181450,21181450,20777058,20777058,284816819,284816819,275026601,275026601,276206847,276206847,271046202,271046202,
创意艺术	Sonar	
	北京	309772647,309772647,350683195,350683195,26614479,26614479,336078677,336078677,345242325,345242325,279247693,279247693,328961373,328961373,297746893,297746893,32216583,32216583,
博物馆	北京	40028642,40028642,47045516,47045516,263678290,263678290,68014919,68014919,29183631,29183631,273866042,273866042,22866524,22866524,321211386,321211386,46680759,46680759,25368703,25368703,
	XXXX XXXX	30734708,30734708,30722128,30722128,30729671,30729671,30758272,30758272,30741349,30741349,30797438,30797438,30773205,30773205,30787145,30787145,27578951,27578951,23645777,23645777,
	知乎用户	
房地产	柯燊	323131915,323131915,317388364,317388364,269706064,269706064,304093026,304093026,
房地产	成都	309111312,309111312,20777326,20777326,307951346,307951346,296201420,296201420,296410544,296410544,295520427,295520427,62428535,288570269,288570269,293662787,293662787,291494669,291494669,284752944,284752944,
	
电影录音	柏邦妮	276839640,48510028,276839640,303601063,48510028,303601063,26024602,48510028,26024602,300633395,48510028,300633395,29064178,48510028,29064178,67223616,48510028,67223616,37927520,48510028,37927520,271959252,48510028,271959252,27066070,48510028,27066070,293876214,48510028,293876214,
铁路运输	山西	277723196,277723196,66207390,66207390,23075570,23075570,310067643,310067643,278726038,278726038,40928865,40928865,27601479,27601479,64182132,64182132,301983482,301983482,330840262,330840262,
高等教育	北京市朝阳区东四环	334627619,48509984,334627619,327311693,48509984,327311693,19819957,48509984,19819957,324137789,48509984,324137789,320663787,48509984,320663787,317383267,48509984,317383267,36756803,48509984,36756803,314262952,48509984,314262952,284128568,48509984,284128568,303489055,48509984,303489055,
高等教育	北京	267150188,267150188,25288648,25288648,264497709,264497709,66672828,66672828,
	丸弹	348978843,348978843,349097909,349097909,348464779,348464779,347100137,347100137,342366514,342366514,340517779,340517779,337730824,337730824,343006350,343006350,343546205,343546205,336846026,336846026,
	知乎用户	
互联网	杭州市	322140465,322140465,351646498,351646498,349842554,349842554,334132170,334132170,345591601,345591601,349062591,349062591,29987821,29987821,347663577,347663577,347745552,347745552,342267611,342267611,
高等教育	江苏	284128568,284128568,311428760,311428760,65595492,65595492,285192597,285192597,284440331,284440331,268871723,268871723,268499571,268499571,67100386,67100386,62171671,62171671,61141435,61141435,
广告	上海	345899888,345899888,342016897,342016897,326125696,326125696,19736701,19736701,29442001,29442001,27490957,27490957,330135947,330135947,22259244,22259244,30901993,30901993,20054842,20054842,
法律	北京	347471325,347471325,310186247,310186247,267601947,267601947,24860118,24860118,306816442,306816442,66198486,66198486,288477378,288477378,286971182,286971182,20416183,20416183,269680966,269680966,
高等教育	知乎用户	
广播电视	杭州	266736380,266736380,280228371,280228371,21164289,21164289,344709246,344709246,342622820,342622820,38681841,38681841,339697128,339697128,338378919,338378919,333080285,333080285,331962845,331962845,
	刘看山福利社	351145503,48510028,351145503,36071560,48510028,36071560,351143845,48510028,351143845,343247440,48510028,343247440,343187633,48510028,343187633,340478420,48510028,340478420,21688284,48510028,21688284,295883762,48510028,295883762,323689116,48510028,323689116,275632612,48510028,275632612,
教育	武汉	19897774,48509984,19897774,293585902,48509984,293585902,333015008,48509984,333015008,24751039,48509984,24751039,272119138,48509984,272119138,300813052,48509984,300813052,284964376,48509984,284964376,286656047,48509984,286656047,279246258,48509984,279246258,30407583,48509984,30407583,
互联网		334461516,334461516,345793216,345793216,53344734,53344734,33573424,33573424,322296599,322296599,322312320,322312320,320594553,320594553,319074741,319074741,316858383,316858383,316422387,316422387,
		351160519,48510028,351160519,351586403,48510028,351586403,345301305,48510028,345301305,295424569,48510028,295424569,27242616,48510028,27242616,49542975,48510028,49542975,37375085,48510028,37375085,28237073,48510028,28237073,319683260,48510028,319683260,54544695,48510028,54544695,
	
电子游戏	无锡	349675596,349675596,306052079,306052079,335080274,335080274,348170758,348170758,59838253,59838253,345313028,345313028,344614333,344614333,313579611,313579611,337098386,337098386,339166798,339166798,
	La Solitude	340906884,340906884,344897808,344897808,37100340,37100340,345969134,345969134,343885873,343885873,343592935,343592935,330210734,330210734,341534875,341534875,343003845,343003845,342239343,342239343,
	刘昊然	311751275,48510028,311751275,37443939,48510028,37443939,279051216,48510028,279051216,
互联网	天津	344447657,48509984,344447657,345974014,48509984,345974014,344238219,48509984,344238219,340878015,48509984,340878015,342738887,48509984,342738887,336943990,48509984,336943990,342642945,48509984,342642945,341083290,48509984,341083290,338522586,48509984,338522586,308948360,48509984,308948360,
高新科技		350804634,350804634,350684748,350684748,349753780,349753780,36282782,36282782,348376942,348376942,323507871,323507871,346942899,346942899,347057268,347057268,346723439,346723439,346369951,346369951,
计算机硬件	上海	334022211,48510028,334022211,68610788,48510028,68610788,65742104,48510028,65742104,65349875,48510028,65349875,65385616,48510028,65385616,34104219,48510028,34104219,37789478,48510028,37789478,62446541,48510028,62446541,61755343,48510028,61755343,60747316,48510028,60747316,
互联网	北京	
基础教育	悉尼	333075995,333075995,28471569,28471569,274857343,274857343,313405690,313405690,313786265,313786265,46349433,46349433,32191465,32191465,278375287,278375287,30502941,30502941,276351143,276351143,
高新科技	旧金山湾区	64613647,64613647,34397173,34397173,321431156,321431156,274286824,274286824,303137080,303137080,302142701,302142701,63352727,63352727,299757569,299757569,299954813,299954813,299374370,299374370,
互联网	成都	
教育	叶修	62705051,62705051,311425277,311425277,40000616,40000616,267346432,267346432,20883403,20883403,55469482,55469482,319722198,319722198,303357472,303357472,301459876,301459876,25658140,25658140,
	肥乐乐	
互联网	上海	270178326,270178326,313562705,313562705,308736799,308736799,307594373,307594373,39700586,39700586,45646163,45646163,291228490,291228490,24860918,24860918,280851688,280851688,20671869,20671869,
计算机软件		347276611,347276611,308115396,308115396,348196899,348196899,335939071,335939071,345385657,345385657,335188625,335188625,285916555,285916555,31160190,31160190,311020383,311020383,28544340,28544340,
	李睿珺	288343937,48510028,288343937,285141801,48510028,285141801,59621349,48510028,59621349,19569560,48510028,19569560,63411877,48510028,63411877,31059019,48510028,31059019,59616721,48510028,59616721,
高新科技	何静回来了	349405067,349405067,344313665,344313665,351426844,351426844,309141897,309141897,351886822,351886822,351757732,351757732,351316749,351316749,350788959,350788959,351412702,351412702,351014096,351014096,
旅游	世界	349598228,48509984,349598228,19851528,48509984,19851528,344250849,48509984,344250849,318446058,48509984,318446058,324250123,48509984,324250123,322314853,48509984,322314853,321467115,48509984,321467115,50608844,48509984,50608844,321168776,48509984,321168776,321197042,48509984,321197042,
通信	北京市	352317075,352317075,351999899,351999899,266367293,266367293,350989420,350989420,350926889,350926889,350244987,350244987,348895052,348895052,347577574,347577574,347915750,347915750,347835043,347835043,
证券投资	辽宁	352124873,352124873,341345227,341345227,327035700,327035700,323905274,323905274,320818450,320818450,320630503,320630503,319540484,319540484,318507344,318507344,303772441,303772441,309433180,309433180,
	楚天都市豹	322220241,322220241,268189551,268189551,293147690,293147690,348272484,348272484,347807604,347807604,347199226,347199226,347226323,347226323,31729045,31729045,313559574,313559574,345409356,345409356,
互联网	北京	
法律	中国、美国、加拿大	352108632,352108632,351165549,351165549,351911584,351911584,340889121,340889121,278581281,278581281,350875999,350875999,350595678,350595678,34279916,34279916,347448236,347448236,348859803,348859803,
互联网	徐州	339713888,339713888,338159500,338159500,336973522,336973522,337030534,337030534,336526419,336526419,22233183,22233183,323543104,323543104,19674944,19674944,
计算机软件	北京	35665963,35665963,350940491,350940491,352004365,352004365,350460694,350460694,351695401,351695401,300735799,300735799,351747235,351747235,343118354,343118354,340229645,340229645,351214586,351214586,
	成都	330955132,330955132,330561974,330561974,263536025,263536025,317050123,317050123,279832177,279832177,55166678,55166678,273666121,273666121,269077372,269077372,268163299,268163299,267122728,267122728,
		
市场推广	上海	350692548,350692548,343156335,343156335,277729647,277729647,267460120,267460120,265897448,265897448,263993988,263993988,31585484,31585484,264007349,264007349,263849470,263849470,263635895,263635895,
金融	上海	38252857,38252857,25379627,25379627,
咨询分析	辽宁	342742209,342742209,341270981,341270981,340153092,340153092,341624958,341624958,340157462,340157462,341399612,341399612,335686178,335686178,288958450,288958450,331671589,331671589,335134802,335134802,
	北京	351977486,351977486,340124728,340124728,324898668,324898668,320958359,320958359,298669127,298669127,306240430,306240430,303015505,303015505,267182661,267182661,302557005,302557005,22605761,22605761,
非营利组织		20638014,20638014,345804190,345804190,343082204,343082204,54117103,54117103,334886485,334886485,266449349,266449349,333591499,333591499,41584633,41584633,27713828,27713828,276354698,276354698,
科研	北京	19640394,19640394,59101630,59101630,19826366,19826366,52607272,52607272,52621774,52621774,43633361,43633361,40950765,40950765,
计算机软件	编程语言	53303102,48509984,53303102,30932305,48509984,30932305,321677995,48509984,321677995,47071567,48509984,47071567,313312583,48509984,313312583,312305896,48509984,312305896,309814344,48509984,309814344,303886130,48509984,303886130,298442942,48509984,298442942,292605551,48509984,292605551,
互联网	百度	
广播电视	会长	352211856,352211856,352481584,352481584,352285995,352285995,351958376,351958376,352060806,352060806,352026526,352026526,351185742,351185742,282077362,282077362,349262750,349262750,349172813,349172813,
	新加坡	
畜牧养殖业	北京	352473175,352473175,33220674,33220674,287524343,287524343,306535168,306535168,352108632,352108632,351787265,351787265,352075702,352075702,334316502,334316502,338967544,338967544,351893135,351893135,
电子商务	暨南大学 (JNU)	60665247,60665247,
创意艺术	成都	35482151,48509984,35482151,39655195,48509984,39655195,20815827,48509984,20815827,34820799,48509984,34820799,28414112,48509984,28414112,65198828,48509984,65198828,29217212,48509984,29217212,20437307,48509984,20437307,23869960,48509984,23869960,23195201,48509984,23195201,
艺术娱乐		287316276,287316276,22561649,22561649,61236554,61236554,60634594,60634594,21850238,21850238,55966516,55966516,40021989,40021989,29517463,29517463,23796947,23796947,22927349,22927349,
临床医疗	飒姐	345606113,48510028,345606113,35682635,48510028,35682635,38827553,48510028,38827553,275605748,48510028,275605748,351341159,48510028,351341159,45676793,48510028,45676793,340502307,48510028,340502307,350961606,48510028,350961606,348049253,48510028,348049253,329880884,48510028,329880884,
科研	海淀区	352384014,48510028,352384014,352108632,48510028,352108632,351857255,48510028,351857255,48300695,48510028,48300695,274978007,48510028,274978007,22930891,48510028,22930891,335140617,48510028,335140617,278155816,48510028,278155816,344405727,48510028,344405727,351574168,48510028,351574168,
	钟樱	340981015,340981015,342165058,342165058,342345216,342345216,350184910,350184910,
计算机软件	浙江大学	335768119,335768119,326572085,326572085,319681005,319681005,309647606,309647606,306558973,306558973,302254302,302254302,296638233,296638233,275281718,275281718,267434623,267434623,264077217,264077217,
计算机软件	西雅图（Seattle）	337481109,337481109,352498895,352498895,352171277,352171277,351386257,351386257,350801376,350801376,343979039,343979039,352116266,352116266,351820283,351820283,347670274,347670274,341544600,341544600,
	白泽	352348769,352348769,52397668,52397668,351167474,351167474,351219957,351219957,350292725,350292725,349964759,349964759,348959251,348959251,341415289,341415289,343585330,343585330,329374722,329374722,
互联网	北京	
	杭州	
	协和医学杂志	333861991,48510028,333861991,333758724,48510028,333758724,327173585,48510028,327173585,315483381,48510028,315483381,314984303,48510028,314984303,315198313,48510028,315198313,314559918,48510028,314559918,314995619,48510028,314995619,315050004,48510028,315050004,313250172,48510028,313250172,
	香港	321245626,48510028,321245626,28109978,48510028,28109978,309818306,48510028,309818306,20104381,48510028,20104381,284209426,48510028,284209426,22821862,48510028,22821862,40161363,48510028,40161363,23730582,48510028,23730582,304473490,48510028,304473490,19573169,48510028,19573169,
审计	英国	
计算机软件	Lindwurmstr. 82, Munich	340364388,340364388,313925378,313925378,303496312,303496312,53601250,286926593,286926593,47111443,47111443,281888865,281888865,51045335,51045335,266685012,266685012,68523075,68523075,59151308,59151308,
	亚利桑那州立大学（Arizona State University)	351032589,351032589,61351385,61351385,348046007,348046007,40126184,40126184,319903354,319903354,345682644,345682644,335146173,335146173,27556899,27556899,343216458,343216458,344023175,344023175,
	上海	
	同济大学	21024654,21024654,24313494,24313494,30546392,30546392,25559024,25559024,22161006,22161006,28347866,28347866,35854146,35854146,22180095,22180095,32294347,32294347,23542988,23542988,
科研	珀斯	351766115,48510028,351766115,342066985,48510028,342066985,37712150,48510028,37712150,350292725,48510028,350292725,349045610,48510028,349045610,349697452,48510028,349697452,348931011,48510028,348931011,347646586,48510028,347646586,347208973,48510028,347208973,346901236,48510028,346901236,
	英雄联盟	351718017,48510028,351718017,352265033,48510028,352265033,351699096,48510028,351699096,344241475,48510028,344241475,351681720,48510028,351681720,351698889,48510028,351698889,351693712,48510028,351693712,351648426,48510028,351648426,351498732,48510028,351498732,351242456,48510028,351242456,
计算机软件	新加坡	264166469,264166469,19612472,19612472,19612472,263709529,263709529,24511852,24511852,47452307,47452307,47609627,47609627,23088314,23088314,31268784,31268784,
出版业	上海	349083438,349083438,336840672,336840672,282150931,282150931,350072008,350072008,263505768,263505768,349385717,349385717,300834730,300834730,347843454,347843454,347888264,347888264,347732517,347732517,
房地产	上海	311714195,311714195,299007910,299007910,325924037,325924037,20813905,20813905,38469581,38469581,31583274,31583274,57448693,57448693,321466144,321466144,317791296,317791296,270172906,270172906,
保险	纽约	317777040,317777040,59799941,59799941,21796777,21796777,295860714,295860714,295023848,295023848,269794511,269794511,288101608,288101608,275527522,275527522,53961096,53961096,65141072,65141072,
	SUPERMONKEY超级猩猩	20812093,48510028,20812093,20191226,48510028,20191226,23698578,48510028,23698578,273985950,48510028,273985950,19932944,48510028,19932944,35787067,48510028,35787067,45562159,48510028,45562159,279185158,48510028,279185158,21860339,48510028,21860339,25103240,48510028,25103240,
	路丁	351188965,351188965,351174541,351174541,349460049,349460049,343584413,343584413,340584433,340584433,337689453,337689453,307906704,307906704,318915524,318915524,333446571,333446571,38142366,38142366,
	
高新科技	霁月南路137号	36205149,36205149,348984644,348984644,345159729,345159729,337431788,337431788,344047406,344047406,343262973,343262973,341573519,341573519,343218812,343218812,341120582,341120582,57157238,57157238,
电子游戏	香港	341560726,48509984,341560726,346818371,48509984,346818371,346566936,48509984,346566936,346533813,48509984,346533813,340486237,48509984,340486237,285989317,48509984,285989317,333567126,48509984,333567126,332903736,48509984,332903736,323238821,48509984,323238821,321810139,48509984,321810139,
法律	东莞	277132148,277132148,349454226,349454226,349937232,349937232,341449450,341449450,351205719,351205719,345593418,345593418,349568449,349568449,350672274,350672274,349758275,349758275,20226908,20226908,
互联网	相逢不美好	297340933,297340933,266937897,266937897,
	北京	275462890,275462890,308841981,308841981,49552737,49552737,284553801,284553801,47419097,47419097,29267998,29267998,40046091,40046091,32197634,32197634,46443363,46443363,29077475,29077475,
艺术娱乐	北京	301785514,301785514,290221285,290221285,288741830,288741830,
出版业	北京市	
咨询分析	浙江杭州	349631956,48510028,349631956,284108742,48510028,284108742,329803665,48510028,329803665,339340402,48510028,339340402,331415012,48510028,331415012,331323988,48510028,331323988,330741763,48510028,330741763,333296806,48510028,333296806,20082759,48510028,20082759,316877706,48510028,316877706,
	大象公会	52564633,48510028,52564633,20772373,48510028,20772373,53477508,48510028,53477508,52211505,48510028,52211505,35079475,48510028,35079475,348882861,48510028,348882861,20360563,48510028,20360563,20263108,48510028,20263108,52927561,48510028,52927561,267734238,48510028,267734238,
计算机软件	北京	348811511,348811511,347495742,347495742,346895765,346895765,326298624,326298624,271688684,271688684,333014841,333014841,333022816,333022816,328920058,328920058,331578036,331578036,332108091,332108091,
互联网	杭州	64673400,64673400,341175460,341175460,349575137,349575137,344293653,344293653,338904971,338904971,336809415,336809415,331754617,331754617,337486846,337486846,337210934,337210934,335556499,335556499,
创意艺术	深圳市	349753812,349753812,351634719,351634719,339241053,339241053,351001888,351001888,349170177,349170177,349673409,349673409,348822629,348822629,349881791,349881791,349277924,349277924,21816046,21816046,
互联网	武汉	344475215,344475215,280597361,280597361,334293169,334293169,317438468,317438468,311479208,311479208,311381858,311381858,26978967,26978967,302311885,302311885,304706190,304706190,309323544,309323544,
电子游戏	上海	346735133,48510028,346735133,343123306,48510028,343123306,34845154,48510028,34845154,338438233,48510028,338438233,323681477,48510028,323681477,21713209,48510028,21713209,333842651,48510028,333842651,337109682,48510028,337109682,26382065,48510028,26382065,334890951,48510028,334890951,
房地产		351275139,351275139,62114631,62114631,28444782,28444782,268169877,268169877,55235683,55235683,264285024,264285024,344054306,344054306,342056290,342056290,340424050,340424050,339916382,339916382,
	苏宁大狮兄	304753910,48510028,304753910,35925659,48510028,35925659,318692916,48510028,318692916,319404773,48510028,319404773,23386750,48510028,23386750,25039418,48510028,25039418,20275569,48510028,20275569,319667576,48510028,319667576,40234499,48510028,40234499,36780848,48510028,36780848,
互联网	北京	55802120,55802120,26545657,26545657,39827113,39827113,341419549,341419549,345624572,345624572,342016897,342016897,296473642,296473642,57270069,57270069,320559495,320559495,61195942,61195942,

	杭州	347698741,347698741,325629936,325629936,292038253,292038253,267121800,267121800,68242379,68242379,48361342,48361342,47518789,47518789,41502470,41502470,41503961,41503961,
幼儿教育	波士顿	287407851,48510028,287407851,286798701,48510028,286798701,285792063,48510028,285792063,286005383,48510028,286005383,285689267,48510028,285689267,28834008,48510028,28834008,284237325,48510028,284237325,65947665,48510028,65947665,19621144,48510028,19621144,20503345,48510028,20503345,
创意艺术	杭州	311579188,311579188,23411513,23411513,312808705,312808705,23564342,23564342,54439130,54439130,28171212,28171212,308266583,308266583,61268193,61268193,269992655,269992655,28382597,28382597,
高新科技	波士顿	326780069,326780069,266574241,266574241,24291763,24291763,62094274,62094274,268553436,268553436,19643150,19643150,20406962,20406962,59484809,59484809,
	精读君	284519710,48510028,284519710,
图书馆	北京市	343959308,343959308,336607324,336607324,26585587,26585587,339352311,339352311,336410972,336410972,328555658,328555658,24885330,24885330,310681355,310681355,320787010,320787010,320425310,320425310,
临床医疗	北京	59493141,59493141,
	即刻运动Official	311518017,48510028,311518017,24161916,48510028,24161916,344909027,48510028,344909027,21724420,48510028,21724420,34975691,48510028,34975691,347244638,48510028,347244638,35950533,48510028,35950533,267994426,48510028,267994426,49947465,48510028,49947465,301681246,48510028,301681246,
互联网	南京	30472773,30472773,36442613,36442613,29753074,29753074,48109458,48109458,35165938,35165938,39101301,39101301,36525989,36525989,39339268,39339268,32201872,32201872,35689407,35689407,
	英国	39996448,39996448,63555308,63555308,32210359,32210359,55454723,55454723,52533563,52533563,47410135,47410135,49266846,49266846,44188299,44188299,35337595,35337595,39122850,33593693,33593693,41241623,
	茄子奈奈奈	27862811,27862811,
	深度学习（Deep Learning）	341078909,48509984,341078909,268890297,48509984,268890297,338081740,48509984,338081740,263681009,48509984,263681009,68695865,48509984,68695865,68679487,48509984,68679487,68375817,48509984,68375817,68242379,48509984,68242379,67261920,48509984,67261920,47548097,48509984,47548097,
	郎朗	
	北京	
	吴sir	338103015,338103015,322635839,322635839,351509989,351509989,351157128,351157128,21230668,21230668,268165456,268165456,295229872,295229872,351400853,351400853,349786180,349786180,41251486,41251486,
	知乎汽车	343499950,48510028,343499950,327035700,
	企鹅吃喝指南	342976772,48510028,342976772,31388371,48510028,31388371,22062142,48510028,22062142,24078631,48510028,24078631,299046724,48510028,299046724,29037500,48510028,29037500,22293945,48510028,22293945,24584472,48510028,24584472,39845930,48510028,39845930,68305842,48510028,68305842,
互联网	沈阳	306103340,306103340,326259198,326259198,39685518,39685518,51597991,51597991,300005458,300005458,35367423,35367423,287557262,287557262,35890955,35890955,277647427,277647427,22150574,22150574,
机械设备	武汉	303903382,303903382,322320886,322320886,62302505,62302505,61850450,61850450,
	
创意艺术	北京	351512686,351512686,349175130,349175130,351413532,351413532,343600519,343600519,350937823,350937823,348003746,348003746,347839037,347839037,347832922,347832922,349126598,349126598,346122954,346122954,
互联网	子不语	275930989,275930989,21446833,21446833,21459243,21459243,67042059,67042059,21867404,21867404,27168549,27168549,66168407,66168407,65270605,65270605,37675775,37675775,58721652,58721652,
科研	美国	56880226,48509984,56880226,25991886,48509984,25991886,39269901,48509984,39269901,44719093,48509984,44719093,41500074,48509984,41500074,41143055,48509984,41143055,39155861,48509984,39155861,24701369,48509984,24701369,37669009,48509984,37669009,20276650,48509984,20276650,
	北京	38414273,38414273,20523075,20523075,20217368,20217368,20162819,20162819,20157740,20157740,19914157,19914157,19903377,19903377,19859503,19859503,19857451,19857451,19856684,19856684,
互联网	上海	32189846,48510028,32189846,32221970,48510028,32221970,30499150,48510028,30499150,24290336,48510028,24290336,20381615,48510028,20381615,
家具	北京	352173424,48510028,352173424,23932178,48510028,23932178,351782671,48510028,351782671,351179285,48510028,351179285,59140775,48510028,59140775,299598737,48510028,299598737,347276611,48510028,347276611,63580473,48510028,63580473,19855515,48510028,19855515,35688510,48510028,35688510,
金融	上海	298521066,298521066,307742634,307742634,310696955,310696955,326610927,326610927,38510046,38510046,323043529,323043529,294331369,294331369,320563730,320563730,63208770,63208770,66231890,66231890,
创意艺术	尼堪巴图鲁	337568352,337568352,21442920,21442920,
机械设备	上海	352473175,352473175,296341726,296341726,346221070,346221070,342016897,342016897,337047982,337047982,38874699,38874699,324804780,324804780,325703720,325703720,325468160,325468160,54059355,54059355,
	
	西南财经大学	306913832,306913832,343426120,343426120,59830317,59830317,26011041,26011041,340023541,340023541,338889932,338889932,332546275,332546275,28240791,28240791,286995978,286995978,264007570,264007570,
渔业	知乎用户	
	摘果子	34925785,34925785,350171737,350171737,56535200,56535200,315302654,315302654,339509684,339509684,36568426,36568426,325976130,325976130,329697643,329697643,294692727,294692727,319636771,319636771,
计算机硬件		318640569,318640569,318196712,318196712,317077307,317077307,310925332,310925332,51186122,51186122,309742224,309742224,305278806,305278806,300967426,300967426,64460892,64460892,279143567,279143567,
服务业	知乎用户	
临床医疗	北京	351116257,48509984,351116257,349705422,48509984,349705422,343862428,48509984,343862428,342402784,48509984,342402784,342201008,48509984,342201008,340994102,48509984,340994102,340923924,48509984,340923924,30674383,48509984,30674383,338364708,48509984,338364708,340963157,48509984,340963157,
博物馆	wqqw	24280664,24280664,30026369,30026369,23645117,23645117,336446443,336446443,344517681,344517681,23705245,23705245,20895638,20895638,
军火	tombkeeper	349668587,48509984,349668587,329056193,48509984,329056193,349937232,48509984,349937232,264311135,48509984,264311135,345660118,48509984,345660118,310021423,48509984,310021423,323926365,48509984,323926365,340272932,48509984,340272932,59697770,48509984,59697770,337189344,48509984,337189344,
	陈佩斯	274629543,48510028,274629543,274989914,48510028,274989914,43475432,48510028,43475432,36704909,48510028,36704909,23038648,48510028,23038648,
	谷歌开发者	345145839,48510028,345145839,343385341,48510028,343385341,40099190,48510028,40099190,49909565,48510028,49909565,32037895,48510028,32037895,22213757,48510028,22213757,20042084,48510028,20042084,46495381,48510028,46495381,
创意艺术		25654797,48509984,25654797,345759218,48509984,345759218,67773477,48509984,67773477,287913017,48509984,287913017,20437002,48509984,20437002,285414258,48509984,285414258,284336042,48509984,284336042,281195771,48509984,281195771,267580760,48509984,267580760,264750381,48509984,264750381,
公关	上海市	23035564,48510028,23035564,348419019,48510028,348419019,264818636,48510028,264818636,342091014,48510028,342091014,345383749,48510028,345383749,340917587,48510028,340917587,340988510,48510028,340988510,332546275,48510028,332546275,337696478,48510028,337696478,61348045,48510028,61348045,
		54318576,54318576,313063762,313063762,304491894,304491894,295092855,295092855,298523503,298523503,304945693,304945693,302705988,302705988,297636916,297636916,279174065,279174065,68484929,68484929,
	新加坡	352321180,352321180,352003291,352003291,351267177,351267177,351008170,351008170,345301305,345301305,350655973,350655973,346311024,346311024,347123695,347123695,340889121,340889121,337931218,337931218,
计算机软件	小码农	
	日本	350123392,350123392,338871479,338871479,297927560,297927560,336154130,336154130,31779643,31779643,20867390,20867390,330978076,330978076,330713665,330713665,316608391,316608391,21971971,21971971,
	六翼天使	
汽车	北京	51286845,51286845,
法律	合肥	346655267,48510028,346655267,313564280,48510028,313564280,344480944,48510028,344480944,341991844,48510028,341991844,339266482,48510028,339266482,19831242,48510028,19831242,335189221,48510028,335189221,338270736,48510028,338270736,19671232,48510028,19671232,310186247,48510028,310186247,
政府	小公主	342109470,342109470,337531740,337531740,342382817,342382817,285712880,285712880,339751218,339751218,337906954,337906954,334502315,334502315,329886913,329886913,54648916,54648916,329751698,329751698,
互联网	南京市	
资本投资	成都	21287801,48510028,21287801,339048496,48510028,339048496,309668321,48510028,309668321,51346594,48510028,51346594,334692945,48510028,334692945,333199024,48510028,333199024,285222414,48510028,285222414,326644958,48510028,326644958,29533292,48510028,29533292,267994120,48510028,267994120,
计算机软件	地球	352525281,352525281,342837444,342837444,350293193,350293193,339331979,339331979,345177109,345177109,349935344,349935344,351407397,351407397,344132111,344132111,307367284,307367284,351879403,351879403,
资本投资	成都	317634097,317634097,349386368,349386368,346244006,346244006,344830077,344830077,341551803,341551803,344391915,344391915,344941878,344941878,320897284,320897284,339153788,339153788,337519430,337519430,
高等教育	低调雾雨霏霏	350941625,48510028,350941625,267498623,48510028,267498623,351201631,48510028,351201631,266900717,48510028,266900717,327569177,48510028,327569177,349552588,48510028,349552588,348672213,48510028,348672213,290883584,48510028,290883584,345733914,48510028,345733914,347345362,48510028,347345362,
政府	北京市	344994254,344994254,348181968,348181968,349972570,349972570,347604769,347604769,346709712,346709712,330778881,330778881,344596594,344596594,346609238,346609238,343644892,343644892,297180397,297180397,
	李四	
给排水	北京	312074675,312074675,38173127,38173127,339190931,339190931,335117881,335117881,335754530,335754530,268218579,268218579,277577266,277577266,323914264,323914264,323452789,323452789,312679644,312679644,
	朱一聪	333301405,333301405,332080851,332080851,325999390,325999390,49688274,49688274,270732348,270732348,322309004,322309004,263901094,263901094,315282781,315282781,265598313,265598313,318696303,318696303,
互联网	杭州	351426844,351426844,352084212,352084212,351106143,351106143,351180302,351180302,350411823,350411823,308115396,308115396,336267047,336267047,319158572,319158572,347469966,347469966,21287801,21287801,
互联网	北京	30835066,48510028,30835066,347298280,48510028,347298280,345105962,48510028,345105962,344763924,48510028,344763924,344025518,48510028,344025518,36602163,48510028,36602163,19689626,48510028,19689626,334329380,48510028,334329380,333572155,48510028,333572155,332733540,48510028,332733540,
	北京	348351096,48510028,348351096,338818657,48510028,338818657,329802213,48510028,329802213,327450549,48510028,327450549,307906704,48510028,307906704,335709559,48510028,335709559,40175858,48510028,40175858,330068726,48510028,330068726,311841841,48510028,311841841,40730965,48510028,40730965,
科研	北京	59996277,48509984,59996277,51259811,48509984,51259811,31247290,48509984,31247290,28103274,48509984,28103274,27844787,48509984,27844787,24330420,48509984,24330420,25311180,48509984,25311180,24495876,48509984,24495876,24789930,48509984,24789930,21010825,48509984,21010825,
互联网	北京	

	广州市	20770313,20770313,315801030,315801030,26442953,26442953,35536538,35536538,31141380,31141380,60937931,60937931,21251847,21251847,268395554,268395554,300603515,300603515,295454420,295454420,
科研	北京市	281084768,48510028,281084768,278594044,48510028,278594044,337177709,48510028,337177709,329053471,48510028,329053471,296104180,48510028,296104180,296443889,48510028,296443889,296403948,48510028,296403948,290014218,48510028,290014218,295946933,48510028,295946933,294779600,48510028,294779600,
	小周会暴富	24422552,24422552,62188849,62188849,294196112,294196112,58940298,58940298,62661312,62661312,
计算机软件	Andiry	36254282,36254282,
咨询分析	北京	
咨询分析	猫耳朵	30589778,30589778,337972584,337972584,340233689,340233689,264586362,264586362,21236058,21236058,66342367,66342367,22008690,22008690,27760343,27760343,274375965,274375965,326923966,326923966,
	马上科普	309997267,48510028,309997267,
	北京	303610199,303610199,21321799,21321799,
餐饮	杭州	62034453,48509984,62034453,21096649,48509984,21096649,46031129,48509984,46031129,62930336,48509984,62930336,54817888,48509984,54817888,56201711,48509984,56201711,56201709,48509984,56201709,56201648,48509984,56201648,23538008,48509984,23538008,34681219,48509984,34681219,
高等教育	北京大学	351537431,351537431,345718537,345718537,345564963,345564963,345365328,345365328,344333219,344333219,339847376,339847376,308894208,308894208,322139752,322139752,336418328,336418328,333244832,333244832,
	知乎用户	
计算机软件	杭州	
高新科技	圣地亚哥	54680196,48509984,54680196,24256129,48509984,24256129,52712742,48509984,52712742,52093346,48509984,52093346,50191421,48509984,50191421,46019950,48509984,46019950,35398673,48509984,35398673,28367567,48509984,28367567,41270297,48509984,41270297,41075488,48509984,41075488,
互联网	上海	38101491,38101491,27177839,27177839,64061457,64061457,346895765,346895765,277473017,277473017,320632424,320632424,312690764,312690764,63061016,63061016,304854424,304854424,60838109,60838109,
	上海	328571237,328571237,327398945,327398945,27720275,27720275,320843451,320843451,303985265,303985265,53973565,53973565,19603240,19603240,28125763,28125763,292091101,292091101,39980844,39980844,
互联网	上海	34637944,34637944,60850945,60850945,23518616,23518616,56367870,56367870,38892159,49922810,52162961,49160461,49160461,48493375,48493375,36957776,36957776,
互联网	上海市	23159126,48509984,23159126,290941427,48509984,290941427,37338679,48509984,37338679,19803439,48509984,19803439,19980571,48509984,19980571,23978536,48509984,23978536,21598827,48509984,21598827,22583500,48509984,22583500,33406340,48509984,33406340,21644143,48509984,21644143,
		341988101,341988101,342873584,342873584,350827215,350827215,330676375,330676375,351028181,351028181,327635458,327635458,348132267,348132267,350656338,350656338,339861346,339861346,27441184,27441184,
法律		346930548,346930548,346648714,346648714,276307864,276307864,268387460,268387460,299528616,299528616,263954039,263954039,265849570,265849570,35035813,35035813,338661820,338661820,28037924,28037924,
互联网	杭州	
互联网	北京	19617641,19617641,325820427,325820427,20468146,20468146,309640981,309640981,299964164,299964164,307373539,307373539,307106209,307106209,266343919,266343919,297225697,297225697,300601196,300601196,
信息传媒	中国	351825376,48510028,351825376,352338606,48510028,352338606,22734120,48510028,22734120,28834990,48510028,28834990,349944053,48510028,349944053,350401307,48510028,350401307,351503468,48510028,351503468,350436568,48510028,350436568,349568449,48510028,349568449,33498987,48510028,33498987,
	比企鹅	347690076,347690076,347933096,347933096,342905204,342905204,340386337,340386337,344208187,344208187,326551396,326551396,
人力资源	物理学	
	RouteThirtyOne	55105354,55105354,
体育健身		26379252,26379252,330594493,330594493,21476390,21476390,345211675,345211675,286280641,286280641,61118263,61118263,346481738,346481738,349675424,349675424,337372247,337372247,57699840,57699840,
出版业	王威	325020554,325020554,57689411,57689411,307917085,307917085,304382928,304382928,316937018,316937018,282785964,282785964,322145380,322145380,321773825,321773825,320459897,320459897,319774219,319774219,
	赵立群	319923069,319923069,282469494,282469494,29194382,29194382,265001482,265001482,62930336,62930336,62518530,62518530,61616681,61616681,
	尤魅	297102136,297102136,349781196,349781196,349219270,349219270,344898179,344898179,313046768,313046768,297709209,297709209,322175199,322175199,46754682,46754682,328198853,328198853,319009678,319009678,
	
互联网		334968358,334968358,296638008,296638008,320955000,320955000,326705385,326705385,331644255,331644255,331530940,331530940,21572307,21572307,325144561,325144561,324693100,324693100,325706820,325706820,
临床医疗	保定	350675490,350675490,350212277,350212277,342847469,342847469,347495742,347495742,331193303,331193303,288730264,288730264,46340412,46340412,321725622,321725622,298318626,298318626,317404505,317404505,
临床医疗	杭州	352181117,48510028,352181117,352059823,48510028,352059823,352021612,48510028,352021612,321071996,48510028,321071996,286733591,48510028,286733591,312513933,48510028,312513933,21279989,48510028,21279989,340891348,48510028,340891348,336287525,48510028,336287525,340134550,48510028,340134550,
计算机软件		352185377,352185377,351545907,351545907,307549856,307549856,347831576,347831576,350840449,350840449,351336288,351336288,64098717,64098717,351292247,351292247,347715386,347715386,349088839,349088839,
	君生	294824127,294824127,67049681,67049681,59595588,59595588,277331468,277331468,286285858,286285858,280597361,280597361,266066566,266066566,68420563,68420563,271552579,271552579,264247285,264247285,
咨询分析	上海	352299328,352299328,352228356,352228356,351806204,351806204,351125954,351125954,351014096,351014096,350675490,350675490,350043460,350043460,348350686,348350686,347469966,347469966,346450641,346450641,
教育	硅谷	349617188,48510028,349617188,306755192,48510028,306755192,325926441,48510028,325926441,344827837,48510028,344827837,342851317,48510028,342851317,58389726,48510028,58389726,47045516,48510028,47045516,334437374,48510028,334437374,331318550,48510028,331318550,328706215,48510028,328706215,
	广州市	328806584,328806584,264776227,264776227,46221242,46221242,64013956,64013956,328527594,328527594,309126366,309126366,21564651,21564651,44945488,44945488,312354451,312354451,48401749,48401749,
体育健身	深圳市	30146575,30146575,23727739,23727739,306054024,306054024,39543227,39543227,28248712,28248712,20770313,20770313,56344090,56344090,28577833,28577833,27051153,27051153,24267264,24267264,
互联网	北京	47863187,48509984,47863187,36274559,48509984,36274559,350280736,48509984,350280736,350292725,48509984,350292725,296408917,48509984,296408917,319692528,48509984,319692528,348033471,48509984,348033471,347011915,48509984,347011915,272483562,48509984,272483562,347393555,48509984,347393555,
高新科技	北京	
互联网	北京	31147867,48510028,31147867,305664270,48510028,305664270,324666769,48510028,324666769,320650054,48510028,320650054,320217334,48510028,320217334,317383267,48510028,317383267,304788445,48510028,304788445,310297241,48510028,310297241,312025216,48510028,312025216,310289028,48510028,310289028,
临床医疗	北京	36378816,36378816,348639185,348639185,20759772,20759772,20976654,20976654,338590379,338590379,20776172,20776172,35667984,35667984,303672817,303672817,24947219,24947219,329358603,329358603,
互联网	杭州	314436710,314436710,310110592,310110592,313340115,313340115,278342391,278342391,309913486,309913486,308662400,308662400,293672941,293672941,62434024,62434024,307651934,307651934,307960107,307960107,
咨询分析	广州市	
公共服务	河北省	31856430,31856430,285692647,285692647,32229128,32229128,342188784,342188784,352139692,352139692,342237776,342237776,20593151,20593151,352189732,352189732,302726763,302726763,351401682,351401682,
	广西	
互联网	北京	351312949,351312949,290410827,290410827,351031937,351031937,337986875,337986875,350484084,350484084,347272172,347272172,351077204,351077204,339405132,339405132,351018078,351018078,350379767,350379767,
计算机软件	北京	336304380,336304380,309838203,309838203,300017475,300017475,265995237,265995237,292232005,292232005,27239198,27239198,29531839,29531839,286048535,286048535,27699863,27699863,278326836,278326836,
高等教育	北京	350857182,48510028,350857182,329880884,48510028,329880884,350072008,48510028,350072008,348719316,48510028,348719316,344974234,48510028,344974234,348260714,48510028,348260714,304529389,48510028,304529389,347699747,48510028,347699747,347495742,48510028,347495742,21362402,48510028,21362402,
互联网	北京	20959251,20959251,19858663,19858663,21395779,21395779,20666407,20666407,20100376,20100376,21109326,21109326,20940551,20940551,20962110,20962110,20688706,20688706,20642534,20642534,
	北京市	343254911,48510028,343254911,326133169,48510028,326133169,342619301,48510028,342619301,20900895,48510028,20900895,41469827,48510028,41469827,305574501,48510028,305574501,267180481,48510028,267180481,331151589,48510028,331151589,343585330,48510028,343585330,340895540,48510028,340895540,
政府		345792807,345792807,349607774,349607774,284806413,284806413,340432511,340432511,334985460,334985460,321794855,321794855,329919203,329919203,288831030,288831030,321632090,321632090,295301251,295301251,
临床医疗	成都高新区	351160519,351160519,347132021,347132021,347205573,347205573,344356880,344356880,343889083,343889083,344420346,344420346,341949268,341949268,319477865,319477865,337708585,337708585,336603493,336603493,
非营利组织	日本文学	332360900,48509984,332360900,26468776,48509984,26468776,284372187,48509984,284372187,292136715,48509984,292136715,288332149,48509984,288332149,284088558,48509984,284088558,25149617,48509984,25149617,47439534,48509984,47439534,279748825,48509984,279748825,61341312,48509984,61341312,

	李天飞	20085839,48510028,20085839,40791432,48510028,40791432,29255142,48510028,29255142,
	山东	350692548,350692548,348651975,348651975,332207121,332207121,20211500,20211500,331146875,331146875,297873085,297873085,61704766,61704766,29251878,29251878,
	Aamir Khan	60525140,48510028,60525140,26961201,48510028,26961201,305296091,48510028,305296091,
	七月在线	350940491,350940491,351886244,351886244,343407265,343407265,349405067,349405067,339417870,339417870,351676165,351676165,21669554,21669554,351054793,351054793,23165812,23165812,339068307,339068307,
	Texas A&M University	351407397,351407397,341480735,341480735,338321461,338321461,61707207,61707207,347108878,347108878,346522169,346522169,339944846,326623299,326623299,344181887,344181887,343965012,343965012,299038204,299038204,
零售	北京	37590604,37590604,34654428,34654428,29217164,29217164,27739824,27739824,28654830,28654830,28534508,28534508,28539994,28539994,
	jasoncpits	269145476,269145476,280870989,280870989,
	北京	352231492,48510028,352231492,298890631,48510028,298890631,351029003,48510028,351029003,47837871,48510028,47837871,345461167,48510028,345461167,347947112,48510028,347947112,322648729,48510028,322648729,345313028,48510028,345313028,344635378,48510028,344635378,344632668,48510028,344632668,
	荷兰 鹿特丹	345138128,345138128,341175099,341175099,281242674,281242674,
	杨树鹏	
艺术娱乐	北京	344019917,48510028,344019917,292347411,48510028,292347411,351106143,48510028,351106143,41101588,48510028,41101588,318913382,48510028,318913382,350243609,48510028,350243609,346282105,48510028,346282105,349113933,48510028,349113933,348181968,48510028,348181968,340452938,48510028,340452938,
娱乐休闲	广州市	63719876,63719876,61538798,61538798,40390857,40390857,51459956,51459956,46849763,46849763,59218911,59218911,23762241,23762241,59727336,59727336,30120364,30120364,28038422,28038422,
体育健身	北京	305504312,48510028,305504312,329168527,48510028,329168527,324682294,48510028,324682294,321316149,48510028,321316149,314113424,48510028,314113424,23714206,48510028,23714206,19947256,48510028,19947256,305507128,48510028,305507128,35659906,48510028,35659906,38178765,48510028,38178765,
互联网	上海市	351093207,351093207,351106143,351106143,350614145,350614145,323794746,323794746,22292474,22292474,65657700,65657700,321736117,321736117,51817267,51817267,315462056,315462056,315752019,315752019,
电子电器	成都	323105895,323105895,302423604,302423604,57769800,57769800,52296509,52296509,23844459,23844459,20777807,20777807,
养老服务		
计算机软件	北京	350465135,48510028,350465135,343446358,48510028,343446358,
证券投资	成都	339299336,48510028,339299336,278841964,48510028,278841964,48378532,48510028,48378532,352060534,48510028,352060534,327563279,48510028,327563279,347306159,48510028,347306159,341394380,48510028,341394380,310483587,48510028,310483587,350931231,48510028,350931231,348892739,48510028,348892739,
计算机软件	台北	343348904,343348904,36692559,36692559,319714501,319714501,327275251,327275251,323625200,323625200,313830485,313830485,326780069,326780069,325807372,325807372,324923013,324923013,324743023,324743023,
电子商务	上海	347745552,48509984,347745552,295262960,48509984,295262960,48791963,48509984,48791963,269076022,48509984,269076022,66004349,48509984,66004349,34371250,48509984,34371250,48337357,48509984,48337357,31065694,48509984,31065694,265314170,48509984,265314170,264066142,48509984,264066142,
	重庆	
渔业	赫赫	352516069,352516069,350581343,350581343,350579000,350579000,271958533,271958533,348415029,348415029,348733600,348733600,347601458,347601458,347601330,347601330,341785307,341785307,345370226,345370226,
互联网	北京	349983608,48510028,349983608,348641796,48510028,348641796,347877211,48510028,347877211,309282780,48510028,309282780,292443025,48510028,292443025,328988589,48510028,328988589,313622793,48510028,313622793,343820625,48510028,343820625,269323749,48510028,269323749,323118242,48510028,323118242,
	网易看客	329692400,48510028,329692400,320784313,48510028,320784313,340882059,48510028,340882059,31937124,48510028,31937124,40378429,48510028,40378429,345031012,48510028,345031012,308558976,48510028,308558976,283049200,48510028,283049200,19683263,48510028,19683263,339253435,48510028,339253435,
互联网	新加坡	351937599,48510028,351937599,352047792,48510028,352047792,283762516,48510028,283762516,341294095,48510028,341294095,351464044,48510028,351464044,351014096,48510028,351014096,351133657,48510028,351133657,350322267,48510028,350322267,349842554,48510028,349842554,349964759,48510028,349964759,
金融	南京金画网络科技有限公司	
计算机软件		338067787,338067787,28224083,28224083,21682983,21682983,275038139,275038139,21069071,21069071,
	任素汐	295007509,48510028,295007509,281988766,48510028,281988766,
基础教育	知乎用户	
	Invisible	319386071,319386071,335111922,335111922,280128391,280128391,46375683,46375683,35386125,35386125,39627425,39627425,51727026,51727026,300604218,300604218,292393000,292393000,29894678,29894678,
	徐峥	29068221,48510028,29068221,
互联网	广东省	37039573,48510028,37039573,349568449,48510028,349568449,350689960,48510028,350689960,345780728,48510028,345780728,19719224,48510028,19719224,318599948,48510028,318599948,347139672,48510028,347139672,347418896,48510028,347418896,348025779,48510028,348025779,348030922,48510028,348030922,
汽车		
	梁千以	319774219,319774219,319518405,319518405,319496608,319496608,313376591,313376591,28245561,28245561,318641299,318641299,307152296,307152296,21073602,21073602,279172839,279172839,36715285,36715285,
	英国	20268566,20268566,20047964,20047964,20021202,20021202,19593600,19593600,
互联网	北京	
广播电视	张皓翔	295447800,48510028,295447800,67773477,48510028,67773477,40331390,48510028,40331390,39485226,48510028,39485226,39004842,48510028,39004842,35177344,48510028,35177344,33188400,48510028,33188400,21698361,48510028,21698361,26343177,48510028,26343177,
	
房地产	昆明市盘龙区北京路延长线龙江雅苑	283225380,283225380,347495742,347495742,337895103,337895103,318048784,318048784,329464900,329464900,19771676,19771676,315659324,315659324,311386637,311386637,25270994,25270994,318657727,318657727,
	上海	
	科研	349872638,48510028,349872638,55122724,48510028,55122724,349697452,48510028,349697452,349548263,48510028,349548263,346901236,48510028,346901236,345628210,48510028,345628210,344858091,48510028,344858091,344861236,48510028,344861236,344631741,48510028,344631741,343526574,48510028,343526574,
	上海对外经贸大学	346746290,346746290,315428251,315428251,321764409,321764409,317307429,317307429,35859479,35859479,326634942,326634942,322169569,322169569,285105011,285105011,288915336,288915336,339092938,339092938,
	很温柔的玺	37203493,37203493,346046531,346046531,334895420,334895420,267465811,267465811,295940870,295940870,
	王泷正	22290477,48510028,22290477,50975820,48510028,50975820,51989985,48510028,51989985,
互联网	蓝胖墩儿	317048908,317048908,317425361,317425361,315715815,315715815,265207726,265207726,263851767,263851767,64074670,64074670,62942095,62942095,62913907,62913907,62762709,62762709,62751541,62751541,
	阿怪船长	346117046,346117046,345660118,345660118,338429103,338429103,328087211,328087211,322442422,322442422,322324393,322324393,322299439,322299439,321641953,321641953,322196839,322196839,287369750,287369750,
资本投资	
汽车		351023864,351023864,345953564,345953564,349611553,349611553,348968673,348968673,349840070,349840070,349976414,349976414,279861980,279861980,31964355,31964355,349648640,349648640,19946750,19946750,
互联网	旧金山湾区	25713969,25713969,64735356,64735356,26563415,26563415,22357547,22357547,26580300,26580300,24262521,24262521,37852933,37852933,27027270,27027270,24300271,24300271,57708094,57708094,
	孙绿	263668446,263668446,23897636,23897636,26930492,26930492,23878849,23878849,265374866,265374866,20147422,20147422,49374971,49374971,23516359,23516359,20967958,20967958,31460113,31460113,
高新科技	湾区（Bay Area）	319126302,319126302,299741613,299741613,53602317,53602317,30744007,30744007,20691338,20691338,19678660,19678660,21818075,21818075,40998217,40998217,34829340,34829340,40505552,40505552,
教育	北京	337302173,337302173,22794831,22794831,325913886,325913886,329521936,329521936,25564898,25564898,285186675,285186675,290426793,290426793,35016342,35016342,269539188,269539188,269506059,269506059,
互联网		313884246,313884246,321646749,321646749,24623541,24623541,312283903,312283903,25684380,25684380,23561870,23561870,26034393,26034393,26440561,26440561,63538299,63538299,294200448,294200448,
计算机软件	上海	
旅游	
公共管理	觅明觅明	337528513,337528513,334029462,334029462,28607921,28607921,295744767,295744767,341511318,341511318,330126735,330126735,340800020,340800020,338048973,338048973,340823422,340823422,339408662,339408662,
	李明	349977537,349977537,30345902,30345902,348264919,348264919,343858292,343858292,340415734,340415734,333433907,333433907,340969119,340969119,340229645,340229645,27564352,27564352,331450588,331450588,
资本投资	南京	
	东京	
互联网	上海	21756417,21756417,335209672,335209672,27784404,27784404,326295004,326295004,26513398,20195834,20195834,26513398,26513398,27104947,27104947,267511897,267511897,328864547,328864547,318749103,318749103,
	夜宿孤山北	340169806,340169806,32287226,32287226,321723362,321723362,318763133,318763133,51310280,51310280,270098256,270098256,39080952,39080952,35846394,35846394,20614696,20614696,38773482,38773482,
	华为手机	275889588,48510028,275889588,28559376,48510028,28559376,295399545,48510028,295399545,277371572,48510028,277371572,24841233,48510028,24841233,48487733,48510028,48487733,
	WWF世界自然基金会	
	稷下小子	346253906,346253906,333402826,333402826,324064611,324064611,321235927,321235927,310341478,310341478,342936488,342936488,33585728,33585728,334204222,334204222,334337146,334337146,263385547,263385547,
	北京	266337935,266337935,307728012,307728012,266090769,266090769,318185970,318185970,319793939,319793939,33592775,33592775,323459753,323459753,321400887,321400887,277009843,277009843,288806462,288806462,





























