
	BACKISSUE	31110837,31110837,268195959,268195959,267119292,267119292,266852685,266852685,266564047,266564047,266009385,266009385,265122559,265122559,264355982,264355982,263963318,263963318,68627565,68627565,
咨询分析	腐国SIX	283225380,283225380,352108632,352108632,352055607,352055607,55839639,55839639,333995687,333995687,324437913,324437913,341732684,341732684,341173260,341173260,66062343,66062343,341074553,341074553,
	知乎用户	
	w89115886	300184600,300184600,
	北京	346330089,48510028,346330089,346484670,48510028,346484670,332440020,48510028,332440020,330671869,48510028,330671869,271965305,48510028,271965305,20296247,48510028,20296247,325113773,48510028,325113773,324308541,48510028,324308541,322898816,48510028,322898816,319997919,48510028,319997919,
高等教育		
	ani padme	64084856,64084856,50279373,50279373,19730085,19730085,349900311,349900311,299708127,299708127,328151431,328151431,345996119,345996119,39570589,39570589,343262690,343262690,342367471,342367471,
	北京	31195181,31195181,26076723,26076723,39930446,39930446,
	我们的太空	304160528,48510028,304160528,351964089,48510028,351964089,351991857,48510028,351991857,351831350,48510028,351831350,351823646,48510028,351823646,351542727,48510028,351542727,349613825,48510028,349613825,348639185,48510028,348639185,347411547,48510028,347411547,347791409,48510028,347791409,
高新科技	深圳市	352566003,352566003,352569715,352569715,351607398,351607398,349576507,349576507,349598228,349598228,346723799,346723799,349043166,349043166,349138321,349138321,348515819,348515819,332684032,332684032,
		351487116,351487116,47306548,47306548,27220464,27220464,307065787,307065787,306004852,306004852,265187169,265187169,
政府	湖南	320985173,320985173,347869019,347869019,351752719,351752719,349568449,349568449,311382617,311382617,351810026,351810026,343754603,343754603,347210268,347210268,339424230,339424230,339541457,339541457,
	深圳市	29995649,29995649,21348277,21348277,29254265,29254265,34493177,34493177,22055721,22055721,
	莱茵行宫伯爵	348677047,348677047,320070519,320070519,26403698,26403698,50937504,50937504,21982068,21982068,308536601,308536601,27483507,27483507,264371092,264371092,19960534,19960534,37668778,37668778,
		351542747,351542747,348101584,348101584,343172937,343172937,345415605,345415605,344983285,344983285,340562605,340562605,336406211,336406211,63646834,63646834,293499770,293499770,327392639,327392639,
高新科技	深圳市	279561861,48510028,279561861,336650298,48510028,336650298,325658856,48510028,325658856,332398225,48510028,332398225,333022816,48510028,333022816,325786298,48510028,325786298,22765999,48510028,22765999,313715120,48510028,313715120,308718347,48510028,308718347,311640454,48510028,311640454,
	稻香村	34490046,48510028,34490046,350693282,48510028,350693282,39713752,48510028,39713752,348508571,48510028,348508571,308456695,48510028,308456695,306078094,48510028,306078094,299771921,48510028,299771921,346899381,48510028,346899381,336804843,48510028,336804843,302376685,48510028,302376685,
	绿皮工业	23165086,23165086,28725830,28725830,351312949,351312949,350632651,350632651,351704595,351704595,347023770,347023770,341282858,341282858,349852529,349852529,350904171,350904171,350249747,350249747,
计算机硬件	上海	322933794,322933794,343102702,343102702,341779064,341779064,350462757,350462757,347276611,347276611,28341500,28341500,22107095,22107095,351117488,351117488,322629930,322629930,66257687,66257687,
社工服务	深圳市	
科研	Austin. TX. USA	351391239,48510028,351391239,350183787,48510028,350183787,265130473,48510028,265130473,347550597,48510028,347550597,348515847,48510028,348515847,346724319,48510028,346724319,347733161,48510028,347733161,34881132,48510028,34881132,347209098,48510028,347209098,347057268,48510028,347057268,
互联网	沈友	352205134,352205134,282046927,282046927,351797088,351797088,349630542,349630542,348773523,348773523,347372020,347372020,346234070,346234070,274300927,274300927,343036488,343036488,334605159,334605159,
创意艺术	加拿大	20566412,20566412,347112311,347112311,27369467,27369467,287914902,287914902,346363447,346363447,295510209,295510209,339649560,339649560,344500188,344500188,341826368,341826368,63569860,63569860,
	沈听雪	266464619,266464619,37471032,37471032,59737528,59737528,41576507,41576507,27191397,27191397,30236030,30236030,34623080,34623080,264137709,264137709,29632076,29632076,34817598,34817598,
互联网	北京	
临床医疗	山东中医药大学	352023402,352023402,48618004,48618004,346332145,346332145,67247160,67247160,345109777,345109777,344889008,344889008,345031012,345031012,62236593,62236593,343885654,343885654,340948233,340948233,
医疗服务	张进	46880262,46880262,293703821,293703821,286374070,286374070,
生物工程	郑州市	349902903,349902903,349504646,349504646,349208291,349208291,345823030,345823030,46397889,46397889,339283669,339283669,346520809,346520809,346259045,346259045,345791464,345791464,345208807,345208807,
	香港	318573253,318573253,22741172,22741172,53956787,53956787,277161085,277161085,20515695,20515695,19639285,276734803,276734803,273638849,273638849,54387690,54387690,264316211,264316211,61179799,61179799,
	梦想的距离	281093365,281093365,281092041,281092041,61398058,61398058,60740324,60740324,60932012,60932012,
培训	日本狸猫田中裕之	347601791,347601791,348316983,348316983,271960444,271960444,286557427,286557427,59469123,59469123,36451958,36451958,19793912,19793912,343828662,343828662,342410253,342410253,341399155,341399155,
	夜凉秋如水	352570168,352570168,352302135,352302135,352196880,352196880,297764672,297764672,347448236,347448236,350218664,350218664,308840741,308840741,333988036,333988036,26759130,26759130,325025420,325025420,
互联网	大吉岭	265573085,265573085,
互联网	北京	30290082,48510028,30290082,304334959,48510028,304334959,277508190,48510028,277508190,328746386,48510028,328746386,328280540,48510028,328280540,292664099,48510028,292664099,320594553,48510028,320594553,321450863,48510028,321450863,317346252,48510028,317346252,306800516,48510028,306800516,
	乔大可	328835637,328835637,328354768,328354768,328077021,328077021,313049964,313049964,327715177,327715177,327654277,327654277,327405499,327405499,327207638,327207638,325855571,325855571,325576020,325576020,
高等教育	英国	352473175,48510028,352473175,351920965,48510028,351920965,346862321,48510028,346862321,23448791,48510028,23448791,349870265,48510028,349870265,346198994,48510028,346198994,348916228,48510028,348916228,345282592,48510028,345282592,334189586,48510028,334189586,340516766,48510028,340516766,
出版业	汉城	352001523,352001523,
	中国科学院大学	50425290,50425290,38697033,38697033,48861420,48861420,47970821,47970821,
临床医疗		352173424,352173424,350336215,350336215,23155156,23155156,264969963,264969963,315022429,315022429,49357136,49357136,300711724,300711724,328188022,328188022,336816711,336816711,343661594,343661594,
互联网	北京市	297726264,48509984,297726264,339495165,48509984,339495165,302242038,48509984,302242038,23900793,48509984,23900793,335092172,48509984,335092172,35186326,48509984,35186326,266233586,48509984,266233586,26290994,48509984,26290994,31149968,48509984,31149968,53675464,48509984,53675464,
高等教育	洛杉矶 (Los Angeles)	295860714,295860714,287101252,287101252,270485018,270485018,280379067,280379067,287076168,287076168,282714539,282714539,23636500,23636500,265288289,265288289,277674827,277674827,268863322,268863322,
高等教育	Washington State, USA	
	李诞	
	仙境里的小屋	32300010,32300010,352074184,352074184,35103080,35103080,335807213,335807213,351139751,351139751,279262202,279262202,23819007,23819007,35046637,35046637,300656169,300656169,40207910,40207910,
	Seattle	318505799,48509984,318505799,30247137,48509984,30247137,30606095,48509984,30606095,335259795,48509984,335259795,332101879,48509984,332101879,304948019,48509984,304948019,329148975,48509984,329148975,328904383,48509984,328904383,326438307,48509984,326438307,327418927,48509984,327418927,
非营利组织	浙江省寧波市鎮海區	350319497,350319497,268534690,268534690,303952496,303952496,286612410,286612410,35580871,35580871,22288862,22288862,30481856,30481856,270952276,270952276,269791190,269791190,267492387,267492387,
	llionn swaley	349937232,349937232,20909525,20909525,341365918,341365918,338102390,338102390,325354990,325354990,308043377,308043377,62347107,62347107,267908130,267908130,268726287,268726287,298478206,298478206,
	松鼠会Sheldon	349697452,349697452,349548263,349548263,320209695,320209695,263711126,263711126,53951772,53951772,40335759,40335759,54109076,54109076,26773539,26773539,20579037,20579037,20044748,20044748,
教育	深圳市	275159332,275159332,310483587,310483587,49754447,49754447,296480336,296480336,308258160,308258160,30854615,30854615,301687860,301687860,54501670,54501670,295531478,295531478,295597584,295597584,
计算机软件	李吉山	68753045,68753045,
审计	四大会计师事务所	
旅游	上海	337589377,337589377,339340999,339340999,41035200,41035200,26159910,26159910,23625896,23625896,35616390,35616390,35504710,35504710,35043266,35043266,21312452,21312452,29056549,29056549,
	阮玲玉	349740234,349740234,332928605,332928605,343771040,343771040,344653850,344653850,49542975,49542975,334650061,334650061,275815256,275815256,25084350,25084350,323760991,323760991,44394466,44394466,
法律	上海市	351779111,48509984,351779111,351118441,48509984,351118441,350655387,48509984,350655387,29861427,48509984,29861427,348350686,48509984,348350686,349120697,48509984,349120697,346897709,48509984,346897709,61427887,48509984,61427887,347354112,48509984,347354112,345411976,48509984,345411976,
电子游戏	上海	352544032,48510028,352544032,352473175,48510028,352473175,40215899,48510028,40215899,352299328,48510028,352299328,348003746,48510028,348003746,345099951,48510028,345099951,35659389,48510028,35659389,283762516,48510028,283762516,352077900,48510028,352077900,352103403,48510028,352103403,
	苏州	
	中国科学院大学	
计算机硬件	知乎用户	
	京都	348882560,348882560,349450031,349450031,347622760,347622760,287054205,287054205,339770638,339770638,68112129,68112129,341476627,341476627,338686171,338686171,337348990,337348990,275674679,275674679,
高新科技	山东交通学院	21622230,21622230,21363309,21363309,21347654,21347654,
	恹恹尘埃万里路	43128864,43128864,37825057,37825057,23962707,23962707,32073865,32073865,31745776,31745776,23937188,23937188,
计算机软件	北极	352115462,352115462,352314263,352314263,339393087,339393087,324743396,324743396,313104185,313104185,321848974,321848974,322639870,322639870,321592395,321592395,317806210,317806210,51735904,51735904,
科研	复旦大学	68765873,48509984,68765873,54400017,48509984,54400017,22466087,54425564,48509984,54425564,53987899,48509984,53987899,53830758,48509984,53830758,20071319,49540250,48509984,49540250,21719178,48509984,21719178,48612210,48509984,48612210,28457577,48509984,28457577,20686111,48509984,20686111,
	邑沝淼二号机	305874885,305874885,305494406,305494406,301814116,301814116,302257467,302257467,55236266,55236266,295073437,295073437,293443796,293443796,291579713,291579713,291378404,291378404,290509655,290509655,
互联网	北京市	50977585,48510028,50977585,347987618,48510028,347987618,346046433,48510028,346046433,52138990,48510028,52138990,346309589,48510028,346309589,24708380,48510028,24708380,343869382,48510028,343869382,346823457,48510028,346823457,339299336,48510028,339299336,344356939,48510028,344356939,
	龙鸣	22640590,22640590,311589573,311589573,349609983,349609983,347329810,347329810,275704650,275704650,21648720,21648720,348511294,348511294,263978113,263978113,323846763,323846763,21740649,21740649,
高等教育	地球	
	胡安娜	20217705,20217705,31980978,31980978,38432025,38432025,320577367,320577367,55110691,55110691,65190495,65190495,59954884,59954884,50549492,50549492,
	珠海	347681272,347681272,350913617,350913617,351617208,351617208,351106143,351106143,349482593,349482593,348875551,348875551,347643832,347643832,347700089,347700089,344776308,344776308,347897060,347897060,
护理服务	蛋蛋那个蛋蛋哟	313494573,313494573,347804542,347804542,346043660,346043660,344278821,344278821,333148875,333148875,325969113,325969113,326307936,326307936,326174879,326174879,325998169,325998169,321838818,321838818,
医疗服务	范坚强	339665603,339665603,351357007,351357007,351851021,351851021,351180411,351180411,308381950,308381950,347276611,347276611,351097319,351097319,351001516,351001516,348521655,348521655,347826623,347826623,
互联网	北京	344191407,344191407,307235354,307235354,305583541,305583541,302574512,302574512,281548989,281548989,276102271,276102271,277094922,277094922,274315751,274315751,268966483,268966483,57848662,57848662,
体育健身	济南	351720960,351720960,304103642,304103642,352171277,352171277,352085312,352085312,325430383,325430383,351133593,351133593,338381574,338381574,351499615,351499615,351248066,351248066,351422318,351422318,
艺术娱乐	上海	351574168,351574168,265204791,265204791,347163228,347163228,347497848,347497848,36100933,36100933,342308172,342308172,341237991,341237991,325967167,325967167,20242106,20242106,334973415,334973415,
	半颗沙	304838170,304838170,328687310,328687310,324859873,324859873,319637158,319637158,327318591,327318591,321459291,321459291,320915010,320915010,322775502,322775502,322692394,322692394,322107344,322107344,
高等教育	多伦多	351894873,351894873,346049678,346049678,338061411,338061411,347011915,347011915,346122954,346122954,343403115,343403115,339384135,339384135,339525331,339525331,48865367,48865367,335530471,335530471,
	女主角	316732443,316732443,351925093,351925093,20875187,20875187,20770800,20770800,349025585,349025585,348690486,348690486,307124092,307124092,347670330,347670330,340501597,340501597,344356259,344356259,
	知乎用户	
	北京	286032890,286032890,21236058,21236058,38134872,38134872,40646841,40646841,38411883,38411883,20406962,20406962,30739577,30739577,30081565,30081565,29910774,29910774,27101174,27101174,
科研	知乎用户	
计算机软件	宾夕法尼亚州	346868860,48509984,346868860,352507775,48509984,352507775,352326297,48509984,352326297,348565021,48509984,348565021,351744551,48509984,351744551,349737758,48509984,349737758,347881110,48509984,347881110,349641348,48509984,349641348,349131207,48509984,349131207,348782653,48509984,348782653,
	中国科学院大学	351164689,351164689,337855332,337855332,345124567,345124567,314142299,314142299,341056939,341056939,340155322,340155322,339565952,339565952,339948324,339948324,335167346,335167346,334771802,334771802,
高等教育	南京	52931466,52931466,22903561,22903561,29175505,29175505,36621925,36621925,57557739,57557739,52328369,52328369,19837387,19837387,52436699,52436699,41182044,41182044,37847413,37847413,
电子游戏	魔都上海	347489704,347489704,347495742,347495742,347453583,347453583,344615809,344615809,342548080,342548080,339265656,339265656,333672503,333672503,280814833,280814833,327961703,327961703,324921302,324921302,
临床医疗	北京	292287884,48510028,292287884,20568677,48510028,20568677,265375171,48510028,265375171,21760852,48510028,21760852,48399456,48510028,48399456,338933707,48510028,338933707,343543293,48510028,343543293,30084178,48510028,30084178,49864286,48510028,49864286,
	
高等教育	中国科学院心理研究所	
	我真不止一米六	68003908,68003908,67380620,67380620,65885629,65885629,64635547,64635547,64570166,64570166,34263670,34263670,21677411,21677411,60552986,60552986,59421412,59421412,58781396,58781396,
互联网	北京	
金融	龙四	272399894,272399894,43669859,43669859,37317032,37317032,29570927,29570927,

	知乎电影	344019917,48510028,344019917,333519959,48510028,333519959,341994002,48510028,341994002,342936488,48510028,342936488,
	您右边工位的工友	338118134,338118134,319512694,319512694,318496731,318496731,318323134,318323134,
出版业	小老虎	350693922,350693922,55596680,55596680,350603489,350603489,349446855,349446855,280429101,280429101,333220171,333220171,343246735,343246735,343902337,343902337,345489749,345489749,344725271,344725271,
服务业	南京	
法律	上海	266713362,266713362,351889709,351889709,345211675,345211675,330994581,330994581,350631177,350631177,349423754,349423754,347311304,347311304,323337494,323337494,348943051,348943051,27188550,27188550,
	广州市	349872638,349872638,340745974,340745974,338904971,338904971,24972957,24972957,286733591,286733591,330140084,330140084,21324597,21324597,327053942,327053942,325011307,325011307,326780069,326780069,
渔业	北京	61674832,61674832,291152280,291152280,286546459,286546459,291143328,291143328,39474276,39474276,22872149,22872149,286789012,286789012,279287076,279287076,54091686,54091686,290003248,290003248,
	ORion	
		
非营利组织	巴黎高等师范学院	351753048,351753048,321302630,321302630,50216588,50216588,278581281,278581281,348318284,348318284,26131797,26131797,350944858,350944858,40140573,40140573,339288662,339288662,26433444,26433444,
临床医疗	正言	267856475,267856475,37279002,37279002,38839736,38839736,267351580,267351580,41030113,41030113,64842917,64842917,20270540,20270540,266329084,266329084,265035317,265035317,54530226,54530226,
科研	北京	61413926,61413926,60996170,60996170,
	北京	352158155,352158155,351951052,351951052,351773971,351773971,351510930,351510930,62389921,62389921,30159753,30159753,351310033,351310033,350937823,350937823,347866821,347866821,345864294,345864294,
	石头的家ch	303224386,303224386,348859803,348859803,342393844,342393844,348045745,348045745,351248066,351248066,350771528,350771528,343318391,343318391,344768550,344768550,27593812,27593812,39369539,39369539,
教育		350849761,350849761,341415289,341415289,339845110,339845110,330126735,330126735,345856693,345856693,347017621,347017621,349191319,349191319,342111256,342111256,349043193,349043193,348659954,348659954,
	浙江省	351858266,351858266,329056193,329056193,333864736,333864736,333220171,333220171,60303621,60303621,345344621,345344621,347593921,347593921,345689000,345689000,316523438,316523438,347561051,347561051,
	
	北京	331598042,331598042,301187478,301187478,316633813,316633813,330117825,330117825,325573731,325573731,319596224,319596224,319488593,319488593,322551886,322551886,321235107,321235107,321291307,321291307,
	洛杉矶	
汽车	上海	352461022,48510028,352461022,352228356,48510028,352228356,323505422,48510028,323505422,351300910,48510028,351300910,37647238,48510028,37647238,350788339,48510028,350788339,349636210,48510028,349636210,350788619,48510028,350788619,350788807,48510028,350788807,343600404,48510028,343600404,
	上海	
互联网	南京	351008278,351008278,351036384,351036384,350915528,350915528,349598228,349598228,348685156,348685156,346762535,346762535,346450641,346450641,345431917,345431917,345217293,345217293,343431810,343431810,
法律	杭州	351051524,351051524,349977059,349977059,41476832,41476832,347874519,347874519,326089277,326089277,264357065,264357065,345620972,345620972,344596594,344596594,341127721,341127721,343606344,343606344,
互联网	北京市	352048828,48509984,352048828,352171277,48509984,352171277,352108632,48509984,352108632,352222192,48509984,352222192,21818075,48509984,21818075,351706516,48509984,351706516,351920965,48509984,351920965,351413532,48509984,351413532,27058325,48509984,27058325,351316749,48509984,351316749,
	上海	
	大黑摩季	40080211,48510028,40080211,309251158,48510028,309251158,22512533,48510028,22512533,
财务	天津城南开洼地八里台	29325356,29325356,352376347,352376347,19719224,19719224,352068250,352068250,351420921,351420921,351511010,351511010,352062514,352062514,352296151,352296151,352177868,352177868,350264159,350264159,
艺术娱乐	银河系	350659948,48509984,350659948,351108862,48509984,351108862,337895103,48509984,337895103,338378919,48509984,338378919,20409301,20409301,48509984,20409301,298900550,48509984,298900550,332192284,48509984,332192284,325840869,48509984,325840869,316062439,48509984,316062439,321916274,48509984,321916274,
高等教育	北京	285730290,48510028,285730290,351581921,48510028,351581921,351001516,48510028,351001516,265777378,48510028,265777378,349813561,48510028,349813561,20453193,48510028,20453193,344843450,48510028,344843450,348567643,48510028,348567643,22189564,48510028,22189564,345395498,48510028,345395498,
创意艺术	成都	342888401,342888401,350338748,350338748,351859184,351859184,347171695,347171695,351236300,351236300,350739175,350739175,277906092,277906092,343230785,343230785,350208191,350208191,317528316,317528316,
	南京大学	300386716,300386716,351835380,351835380,350056355,350056355,41017412,41017412,277132148,277132148,351642454,351642454,56740436,56740436,346024815,346024815,65900459,65900459,350391837,350391837,
广播电视	福建省	351925093,351925093,319923069,319923069,265889248,265889248,327579959,327579959,327781364,327781364,319396461,319396461,318437878,318437878,20502720,20502720,315423525,315423525,315204668,315204668,
	量子位	322335739,48510028,322335739,26754848,48510028,26754848,66949369,48510028,66949369,25866010,48510028,25866010,20337132,48510028,20337132,322530705,48510028,322530705,322651220,48510028,322651220,28196675,48510028,28196675,333671830,48510028,333671830,27529154,48510028,27529154,
	钢琴教师	349209461,349209461,340079769,340079769,340781482,340781482,336474468,336474468,335475570,335475570,320919970,320919970,317534127,317534127,312269373,312269373,20424169,20424169,283986752,283986752,
互联网	二本大学	352194133,352194133,351947867,351947867,351584631,351584631,350547184,350547184,350565474,350565474,351454883,351454883,334009309,334009309,350965330,350965330,350272769,350272769,350014716,350014716,
高等教育	杭州	344806065,48510028,344806065,349809749,48510028,349809749,352108632,48510028,352108632,347084952,48510028,347084952,19656357,48510028,19656357,347439621,48510028,347439621,340356461,48510028,340356461,32306859,48510028,32306859,20406142,48510028,20406142,351304269,48510028,351304269,
互联网		31937124,31937124,32276442,32276442,62972819,62972819,308662400,308662400,336840672,336840672,286525154,286525154,348318313,348318313,304970889,304970889,26111344,26111344,266586355,266586355,
互联网	北京	352252298,352252298,351816857,351816857,351928247,351928247,351898624,351898624,346497452,346497452,351064085,351064085,350978893,350978893,65978633,65978633,320577367,320577367,350017791,350017791,
互联网	子辰	343932938,343932938,344233918,344233918,21203053,21203053,349497785,349497785,346402028,346402028,266898708,266898708,331976706,331976706,347401617,347401617,339792628,339792628,339944986,339944986,
	乂乂乂	351667192,351667192,48476068,48476068,20622997,20622997,347945918,347945918,333992829,333992829,36487338,36487338,336977054,336977054,60338763,60338763,20609107,20609107,320700267,320700267,
创意艺术	杭州	351312949,48510028,351312949,350298815,48510028,350298815,349675424,48510028,349675424,347489182,48510028,347489182,343348904,48510028,343348904,343033809,48510028,343033809,340697469,48510028,340697469,337696478,48510028,337696478,336777001,48510028,336777001,57183057,48510028,57183057,
高等教育	加利福尼亚	
地产建筑	薄暮天天	55812034,55812034,267027984,267027984,292492159,292492159,295211260,295211260,55145245,55145245,277508190,277508190,266812664,266812664,40646841,40646841,
法律	北京	271618627,48510028,271618627,267713450,48510028,267713450,60113195,48510028,60113195,57961848,48510028,57961848,66770322,48510028,66770322,59614208,48510028,59614208,50832573,55642773,48510028,55642773,48840916,48510028,48840916,52959387,48510028,52959387,21140914,48510028,21140914,26840075,
	小桃子吃棉花糖	345114874,345114874,284121614,284121614,62009955,62009955,344156081,344156081,342526322,342526322,338227151,338227151,327444204,327444204,62906447,62906447,329703895,329703895,28660851,28660851,
	五角场文秘职业技术学院	54537492,54537492,52707261,52707261,27702995,27702995,
非营利组织	知乎用户	
制药	亞庫帕古麗	27220666,27220666,351470616,351470616,346681472,346681472,30724350,30724350,350350180,350350180,54530226,54530226,300153145,300153145,350007649,350007649,349904699,349904699,283748261,283748261,
互联网	22世纪-时间旅行	29555014,29555014,25374099,25374099,318878672,318878672,276715047,276715047,311059365,311059365,327899689,327899689,54178596,54178596,349609992,349609992,338178075,338178075,333676067,333676067,
法律	上海	
计算机软件	悉尼 (Sydney)	352208169,48510028,352208169,351171294,48510028,351171294,347990874,48510028,347990874,37455810,48510028,37455810,350662445,48510028,350662445,264294525,48510028,264294525,36793703,48510028,36793703,19903611,48510028,19903611,350407427,48510028,350407427,348032762,48510028,348032762,
	日本	
	我来看你	296942448,296942448,344233918,344233918,344233918,344233918,344233918,
临床医疗	上海	59987411,59987411,58578881,58578881,28416649,28416649,20624099,20624099,22154829,22154829,48328200,48328200,19633800,19633800,28890409,28890409,64916505,64916505,36088611,36088611,
林业	知乎用户	
	思故渊	349172747,349172747,347166437,347166437,345275697,345275697,54794794,54794794,343661811,343661811,346019735,346019735,22290455,22290455,23809864,23809864,41976387,41976387,338879543,338879543,
	北京市	348957764,348957764,59289653,59289653,20694013,20694013,35713301,35713301,61847755,61847755,280341581,280341581,35815836,35815836,20996727,20996727,35985992,35985992,62302561,62302561,
	吴易	40489002,40489002,31897381,31897381,51541487,51541487,24899382,24899382,30408742,30408742,25030422,25030422,38390536,38390536,49846394,49846394,29910774,29910774,35070138,35070138,
互联网	北京	340834486,340834486,337024915,337024915,329668973,329668973,333406597,333406597,329864040,329864040,327400618,327400618,327296306,327296306,326442517,326442517,318544496,318544496,64387857,64387857,
汽车	西安	28341500,48510028,28341500,350068879,48510028,350068879,350535178,48510028,350535178,350191144,48510028,350191144,350343323,48510028,350343323,293865460,48510028,293865460,25084350,48510028,25084350,347692882,48510028,347692882,346139827,48510028,346139827,346779474,48510028,346779474,
	纯粹	270057735,270057735,48296895,48296895,344018667,344018667,343606264,343606264,21416877,21416877,343246227,343246227,342931175,342931175,342794869,342794869,341173193,341173193,340441477,340441477,
法律	Brooklyn, New York	276827075,276827075,60842350,60842350,58315783,58315783,24328767,24328767,49502496,49502496,57077638,57077638,56605127,56605127,27410120,27410120,19983640,19983640,20687290,20687290,
政府	大俄亥俄首府	351875084,351875084,351165549,351165549,315745653,315745653,349629354,349629354,349373671,349373671,49219202,49219202,54957651,54957651,349545655,349545655,348608210,348608210,346253906,346253906,
计算机硬件	Los Altos	25551786,25551786,345099419,345099419,266586355,266586355,288874624,288874624,346673824,346673824,288797213,288797213,346708717,346708717,346165736,346165736,24354832,24354832,341272357,341272357,
互联网	西米	326158495,326158495,324088179,324088179,315423213,315423213,313445849,313445849,311662381,311662381,308676063,308676063,310311472,310311472,275562162,275562162,275980641,275980641,273707745,273707745,
科研	伦敦（Greater London）	348067123,48510028,348067123,338980186,48510028,338980186,334381036,327614103,48510028,327614103,50465242,48510028,50465242,327357864,48510028,327357864,327563015,48510028,327563015,46883195,48510028,46883195,318346341,48510028,318346341,58018004,48510028,58018004,19583765,48510028,19583765,
高等教育	上海	349239191,48510028,349239191,348211067,48510028,348211067,346015753,48510028,346015753,40224611,48510028,40224611,336327020,48510028,336327020,335078504,48510028,335078504,335732417,48510028,335732417,53788217,48510028,53788217,333822277,48510028,333822277,324500327,48510028,324500327,
咨询分析	香港特别行政区	300764109,300764109,41258743,41258743,263391258,263391258,300404381,300404381,295484346,295484346,67951222,67951222,21084589,21084589,52439449,52439449,64237581,64237581,20458201,20458201,
科研	美国	
	
信息传媒	北京	350738607,350738607,351171344,351171344,28473484,28473484,350636061,350636061,328775763,328775763,349707598,349707598,302513483,302513483,36091630,36091630,349483923,349483923,349447886,349447886,
临床医疗	厉害了word万爷	325585174,325585174,61874783,61874783,63402187,63402187,62136647,62136647,
	Hastiras Hassas	
互联网	上海	335338276,335338276,329920590,329920590,267247829,267247829,270439844,270439844,39403409,39403409,27195235,27195235,39577346,39577346,36067392,36067392,55706876,55706876,55698932,55698932,
	北京	
政府	武汉	40315645,40315645,349598228,349598228,310626210,310626210,32237866,32237866,341470490,341470490,271212996,271212996,340534076,340534076,315370573,315370573,346522169,346522169,318163620,318163620,
教育	陈兰香	352171277,352171277,345606113,345606113,338381574,338381574,306771843,306771843,350823185,350823185,350126182,350126182,348446136,348446136,348315251,348315251,341729604,341729604,347545743,347545743,
高等教育		44187590,44187590,312908198,312908198,311364805,311364805,310692143,310692143,286939979,286939979,55079891,55079891,273555100,273555100,268447694,268447694,27506309,27506309,267719724,267719724,
	汽车	24629154,48510028,24629154,325362108,48510028,325362108,309519538,48510028,309519538,34331228,48510028,34331228,299152467,48510028,299152467,57325310,48510028,57325310,295374351,48510028,295374351,295279030,48510028,295279030,26613082,48510028,26613082,271501672,48510028,271501672,51150780,
	无名小卒	352517976,352517976,351647095,351647095,351855891,351855891,351864701,351864701,350839682,350839682,346063693,346063693,346534624,346534624,346852921,346852921,347088259,347088259,346529801,346529801,
	
高等教育	重庆	343995869,343995869,25151940,25151940,57411072,57411072,348639185,348639185,292890900,292890900,333376298,333376298,286534732,286534732,323657325,323657325,20566125,20566125,330915372,330915372,
科研	上海	
	苏晏	38327614,48510028,38327614,46440314,48510028,46440314,
证券投资	上海	344373775,344373775,24618051,24618051,25309735,25309735,26786698,26786698,37054230,37054230,21089794,21089794,331982955,331982955,320546230,320546230,317452208,317452208,328216851,328216851,
	签约主播	
咨询分析	上海	24632706,24632706,19857821,19857821,19941282,19941282,19946343,19946343,19854013,19854013,19865174,19865174,19815229,19815229,19813918,19813918,19810073,19810073,19602632,19602632,
	Midgard Serpent	57493586,57493586,25150607,25150607,63258727,63258727,352376347,352376347,35679217,35679217,351610322,351610322,53092721,53092721,40082058,40082058,351165549,351165549,46448910,46448910,
互联网		
基础教育	墨尔本	347439621,347439621,350068974,350068974,349718777,349718777,263977309,263977309,287250506,287250506,46890209,46890209,24119412,24119412,64040830,64040830,348882560,348882560,345309425,345309425,
科研	法国	352222782,48509984,352222782,352108632,48509984,352108632,350349097,48509984,350349097,31480213,48509984,31480213,349337209,48509984,349337209,349632080,48509984,349632080,348775560,48509984,348775560,264204388,48509984,264204388,349111154,48509984,349111154,347806252,48509984,347806252,
	北京市	330813380,330813380,304355509,304355509,278797264,278797264,272447718,272447718,268245009,268245009,264390791,264390791,68265666,68265666,68560547,68560547,64777556,64777556,63639914,63639914,
	日本	324440108,324440108,27515326,27515326,24450931,24450931,24613331,24613331,41001718,41001718,51814257,51814257,51153139,51153139,50902484,50902484,51149282,51149282,50880751,50880751,
临床医疗	上海	350336215,48510028,350336215,348029595,48510028,348029595,349548263,48510028,349548263,341063544,48510028,341063544,347495742,48510028,347495742,347354112,48510028,347354112,347268325,48510028,347268325,346949677,48510028,346949677,346080508,48510028,346080508,346758272,48510028,346758272,
	首都警备司令部司令	331129666,331129666,40044268,40044268,323835771,323835771,22501560,22501560,264213401,264213401,352001523,352001523,346089628,346089628,55924037,55924037,54220610,54220610,351480037,351480037,
	联合创始人	263976079,48509984,263976079,273800097,48509984,273800097,301887086,48509984,301887086,309805169,48509984,309805169,300674997,48509984,300674997,321575124,48509984,321575124,20819866,48509984,20819866,331318550,48509984,331318550,325173949,48509984,325173949,322430069,48509984,322430069,
科研	Houston	347007364,347007364,343246092,343246092,345383537,345383537,345473856,345473856,340370954,340370954,342786222,342786222,342936488,342936488,335080274,335080274,340784153,340784153,290744716,290744716,
电子游戏		29800382,29800382,41426700,41426700,
	知道创宇 云安全	31322492,48510028,31322492,19567976,48510028,19567976,343348904,48510028,343348904,335378600,48510028,335378600,314562971,48510028,314562971,22741805,48510028,22741805,332742614,48510028,332742614,334299183,48510028,334299183,334076540,48510028,334076540,316138523,48510028,316138523,
法律	palace green的草	316700186,316700186,352299328,352299328,348293973,348293973,351843957,351843957,38991293,38991293,346017517,346017517,297308525,297308525,52419501,52419501,351074765,351074765,344398203,344398203,
互联网	山东	333347370,333347370,316959171,316959171,263760433,263760433,296848704,296848704,285989317,285989317,297603409,297603409,35904312,35904312,21010508,21010508,297603378,297603378,297603350,297603350,
	知乎用户	
	匡世珉	29316970,48509984,29316970,40409449,48509984,40409449,29039728,48509984,29039728,51033691,48509984,51033691,52958268,48509984,52958268,29446508,48509984,29446508,47370254,48509984,47370254,51080627,48509984,51080627,38892515,48509984,38892515,27807675,48509984,27807675,
电子游戏	超级玩家论坛	
	真实故事计划	26765834,48510028,26765834,23716039,48510028,23716039,51690276,48510028,51690276,350996756,48510028,350996756,23969756,48510028,23969756,290210695,48510028,290210695,323446334,48510028,323446334,31421459,48510028,31421459,54619234,48510028,54619234,286175714,48510028,286175714,
基础教育	乐正	
互联网	海淀区	
互联网	北京	340364388,48509984,340364388,335077034,48509984,335077034,332344368,48509984,332344368,330539025,48509984,330539025,323795974,48509984,323795974,51822759,48509984,51822759,304263105,48509984,304263105,286403930,48509984,286403930,299913206,48509984,299913206,297448770,48509984,297448770,
高等教育	ellias feng	349482593,349482593,21001856,21001856,341415289,341415289,336520506,336520506,58045815,58045815,36552697,36552697,323219820,323219820,24349645,24349645,19967634,19967634,267300408,267300408,
资本投资	北京	312702679,48510028,312702679,318759842,48510028,318759842,300123382,48510028,300123382,56344985,48510028,56344985,59957721,48510028,59957721,54777780,48510028,54777780,52868583,48510028,52868583,53471531,48510028,53471531,52095258,48510028,52095258,52711122,48510028,52711122,
畜牧养殖业		309562727,309562727,286292533,286292533,24322733,24322733,306592266,306592266,293590047,293590047,279993358,279993358,65239687,65239687,65140317,65140317,34822808,34822808,63986974,63986974,
咨询分析	杭州	352202098,352202098,21108473,21108473,351384961,351384961,54826697,54826697,351862449,351862449,352483904,352483904,351937599,351937599,345019672,345019672,351966332,351966332,349564459,349564459,
	无名氏	27557959,27557959,30389821,30389821,30219524,30219524,29379156,29379156,27958747,27958747,
科研	厦门	339328495,48509984,339328495,313268969,48509984,313268969,315820831,48509984,315820831,322686063,48509984,322686063,320020251,48509984,320020251,298394539,48509984,298394539,68208296,48509984,68208296,291440789,48509984,291440789,290367626,48509984,290367626,58063369,48509984,58063369,
	沧海谢之	341942947,341942947,341856937,341856937,339943090,339943090,339349481,339349481,339910810,339910810,335728695,335728695,339340089,339340089,339337558,339337558,339348567,339348567,339340554,339340554,
	安安	291637565,291637565,320138051,320138051,305748960,305748960,
科研	中国科学院	
房地产	德阳市	20649210,20649210,352185654,352185654,349675596,349675596,350615973,350615973,27570313,27570313,350305014,350305014,68012098,68012098,349883361,349883361,349691215,349691215,299857630,299857630,
基础教育	重庆市	343661811,343661811,319797000,319797000,314717849,314717849,299248770,299248770,294213474,294213474,286089517,286089517,280601196,280601196,280480473,280480473,279193211,279193211,268146107,268146107,
	凌望月	321584617,321584617,
	Daniel Yen	
互联网	北京	350206088,48510028,350206088,345701163,48510028,345701163,345283912,48510028,345283912,344763924,48510028,344763924,340134550,48510028,340134550,332699841,48510028,332699841,19568396,302311885,48510028,302311885,315361987,48510028,315361987,297841881,48510028,297841881,25332314,48510028,25332314,
计算机硬件	上海市	264366404,264366404,264836232,266917279,266917279,350920719,350920719,63234557,63234557,350952691,350952691,27816801,27816801,29056468,29056468,34425386,34425386,311969233,311969233,348845664,348845664,
环境保护	南京市	
高等教育	哈尔滨	350723383,350723383,350129846,350129846,348928508,348928508,350292725,350292725,19644892,19644892,349201227,349201227,347435892,347435892,349245479,349245479,346415171,346415171,342318692,342318692,
基础教育	长沙	344238261,344238261,352239104,352239104,265718288,265718288,352299328,352299328,351928284,351928284,314235326,314235326,349763770,349763770,342964732,342964732,299203094,299203094,351703696,351703696,
博物馆	北京	40028642,40028642,47045516,47045516,263678290,263678290,68014919,68014919,29183631,29183631,273866042,273866042,22866524,22866524,321211386,321211386,46680759,46680759,25368703,25368703,
	运筹OR帷幄	63451335,48510028,63451335,39194485,48510028,39194485,27612381,48510028,27612381,344407473,48510028,344407473,344409460,48510028,344409460,22331584,48510028,22331584,319653808,48510028,319653808,31497171,48510028,31497171,337090948,48510028,337090948,38446718,48510028,38446718,
	知乎用户	
博彩	斯德哥尔摩	352231492,352231492,352222192,352222192,351388272,351388272,348159853,348159853,341415289,341415289,20803640,20803640,
	Airbnb爱彼迎	39388689,39388689,23810529,23810529,290431408,290431408,286889053,286889053,264239372,264239372,271136542,271136542,39167242,39167242,50548488,50548488,265765381,265765381,33913345,33913345,
科研	开曼群岛	
	萧萧洛水	279985988,279985988,342445606,342445606,340944952,340944952,340589354,340589354,291828023,291828023,277922328,277922328,331945025,331945025,59508011,59508011,326059364,326059364,28304684,28304684,
	北京	334033386,48510028,334033386,345979376,48510028,345979376,333266919,48510028,333266919,20035431,48510028,20035431,305160191,48510028,305160191,
教育	半年之久都是冬天的地方	44390835,44390835,43462863,43462863,35317151,35317151,296166690,296166690,318913382,318913382,280706855,280706855,335168772,335168772,347088259,347088259,341415289,341415289,30505568,30505568,
	顾艾	348260714,348260714,318916762,318916762,321420042,321420042,22778925,22778925,307255465,307255465,25529558,25529558,267119029,267119029,306639659,306639659,303488427,303488427,305240833,305240833,
	shimmer	327711354,327711354,297422531,297422531,
高等教育	北京市朝阳区东四环	334627619,48509984,334627619,327311693,48509984,327311693,19819957,48509984,19819957,324137789,48509984,324137789,320663787,48509984,320663787,317383267,48509984,317383267,36756803,48509984,36756803,314262952,48509984,314262952,284128568,48509984,284128568,303489055,48509984,303489055,
	北京大学	
教育	成都	47755839,47755839,48299892,48299892,45947060,45947060,21175629,21175629,277738923,277738923,32303676,32303676,27177565,27177565,318519272,318519272,29619587,29619587,24417782,24417782,
互联网	杭州市	322140465,322140465,351646498,351646498,349842554,349842554,334132170,334132170,345591601,345591601,349062591,349062591,29987821,29987821,347663577,347663577,347745552,347745552,342267611,342267611,
		345266300,345266300,337266576,337266576,346383581,346383581,20047068,20047068,41961077,41961077,340424704,340424704,27898691,27898691,42045677,42045677,23298595,23298595,29569633,29569633,

临床医疗		352059823,352059823,326487228,326487228,350861525,350861525,288619317,288619317,347372020,347372020,348376834,348376834,345904870,345904870,341212245,341212245,339710620,339710620,338889932,338889932,
广告	
		351160519,48510028,351160519,351586403,48510028,351586403,345301305,48510028,345301305,295424569,48510028,295424569,27242616,48510028,27242616,49542975,48510028,49542975,37375085,48510028,37375085,28237073,48510028,28237073,319683260,48510028,319683260,54544695,48510028,54544695,
	悯恤	267905665,267905665,57230324,57230324,62717450,62717450,57514694,57514694,57302446,57302446,56676073,56676073,50883001,50883001,
	公子V	351133657,351133657,350857182,350857182,347495742,347495742,342318692,342318692,322666481,322666481,285582826,285582826,341049216,341049216,340023541,340023541,308413756,308413756,332507628,332507628,
高等教育	成都	329097945,329097945,309110772,309110772,306019010,306019010,30850913,30850913,30858640,30858640,276816433,276816433,19665572,19665572,30771231,30771231,325011307,325011307,304174916,304174916,
	罗马	
	知乎用户	
非营利组织	北京市	342740733,342740733,341548965,341548965,346585620,346585620,346241333,346241333,344718685,344718685,342918727,342918727,282563996,282563996,282033866,333199024,333199024,337206994,337206994,333022816,333022816,
	中山	281185483,281185483,332896676,332896676,66703281,66703281,330626719,330626719,330387775,330387775,324732262,324732262,63016277,63016277,328867281,328867281,24346670,24346670,325784181,325784181,
互联网	老毛桃winpe	346156327,346156327,48949529,48949529,54059979,54059979,
科研	洛杉矶 (Los Angeles)	
高新科技	武汉	345314977,48510028,345314977,351319675,48510028,351319675,352387157,48510028,352387157,351181240,48510028,351181240,351223368,48510028,351223368,351260425,48510028,351260425,341336919,48510028,341336919,340586328,48510028,340586328,28283196,48510028,28283196,350155135,48510028,350155135,
电子游戏	原创主编	
科研	宁波	352126350,352126350,302136073,302136073,350541951,350541951,350319497,350319497,349609685,349609685,348471923,348471923,266860861,266860861,347139150,347139150,346919290,346919290,346701373,346701373,
审计	伦敦	
	媛媛酱	33502652,33502652,31412436,31412436,24137286,24137286,47736379,47736379,20133988,20133988,40648505,40648505,41483148,41483148,38642177,38642177,22855640,22855640,35602286,35602286,
电子游戏	विंस्टन सलेम	351470709,351470709,286809623,286809623,341757039,341757039,335962732,335962732,337342123,337342123,338000134,338000134,282990547,282990547,36595865,36595865,325419758,325419758,324662146,324662146,
法律	中国、美国、加拿大	352108632,352108632,351165549,351165549,351911584,351911584,340889121,340889121,278581281,278581281,350875999,350875999,350595678,350595678,34279916,34279916,347448236,347448236,348859803,348859803,
	孟小七	32296871,32296871,30974909,30974909,31375084,31375084,30793388,30793388,28626263,28626263,28460608,28460608,28432804,28432804,22609432,22609432,27847904,27847904,27651738,27651738,
旅游		344709168,48509984,344709168,337569315,48509984,337569315,337569001,48509984,337569001,337568690,48509984,337568690,337570515,48509984,337570515,337569594,48509984,337569594,20458496,48509984,20458496,20282544,48509984,20282544,61468641,48509984,61468641,333534690,48509984,333534690,
咨询分析	知乎用户	
	凡川	328391745,328391745,326336835,326336835,322042000,322042000,322236486,322236486,321467115,321467115,
服务业	广州市	351508202,351508202,337360831,337360831,60035353,60035353,306249128,306249128,34607755,34607755,20469267,20469267,305130944,305130944,36037648,36037648,294564853,294564853,301436834,301436834,
教育	南山，曾住东京	348678522,48510028,348678522,344859993,48510028,344859993,344499948,48510028,344499948,27252044,48510028,27252044,38632401,48510028,38632401,28358499,48510028,28358499,30178891,48510028,30178891,309005056,48510028,309005056,268087652,48510028,268087652,25670119,48510028,25670119,
互联网	银河系	

互联网	北京	20655946,48510028,20655946,20473502,48510028,20473502,20243705,48510028,20243705,20153480,48510028,20153480,20001930,48510028,20001930,19976115,48510028,19976115,19973116,48510028,19973116,19946971,48510028,19946971,19861659,48510028,19861659,19852504,48510028,19852504,
	山东大学（威海）	28527400,28527400,27196278,27196278,35271473,35271473,34856868,34856868,32197478,32197478,26980620,26980620,23176297,23176297,23891514,23891514,22094034,22094034,23925383,23925383,
策展	北京	342482043,342482043,34587107,34587107,317662677,317662677,310913737,310913737,55330529,55330529,54114510,54114510,65316844,65316844,297798182,297798182,279387872,279387872,280558706,280558706,
广播电视	会长	352211856,352211856,352481584,352481584,352285995,352285995,351958376,351958376,352060806,352060806,352026526,352026526,351185742,351185742,282077362,282077362,349262750,349262750,349172813,349172813,
军火	深圳市	331637139,331637139,316023485,316023485,308516067,308516067,64897703,64897703,276162875,276162875,263505147,263505147,299848237,299848237,294429763,294429763,52004901,52004901,285886605,285886605,
畜牧养殖业	北京	352473175,352473175,33220674,33220674,287524343,287524343,306535168,306535168,352108632,352108632,351787265,351787265,352075702,352075702,334316502,334316502,338967544,338967544,351893135,351893135,
互联网	合肥	351074765,351074765,346924084,346924084,30716075,30716075,343033809,343033809,343003613,343003613,340134905,340134905,335383170,335383170,328270045,328270045,23084771,23084771,323488800,323488800,
市场推广	北京	310478448,310478448,271547699,271547699,268873647,268873647,268779922,268779922,265449653,265449653,54705356,54705356,31974805,31974805,25659001,25659001,30443555,30443555,29742496,29742496,
	宁波中学	300850745,48510028,300850745,276807292,48510028,276807292,276011118,48510028,276011118,264446285,48510028,264446285,271519385,48510028,271519385,28868055,48510028,28868055,270248597,48510028,270248597,270134133,48510028,270134133,269940797,48510028,269940797,264617359,48510028,264617359,
	知乎用户	
科研	海淀区	352384014,48510028,352384014,352108632,48510028,352108632,351857255,48510028,351857255,48300695,48510028,48300695,274978007,48510028,274978007,22930891,48510028,22930891,335140617,48510028,335140617,278155816,48510028,278155816,344405727,48510028,344405727,351574168,48510028,351574168,
	游戏时光VGtime	348675168,48510028,348675168,305656482,48510028,305656482,304753950,48510028,304753950,349712491,48510028,349712491,323790816,48510028,323790816,334882602,48510028,334882602,323696286,48510028,323696286,347662352,48510028,347662352,280402313,48510028,280402313,346570037,48510028,346570037,
计算机软件	西雅图（Seattle）	337481109,337481109,352498895,352498895,352171277,352171277,351386257,351386257,350801376,350801376,343979039,343979039,352116266,352116266,351820283,351820283,347670274,347670274,341544600,341544600,
法律	上海	
	石景山脱发研究所	
高等教育		352108632,48510028,352108632,349065717,48510028,349065717,349188644,48510028,349188644,328372267,48510028,328372267,344293653,48510028,344293653,340356461,48510028,340356461,27626505,48510028,27626505,339288662,48510028,339288662,336144045,48510028,336144045,24487538,48510028,24487538,
房地产	中国	
科研	发芽	62110572,62110572,62592816,62592816,60905163,60905163,36092228,36092228,59174156,59174156,57214930,57214930,58120246,58120246,58041461,58041461,21211308,21211308,56979354,56979354,
	Ivan Lukas	336657999,336657999,344029813,344029813,343930405,343930405,283459973,283459973,40779834,40779834,339823768,339823768,338023886,338023886,337185624,337185624,333056888,333056888,335031050,335031050,
食品饮料业	上海市	63778544,63778544,20346465,20346465,286733591,286733591,318595867,318595867,43202985,43202985,22507277,22507277,329826142,329826142,21904190,21904190,322544491,322544491,305507128,305507128,
	宋超	27513493,27513493,48851695,48851695,351823377,351823377,351925201,351925201,349852529,349852529,351243812,351243812,340798861,340798861,351574168,351574168,351336288,351336288,328085754,328085754,
	香港	321245626,48510028,321245626,28109978,48510028,28109978,309818306,48510028,309818306,20104381,48510028,20104381,284209426,48510028,284209426,22821862,48510028,22821862,40161363,48510028,40161363,23730582,48510028,23730582,304473490,48510028,304473490,19573169,48510028,19573169,
互联网	上海	335779376,335779376,278964104,278964104,29856452,29856452,22870425,22870425,
咨询分析	广州市	350733971,350733971,349631956,349631956,337777732,337777732,49538388,49538388,333830284,333830284,329394529,329394529,28438965,28438965,327926946,327926946,329225697,329225697,29023839,29023839,
互联网	重庆	
	火星	
	回忆	351516751,351516751,348969796,348969796,347493159,347493159,345360405,345360405,344588673,344588673,336980301,336980301,328730035,328730035,327546430,327546430,327126416,327126416,326132373,326132373,
出版业	北京	352538684,48510028,352538684,351858266,48510028,351858266,40266158,48510028,40266158,351746002,48510028,351746002,352201909,48510028,352201909,351547210,48510028,351547210,348431980,48510028,348431980,352045229,48510028,352045229,351745592,48510028,351745592,349937232,48510028,349937232,
	
科研	珀斯	351766115,48510028,351766115,342066985,48510028,342066985,37712150,48510028,37712150,350292725,48510028,350292725,349045610,48510028,349045610,349697452,48510028,349697452,348931011,48510028,348931011,347646586,48510028,347646586,347208973,48510028,347208973,346901236,48510028,346901236,
互联网	成都	
科研	深圳市	38433266,38433266,23181813,23181813,350068777,350068777,342310332,342310332,339697175,339697175,307451587,307451587,343543212,343543212,60081832,60081832,33630925,33630925,316021647,316021647,
临床医疗	医学	351589188,48509984,351589188,344974695,48509984,344974695,338869350,48509984,338869350,343626713,48509984,343626713,342738272,48509984,342738272,343499950,48509984,343499950,343294249,48509984,343294249,343015831,48509984,343015831,340445502,48509984,340445502,332865232,48509984,332865232,
制药	北京	351935594,48510028,351935594,328571237,48510028,328571237,352059823,48510028,352059823,352021612,48510028,352021612,30083453,48510028,30083453,279577918,48510028,279577918,351655766,48510028,351655766,351589014,48510028,351589014,350854112,48510028,350854112,347486329,48510028,347486329,
证券投资	伦敦	351997596,48510028,351997596,350943961,48510028,350943961,350138075,48510028,350138075,348483493,48510028,348483493,347874519,48510028,347874519,344533424,48510028,344533424,345307809,48510028,345307809,341494565,48510028,341494565,342526322,48510028,342526322,344483136,48510028,344483136,
计算机软件	南京	21177703,21177703,272066061,272066061,68724508,68724508,267445185,267445185,65164090,65164090,62984361,62984361,20453946,20453946,59861416,59861416,58646279,58646279,45910893,45910893,
	Facebook	39238915,39238915,26084271,26084271,33573424,33573424,27858574,27858574,30571237,30571237,26391060,26391060,
进出口贸易	厦门	31870607,31870607,65417224,65417224,64650334,64650334,32187242,32187242,31061390,31061390,33640154,33640154,38982589,38982589,38758970,38758970,38101333,38101333,37472988,37472988,
	知乎用户	
	上海	280651361,48509984,280651361,47581654,48509984,47581654,307263436,48509984,307263436,333436260,48509984,333436260,68480751,48509984,68480751,50895523,48509984,50895523,323763825,48509984,323763825,322844188,48509984,322844188,296753623,48509984,296753623,19866749,48509984,19866749,
	C++	309998449,48509984,309998449,351429859,48509984,351429859,350801376,48509984,350801376,350647622,48509984,350647622,349673673,48509984,349673673,349937913,48509984,349937913,349444804,48509984,349444804,338313206,48509984,338313206,349325571,48509984,349325571,49294784,48509984,49294784,
博物馆	北京	328191283,328191283,336267047,336267047,277367992,277367992,350708587,350708587,351387793,351387793,36996031,36996031,349245479,349245479,350738975,350738975,310269740,310269740,350038769,350038769,
科研	德国法兰克福	55110691,48510028,55110691,351105205,48510028,351105205,49401742,48510028,49401742,351630539,48510028,351630539,349617188,48510028,349617188,270498281,48510028,270498281,347302891,48510028,347302891,348515847,48510028,348515847,347330239,48510028,347330239,346999432,48510028,346999432,
零售	昆明	266898708,266898708,351085526,351085526,332717605,332717605,347448236,347448236,351502789,351502789,337511147,337511147,349678436,349678436,350937823,350937823,351248066,351248066,350588277,350588277,
	朱理	315310228,48510028,315310228,
	德国留学	21534492,21534492,304501820,304501820,292480707,292480707,35202781,35202781,264111349,264111349,274316091,274316091,278569398,278569398,278934453,278934453,276602635,276602635,276056635,276056635,
临床医疗	上海市杨浦区	350157412,48510028,350157412,352181117,48510028,352181117,351925201,48510028,351925201,47506591,48510028,47506591,351413532,48510028,351413532,350804849,48510028,350804849,344092765,48510028,344092765,346435901,48510028,346435901,23416938,48510028,23416938,308490408,48510028,308490408,
	
高等教育	将作于少监	349925531,349925531,266675940,266675940,339748611,339748611,324932563,324932563,323904885,323904885,321691890,321691890,314717849,314717849,62342449,62342449,54718516,54718516,311233615,311233615,
	赵生贵子	323313115,323313115,324812407,324812407,324423801,324423801,322747981,322747981,279828002,279828002,323900595,323900595,20466200,20466200,323090141,323090141,321671825,321671825,
法律	北京	348049253,348049253,346524212,346524212,329919203,329919203,302432481,302432481,301470869,301470869,300957743,300957743,300636872,300636872,300427549,300427549,300428196,300428196,300561602,300561602,
	竟然	318438489,318438489,35085533,35085533,283633040,283633040,338687999,338687999,339930534,339930534,26121936,26121936,338037669,338037669,61991126,61991126,338043780,338043780,337409517,337409517,
高新科技	北京	329643186,329643186,329481401,21211978,21211978,302224780,302224780,264449652,264449652,20429378,20429378,265020644,265020644,29333673,29333673,263569365,263569365,20904907,20904907,59791003,59791003,
金融	北京	20602526,20602526,300648528,300648528,37940173,37940173,304212209,304212209,269539188,269539188,35249750,35249750,35083230,35083230,20370442,20370442,58424544,58424544,54596367,54596367,
房地产		351275139,351275139,62114631,62114631,28444782,28444782,268169877,268169877,55235683,55235683,264285024,264285024,344054306,344054306,342056290,342056290,340424050,340424050,339916382,339916382,
	台州市	
	妍娘	268804323,268804323,27909931,27909931,59665906,59665906,263911615,263911615,48141169,48141169,55223823,55223823,20055884,20055884,24394993,24394993,29815158,29815158,55323615,55323615,
生物工程	上海市	21338553,21338553,
	叶同学	348887180,348887180,350073460,350073460,350043341,350043341,312055617,312055617,347841344,347841344,342790781,342790781,345293044,345293044,344463520,344463520,343981496,343981496,342226908,342226908,
	知乎用户	

	郎朗	
出版业	法国	346054747,346054747,349005750,349005750,337342123,337342123,343814084,343814084,349979230,349979230,337575462,337575462,340127772,340127772,345437802,345437802,346696361,346696361,347501180,347501180,
	北京科技大学	340424704,340424704,275567999,275567999,272339347,272339347,264201212,264201212,52748319,52748319,38227952,38227952,30001453,30001453,29578819,29578819,29014821,29014821,24599091,24599091,
	匂宫出梦	345805127,345805127,343196093,343196093,341883673,341883673,341421709,341421709,339717916,339717916,335461865,335461865,335952196,335952196,45206155,45206155,306225350,306225350,28700153,28700153,
	南阜	324076932,324076932,292317052,292317052,315548993,315548993,312655248,312655248,305222066,305222066,309506598,309506598,309002612,309002612,308398166,308398166,68530059,68530059,305532011,305532011,
高等教育	北京	280623991,280623991,28181478,28181478,280682851,280682851,280096648,280096648,59585061,59585061,68109553,68109553,278694473,278694473,275680961,275680961,275282111,275282111,266789192,266789192,
互联网	北京市	339405132,48509984,339405132,347545092,48509984,347545092,335289475,48509984,335289475,333074061,48509984,333074061,330307904,48509984,330307904,308543084,48509984,308543084,39448807,48509984,39448807,265357659,48509984,265357659,302392659,48509984,302392659,290088641,48509984,290088641,
	知乎汽车	343499950,48510028,343499950,327035700,
广播电视	北京市	269079112,269079112,350638122,350638122,337222208,337222208,348478699,348478699,347371048,347371048,280429101,280429101,346397280,346397280,344348856,344348856,267028735,267028735,338277363,338277363,
		
	Nurt Wong	350069658,350069658,59697770,59697770,348802019,348802019,291597382,291597382,347219929,347219929,333103282,333103282,341046228,341046228,344161179,344161179,345124567,345124567,341390208,341390208,
	何物	352173424,352173424,351565615,351565615,35529957,35529957,325799055,325799055,347416955,347416955,38919175,38919175,350200059,350200059,350674658,350674658,309668321,309668321,21159187,21159187,
教育	兔九九	275487379,275487379,31274399,31274399,36180648,36180648,36299198,36299198,36403236,36403236,35760541,35760541,34915259,34915259,31828531,31828531,31910051,31910051,31102779,31102779,
	San Diego County	293991712,293991712,
	pan seaeye	351758772,351758772,349713988,349713988,348514451,348514451,347928906,347928906,347726563,347726563,345779314,345779314,342110935,342110935,343837399,343837399,343816072,343816072,51757298,51757298,
金融	投行小兵	351312949,351312949,350319240,350319240,62687138,62687138,344312521,344312521,345242127,345242127,338686134,338686134,307885148,307885148,316979063,316979063,329919203,329919203,39081910,39081910,
机械设备		
生物工程	上海	21862436,21862436,30676996,30676996,263578524,263578524,285212032,285212032,20444756,20444756,264335140,264335140,67512889,67512889,24932149,24932149,59902130,59902130,49922975,49922975,
创意艺术	尼堪巴图鲁	337568352,337568352,21442920,21442920,
	Macro kuo	22145314,22145314,65760020,65760020,53780469,53780469,52370087,52370087,25955644,25955644,32315497,32315497,38920431,38920431,20491952,20491952,35124067,35124067,54398623,54398623,
渔业	JAPARI PARK	
艺术娱乐	北京	321057011,321057011,321036608,321036608,20549668,20549668,33660610,33660610,51614596,51614596,20517812,20517812,22380107,22380107,58256542,58256542,63657511,63657511,315671785,315671785,
		
	日利纳（Žilina）	352325729,352325729,346335755,346335755,54530226,54530226,26424744,26424744,36169343,36169343,38847682,38847682,20273259,20273259,50779824,50779824,344844888,344844888,343486719,343486719,
	大数据与AI法律研究中心	315310228,48510028,315310228,
	知乎用户	
互联网	北京	
临床医疗	北京	351116257,48509984,351116257,349705422,48509984,349705422,343862428,48509984,343862428,342402784,48509984,342402784,342201008,48509984,342201008,340994102,48509984,340994102,340923924,48509984,340923924,30674383,48509984,30674383,338364708,48509984,338364708,340963157,48509984,340963157,
博物馆	上海	
互联网	北京	352085186,352085186,347384322,347384322,308201447,308201447,351174386,351174386,21793993,21793993,350614145,350614145,350366858,350366858,347469966,347469966,345431917,345431917,346299665,346299665,
	
教育	北京市	332928605,332928605,336035791,336035791,333847622,333847622,322092871,322092871,332189681,332189681,323700404,323700404,27226379,27226379,287680332,287680332,316564926,316564926,38562043,38562043,
临床医疗	妍泽慕慕	347976296,347976296,347097829,347097829,343472412,343472412,348626198,348626198,333501198,333501198,334878732,334878732,334670498,334670498,334830595,334830595,334171213,334171213,333843784,333843784,
	加州大学伯克利分校	320022730,320022730,320487191,320487191,315556806,315556806,66515131,66515131,
互联网		345431917,345431917,26787893,26787893,41226580,41226580,289588220,289588220,291377942,291377942,29288179,29288179,290003248,290003248,29162468,29162468,35471739,35471739,288884310,288884310,
	北京	
互联网	北京	20671774,20671774,45497644,45497644,45400752,45400752,34844163,34844163,39702972,39702972,22390958,22390958,20443497,20443497,39829502,39829502,20318069,20318069,28819689,28819689,
科研	新泽西	
高等教育	长春	
	
	Berkeley	23745175,23745175,30898800,30898800,35566013,35566013,35565971,35565971,
渔业	邢台	337024044,337024044,338053904,338053904,335681323,335681323,331281360,331281360,334807724,334807724,322580329,322580329,20430199,20430199,333629717,333629717,331637139,331637139,330527125,330527125,
广告	湖南省	19717687,19717687,339244253,339244253,31516542,31516542,348987005,348987005,348942803,348942803,316608391,316608391,349304426,349304426,343685354,343685354,318847299,318847299,347953882,347953882,
	月面都市格拉纳达	340109656,340109656,336588231,336588231,335256830,335256830,316448765,316448765,297469912,297469912,280790951,280790951,61101535,61101535,68563558,68563558,41202844,41202844,52762927,52762927,
互联网	Atomic rotation	340078125,340078125,35123246,35123246,54468585,54468585,337934323,337934323,55812034,55812034,286224324,286224324,267428068,267428068,264677650,264677650,264794801,264794801,263739142,263739142,
互联网	杭州	351426844,351426844,352084212,352084212,351106143,351106143,351180302,351180302,350411823,350411823,308115396,308115396,336267047,336267047,319158572,319158572,347469966,347469966,21287801,21287801,
	
	海外	
高新科技		
互联网		344420297,344420297,311988756,311988756,31530368,31530368,311751275,311751275,324317060,324317060,52140173,52140173,27694889,27694889,32065881,32065881,350352577,350352577,348446136,348446136,
	IGN娱乐	56553986,56553986,296392532,296392532,299569080,299569080,277617787,277617787,280790951,280790951,289145278,289145278,294222231,294222231,280571504,280571504,295191136,295191136,264129947,264129947,
	Phantom Kid	334165264,334165264,323307115,323307115,49325338,49325338,268508244,268508244,313323202,313323202,303765469,303765469,268508586,268508586,285228757,285228757,
	南京	342107274,342107274,48916723,48916723,
	武汉大学	
信息传媒	北京	335170146,335170146,278314025,278314025,29815334,29815334,265608016,265608016,29423879,29423879,33201508,33201508,46564320,46564320,49844306,49844306,25914780,25914780,
高等教育	南京	350603489,48509984,350603489,349505344,48509984,349505344,341716041,48509984,341716041,298933804,48509984,298933804,306925471,48509984,306925471,62508035,48509984,62508035,63369409,48509984,63369409,60265354,48509984,60265354,59795325,48509984,59795325,56851889,48509984,56851889,
	科普	352387157,48510028,352387157,351320383,48510028,351320383,350632093,48510028,350632093,64423726,48510028,64423726,295297327,48510028,295297327,349697452,48510028,349697452,349548263,48510028,349548263,348481104,48510028,348481104,345804190,48510028,345804190,20039741,48510028,20039741,
	上海市	346805059,48509984,346805059,337581201,48509984,337581201,337570699,48509984,337570699,326486872,48509984,326486872,325453964,48509984,325453964,308782428,48509984,308782428,314920036,48509984,314920036,314519437,48509984,314519437,305898425,48509984,305898425,306651541,48509984,306651541,
化工业	武汉科技大学	348067123,348067123,350292725,350292725,348386359,348386359,335306543,335306543,328470579,328470579,327462785,327462785,324664908,324664908,51941302,51941302,270858236,270858236,324739151,324739151,
艺术娱乐	北京	
	物理学	349705396,48510028,349705396,266578103,48510028,266578103,20149030,48510028,20149030,22378707,48510028,22378707,27345635,48510028,27345635,272182118,48510028,272182118,20678127,48510028,20678127,27605022,48510028,27605022,21073959,48510028,21073959,22736533,48510028,22736533,
	网易爱玩	319356460,48510028,319356460,318930355,48510028,318930355,329934554,48510028,329934554,315787611,48510028,315787611,317525988,48510028,317525988,313239501,48510028,313239501,290675456,48510028,290675456,314500394,48510028,314500394,324024747,48510028,324024747,265408094,48510028,265408094,
	阿姆斯特丹（Amsterdam）	48376056,48510028,48376056,22679307,48510028,22679307,340312596,48510028,340312596,31292815,48510028,31292815,24019604,48510028,24019604,337341123,48510028,337341123,64993126,48510028,64993126,326199739,48510028,326199739,336303736,48510028,336303736,330324522,48510028,330324522,
	温和派小哥哥	31924610,31924610,40077543,40077543,349786867,349786867,35746524,35746524,39115031,39115031,37336015,37336015,352018927,352018927,351857102,351857102,347487482,347487482,349353721,349353721,
高等教育	北京大学	351537431,351537431,345718537,345718537,345564963,345564963,345365328,345365328,344333219,344333219,339847376,339847376,308894208,308894208,322139752,322139752,336418328,336418328,333244832,333244832,
	
水利能源	多肉	346153353,346153353,343942151,343942151,266815080,266815080,338966064,338966064,334333748,334333748,332907522,332907522,331312547,331312547,325819023,325819023,319844765,319844765,319641115,319641115,
	清华大学新闻与传播学院	267386963,267386963,295454420,295454420,289823629,289823629,20549102,20549102,271437682,271437682,22635802,22635802,267193501,267193501,263824222,263824222,50299613,50299613,46373374,46373374,
科研	北京大学	264146963,264146963,63803134,63803134,22324092,22324092,
互联网		343771500,343771500,349983608,349983608,350336215,350336215,350960554,350960554,348045838,348045838,52519119,52519119,345011069,345011069,347745552,347745552,41767913,41767913,347495742,347495742,
博物馆	北京	347813086,347813086,305880051,305880051,313637527,313637527,311083284,311083284,313449427,313449427,288643035,288643035,286020463,286020463,270236029,270236029,266287659,266287659,266126365,266126365,
	上海	23164813,23164813,329657451,329657451,40229662,40229662,316881475,316881475,266808330,266808330,265146316,265146316,67647793,67647793,62688243,62688243,28057213,28057213,62830499,62830499,
	万门大学	63869501,48510028,63869501,21252929,48510028,21252929,27350570,48510028,27350570,25023596,48510028,25023596,34896789,48510028,34896789,22297440,48510028,22297440,20760876,48510028,20760876,310716454,48510028,310716454,23364602,48510028,23364602,41907188,48510028,41907188,
	Chad	346060032,346060032,339440306,339440306,328742505,328742505,
科研	南京	347226323,48510028,347226323,346387827,48510028,346387827,344477857,48510028,344477857,343550429,48510028,343550429,333822277,48510028,333822277,335027563,48510028,335027563,319007409,48510028,319007409,316965841,48510028,316965841,315949112,48510028,315949112,311385478,48510028,311385478,
图书馆	成都	20210570,20210570,274755800,274755800,19756850,19756850,302303896,302303896,301669529,301669529,51459141,51459141,22050217,22050217,289855394,289855394,54244592,54244592,33635567,33635567,
	知乎用户	
法律		346930548,346930548,346648714,346648714,276307864,276307864,268387460,268387460,299528616,299528616,263954039,263954039,265849570,265849570,35035813,35035813,338661820,338661820,28037924,28037924,
广播电视	镇江	349125932,349125932,346504548,346504548,346056528,346056528,342738272,342738272,343282367,343282367,341445689,341445689,340228031,340228031,340853960,340853960,340912959,340912959,334406504,334406504,
临床医疗	Boston	352108632,48510028,352108632,347578102,48510028,347578102,341336919,48510028,341336919,54732488,48510028,54732488,344108266,48510028,344108266,41182911,48510028,41182911,349870265,48510028,349870265,302836305,48510028,302836305,350305014,48510028,350305014,274300927,48510028,274300927,
	拓跋丞祚	288186884,288186884,287292944,287292944,286378744,286378744,40732202,40732202,
旅游	北京	29517463,48510028,29517463,312747301,48510028,312747301,30447146,48510028,30447146,22159864,48510028,22159864,59304414,48510028,59304414,48397252,48510028,48397252,50702972,48510028,50702972,27070392,48510028,27070392,23699748,48510028,23699748,61341735,48510028,61341735,
法律	北京	352026926,352026926,21395669,21395669,350243609,350243609,348478699,348478699,344238261,344238261,329971551,329971551,346602215,346602215,345052269,345052269,52311241,52311241,334641663,334641663,
金融	北京	20484952,20484952,25700954,25700954,25420679,25420679,23941391,23941391,20179271,20179271,20547235,20547235,19832061,19832061,23570353,23570353,21559962,21559962,22100984,22100984,
高等教育	北京	349028925,48510028,349028925,349548263,48510028,349548263,267676068,48510028,267676068,315810002,48510028,315810002,303760154,48510028,303760154,54656254,48510028,54656254,280686596,48510028,280686596,56436534,48510028,56436534,37093377,48510028,37093377,268198172,48510028,268198172,
高等教育	剑桥	
	John Qu	317012455,317012455,27970533,27970533,314650717,314650717,315794145,315794145,306222688,306222688,299806452,299806452,26848618,26848618,299777570,299777570,300582317,300582317,299446043,299446043,
高等教育	福州	351916794,351916794,336713444,336713444,331323988,331323988,322098561,322098561,270046725,270046725,270211640,270211640,275137775,275137775,268566417,268566417,268309742,268309742,266401217,266401217,
互联网	北京	314920036,48509984,314920036,300744228,48509984,300744228,298924341,48509984,298924341,293354829,48509984,293354829,66774931,48509984,66774931,21746164,48509984,21746164,22777150,48509984,22777150,51184560,48509984,51184560,59402579,48509984,59402579,41677539,48509984,41677539,
土砂石开采	Colorado	
互联网	广州市	349670965,349670965,349385305,349385305,351567732,351567732,348742264,348742264,344019917,344019917,349378789,349378789,343519209,343519209,349198472,349198472,349199028,349199028,346162314,346162314,
	格勒诺布尔大学	34766305,34766305,302594048,302594048,23809895,23809895,33972831,33972831,27062851,27062851,61010049,61010049,342285861,342285861,267458939,267458939,341415289,341415289,346911813,346911813,
军火	格陵兰	41082652,48510028,41082652,351713295,48510028,351713295,348629629,48510028,348629629,347721254,48510028,347721254,339378907,48510028,339378907,338233685,48510028,338233685,31358636,48510028,31358636,35317151,48510028,35317151,351547944,48510028,351547944,351064993,48510028,351064993,
体育健身	Islington, London	318798534,318798534,293715266,293715266,276760443,276760443,270952276,270952276,53754247,53754247,
教育	北京	351702000,48510028,351702000,351456063,48510028,351456063,320271269,48510028,320271269,350868534,48510028,350868534,350700207,48510028,350700207,350927215,48510028,350927215,350213841,48510028,350213841,350826256,48510028,350826256,350750410,48510028,350750410,344324127,48510028,344324127,
	桃白白	350634368,350634368,349942702,349942702,341415289,341415289,346575252,346575252,337358326,337358326,30861415,30861415,40924763,40924763,343363659,343363659,343661811,343661811,61866440,61866440,
	卡罗林斯卡医学院	318841661,48510028,318841661,22445828,48510028,22445828,52107943,48510028,52107943,20239732,48510028,20239732,20173125,48510028,20173125,38577814,48510028,38577814,264044636,48510028,264044636,41649671,48510028,41649671,39702972,48510028,39702972,
临床医疗	合肥市	30562165,48510028,30562165,352059823,48510028,352059823,19850048,48510028,19850048,38827553,48510028,38827553,351447353,48510028,351447353,263465293,48510028,263465293,21148187,48510028,21148187,21132926,48510028,21132926,279883514,48510028,279883514,35139807,48510028,35139807,
	
旅游	丽江	310072846,48510028,310072846,351262532,48510028,351262532,341397173,48510028,341397173,350069658,48510028,350069658,323725996,48510028,323725996,347861560,48510028,347861560,279579029,48510028,279579029,315064424,48510028,315064424,347268325,48510028,347268325,334246764,48510028,334246764,
	YoonA	322749665,322749665,295523340,295523340,307906704,307906704,335585811,335585811,330370453,330370453,289935071,289935071,315775983,315775983,320493642,320493642,278149633,278149633,283658653,283658653,
	中国一带一路网	337554161,48510028,337554161,65075034,48510028,65075034,
	知乎用户	
	北京	324688400,48510028,324688400,322048927,48510028,322048927,321623705,48510028,321623705,314370147,48510028,314370147,318211015,48510028,318211015,317859601,48510028,317859601,313971673,48510028,313971673,21278186,48510028,21278186,313265388,48510028,313265388,28321939,48510028,28321939,
	feby	351937599,351937599,351806204,351806204,352389200,352389200,348460737,348460737,351105205,351105205,351312949,351312949,341294095,341294095,341690024,341690024,347744137,347744137,21887119,21887119,
	知乎读书会	46599887,48510028,46599887,316843290,48510028,316843290,65854099,48510028,65854099,
服务业	河南	266566261,266566261,270826541,270826541,61255663,61255663,59779063,59779063,59227802,59227802,58370113,58370113,46343816,46343816,52243396,52243396,57551192,57551192,57557739,57557739,
	
计算机软件		352185377,352185377,351545907,351545907,307549856,307549856,347831576,347831576,350840449,350840449,351336288,351336288,64098717,64098717,351292247,351292247,347715386,347715386,349088839,349088839,
	恶魔传教士	347848788,347848788,349979056,349979056,339608364,339608364,345021113,345021113,338545032,338545032,333755395,333755395,326895053,326895053,330430261,330430261,328099221,328099221,325340513,325340513,
	腾讯《活着》栏目	
金融	北京	352030125,352030125,316972557,316972557,350450618,350450618,351865300,351865300,321877345,321877345,299240782,299240782,351321487,351321487,351747235,351747235,27520782,27520782,51956694,51956694,
互联网	学生	
教育	硅谷	349617188,48510028,349617188,306755192,48510028,306755192,325926441,48510028,325926441,344827837,48510028,344827837,342851317,48510028,342851317,58389726,48510028,58389726,47045516,48510028,47045516,334437374,48510028,334437374,331318550,48510028,331318550,328706215,48510028,328706215,
互联网	福建厦门	327475981,48509984,327475981,324915992,48509984,324915992,23466517,48509984,23466517,304679904,48509984,304679904,286359029,48509984,286359029,320759894,48509984,320759894,311559872,48509984,311559872,28025036,48509984,28025036,19612255,48509984,19612255,288589445,48509984,288589445,
	被遗弃的things	19637200,19637200,
高等教育	千老	
	程叶	266407860,266407860,39855662,39855662,22106318,22106318,51362970,51362970,60408723,60408723,55861305,55861305,54253515,54253515,20369764,20369764,
艺术娱乐	陕西西安	341061910,48509984,341061910,342936488,48509984,342936488,339738961,48509984,339738961,340858836,48509984,340858836,339786075,48509984,339786075,339607293,48509984,339607293,333388789,48509984,333388789,338458872,48509984,338458872,338352972,48509984,338352972,337235756,48509984,337235756,
	知乎动画	36185505,48510028,36185505,
	芳草	316227277,316227277,
	火星	351763238,351763238,324743178,324743178,66647261,66647261,328026825,328026825,305540317,305540317,327676225,327676225,66260654,66260654,323039705,323039705,325499738,325499738,326459663,326459663,
	台北	67907217,67907217,65270788,65270788,53099695,53099695,33391814,33391814,20291863,52895297,52895297,45320404,45320404,52889772,52889772,52891604,52891604,33183665,33183665,52214670,52214670,
科研	克莱登大学	39757868,39757868,30205562,30205562,21874816,21874816,24273228,24273228,27338334,27338334,26680768,26680768,19963623,19963623,20522863,20522863,20492975,20492975,
公共服务	河北省	31856430,31856430,285692647,285692647,32229128,32229128,342188784,342188784,352139692,352139692,342237776,342237776,20593151,20593151,352189732,352189732,302726763,302726763,351401682,351401682,
	立党	
	深圳市	
	经济学	351592212,48509984,351592212,350072008,48509984,350072008,348260714,48509984,348260714,65218492,48509984,65218492,35029833,48509984,35029833,342245028,48509984,342245028,343898658,48509984,343898658,267859024,48509984,267859024,65462889,48509984,65462889,334058438,48509984,334058438,
非营利组织	北京市	
高等教育	北京	350857182,48510028,350857182,329880884,48510028,329880884,350072008,48510028,350072008,348719316,48510028,348719316,344974234,48510028,344974234,348260714,48510028,348260714,304529389,48510028,304529389,347699747,48510028,347699747,347495742,48510028,347495742,21362402,48510028,21362402,
	飞鸟199101	298663372,298663372,
	
	导演饺子	310186247,48510028,310186247,
	青岛市	339264197,339264197,
	南宁	351874610,351874610,22579620,22579620,350106954,350106954,350801050,350801050,349020652,349020652,348210162,348210162,347971437,347971437,347514645,347514645,343803624,343803624,343958643,343958643,
互联网	上海	22262551,22262551,59137812,59137812,57858214,57858214,46766294,46766294,
计算机硬件	知乎用户	
科研	多伦多	48291527,48510028,48291527,36814582,48510028,36814582,34506654,48510028,34506654,36086375,48510028,36086375,31803849,48510028,31803849,31428085,48510028,31428085,29726310,48510028,29726310,29208379,48510028,29208379,20756288,48510028,20756288,23351662,48510028,23351662,
互联网	北京	
	尹诺	43536487,48510028,43536487,310298977,48510028,310298977,351260876,48510028,351260876,24461808,48510028,24461808,350535184,48510028,350535184,37777781,48510028,37777781,346709615,48510028,346709615,345667752,48510028,345667752,343322096,48510028,343322096,48737484,48510028,48737484,
护理服务	深圳市	347837811,347837811,34455730,34455730,21235698,21235698,339012386,339012386,334263138,334263138,50003031,50003031,39601953,39601953,275612174,275612174,27908480,27908480,321299923,321299923,
环境保护	卡拉提配·阿斯兰塔斯国家公园	38552249,38552249,340486237,340486237,327013117,327013117,46657227,46657227,265883565,265883565,333132686,333132686,318972567,318972567,19884011,19884011,29328075,29328075,51040901,51040901,
房地产		
资本投资	密歇根大学 (University of Michigan)	
养老服务	莫斯科	58116881,58116881,351720596,351720596,351487116,351487116,351186434,351186434,278581281,278581281,351316749,351316749,23809895,23809895,38204944,38204944,349803370,349803370,298632564,298632564,
	
	郭包肉	313850426,313850426,37608302,37608302,
	上海	351407397,351407397,348957764,348957764,348521579,348521579,336057424,336057424,332100340,332100340,331239293,331239293,269116590,269116590,317938054,317938054,317337488,317337488,316710648,316710648,
		21567651,21567651,352569715,352569715,335857996,335857996,351721168,351721168,352108632,352108632,265890550,265890550,352173424,352173424,352181117,352181117,351823377,351823377,351667348,351667348,
科研	深圳市	55638805,55638805,265872044,265872044,265457213,265457213,34638344,34638344,63967993,63967993,64662008,64662008,65284692,65284692,34816249,34816249,31740233,31740233,22305316,22305316,
	棕榈大道	293138588,48510028,293138588,28592283,48510028,28592283,20961302,48510028,20961302,21449249,48510028,21449249,21079084,48510028,21079084,271289851,48510028,271289851,26348078,48510028,26348078,20037578,48510028,20037578,52060765,48510028,52060765,63441562,48510028,63441562,
	Graywolf	68229746,68229746,
地产建筑	深圳市	351688179,48510028,351688179,63282327,48510028,63282327,22775070,48510028,22775070,350843695,48510028,350843695,351011831,48510028,351011831,343366043,48510028,343366043,341285251,48510028,341285251,335284825,48510028,335284825,344865142,48510028,344865142,336451287,48510028,336451287,
艺术娱乐	北京	344019917,48510028,344019917,292347411,48510028,292347411,351106143,48510028,351106143,41101588,48510028,41101588,318913382,48510028,318913382,350243609,48510028,350243609,346282105,48510028,346282105,349113933,48510028,349113933,348181968,48510028,348181968,340452938,48510028,340452938,
高等教育	中山大学	350636545,350636545,336185355,336185355,36769026,36769026,22603180,22603180,327636276,327636276,338819227,338819227,337619508,337619508,312545822,312545822,
高等教育		341415289,48510028,341415289,341049216,48510028,341049216,67064860,48510028,67064860,67064860,284808173,48510028,284808173,263691419,48510028,263691419,264983197,48510028,264983197,263909521,48510028,263909521,52216261,48510028,52216261,30436087,54642579,48510028,54642579,57868511,48510028,57868511,
种植业	黄章晋	25668999,48510028,25668999,294459024,48510028,294459024,55527956,48510028,55527956,56126362,48510028,56126362,28276517,48510028,28276517,47259679,48510028,47259679,47199427,48510028,47199427,39169607,48510028,39169607,23416532,48510028,23416532,22527500,48510028,22527500,
高等教育	广州市	349176951,48510028,349176951,348336189,48510028,348336189,348450748,48510028,348450748,347655832,48510028,347655832,347173532,48510028,347173532,347154862,48510028,347154862,346644452,48510028,346644452,346922332,48510028,346922332,346189401,48510028,346189401,346199018,48510028,346199018,
策展	上海	351720960,48510028,351720960,351993736,48510028,351993736,351336288,48510028,351336288,350126182,48510028,350126182,346547184,48510028,346547184,270176399,21956171,48510028,21956171,344483136,48510028,344483136,344763924,48510028,344763924,343742713,48510028,343742713,342737243,48510028,342737243,
	龟兹	
	重庆	351916794,351916794,341488319,341488319,27792903,27792903,350200059,350200059,345670439,345670439,321277654,321277654,341444239,341444239,292842337,292842337,283570700,283570700,23228665,23228665,
计算机软件	玩具	335896564,48509984,335896564,331396381,48509984,331396381,320995009,48509984,320995009,320420600,48509984,320420600,23885341,48509984,23885341,298084318,48509984,298084318,297959192,48509984,297959192,279910288,48509984,279910288,279193211,48509984,279193211,33313490,48509984,33313490,
国防军事		351720960,351720960,345648963,345648963,318529227,318529227,347916453,347916453,346763735,346763735,349325365,349325365,348081092,348081092,348642220,348642220,347687815,347687815,348040365,348040365,
高等教育	小保健	319482804,319482804,306834082,306834082,306999293,306999293,307217023,307217023,307288738,307288738,307297771,307297771,30518387,30518387,294704916,294704916,25988605,25988605,294467794,294467794,
科研	北京	352387157,48510028,352387157,348022172,48510028,348022172,19972777,48510028,19972777,349697452,48510028,349697452,348067123,48510028,348067123,343895996,48510028,343895996,343550429,48510028,343550429,339386504,48510028,339386504,340703902,48510028,340703902,336716564,48510028,336716564,
电子游戏	蓝星—蒸汽大陆	309481847,309481847,302494225,302494225,285167586,285167586,269694925,269694925,268807603,268807603,268761638,268761638,268761638,268761638,268761638,268761638,268761638,268431823,268431823,266889481,266889481,266629449,266629449,265762629,265762629,
	潍坊	
咨询分析	郑州	
	五柳先生	27866177,27866177,301192797,301192797,288773494,288773494,25443917,25443917,315025069,315025069,315174100,315174100,305998078,305998078,52519119,52519119,305901656,305901656,302287151,302287151,
	北京	323999901,323999901,68680979,68680979,62542576,62542576,61011871,61011871,58133741,58133741,59369673,59369673,58979885,58979885,58415348,58415348,53252004,53252004,29424852,29424852,
通信	上海	
互联网	新加坡	351937599,48510028,351937599,352047792,48510028,352047792,283762516,48510028,283762516,341294095,48510028,341294095,351464044,48510028,351464044,351014096,48510028,351014096,351133657,48510028,351133657,350322267,48510028,350322267,349842554,48510028,349842554,349964759,48510028,349964759,
政府		33259306,33259306,26741990,26741990,300678164,300678164,36876900,36876900,335196947,335196947,55095645,55095645,53986357,53986357,22341844,22341844,31830972,31830972,20250565,20250565,
造纸业	阿富汗	
	紫丝竹断	
	090811mario	351410373,351410373,317217899,317217899,350934151,350934151,306485395,306485395,346656574,346656574,342281903,342281903,319622127,319622127,299942271,299942271,344963048,344963048,50282856,50282856,
	四川	










































































































































































































































































































































