
种植业	春过雪消	352256691,352256691,351911584,351911584,349776045,349776045,46817892,349503632,349503632,37442854,37442854,346978412,346978412,344875519,344875519,342428705,342428705,339946522,339946522,333753556,333753556,
特殊教育		277810463,277810463,276488630,276488630,51961786,51961786,275433741,275433741,48268466,48268466,65273116,65273116,270858386,270858386,271022199,271022199,276052326,276052326,26985993,26985993,
	美国	31380152,48510028,31380152,326509588,48510028,326509588,324473155,48510028,324473155,302057512,48510028,302057512,315213793,48510028,315213793,303671507,48510028,303671507,29135426,48510028,29135426,300255067,48510028,300255067,286861464,48510028,286861464,20167901,48510028,20167901,
	首都经济贸易大学	275252582,275252582,351300910,351300910,345434774,345434774,340936453,340936453,346385107,346385107,49432258,49432258,315917850,315917850,348009204,348009204,345593418,345593418,275692465,275692465,
	北京	63261061,63261061,61316372,61316372,60177057,60177057,54166629,54166629,26980862,26980862,41365485,41365485,22741702,22741702,29342383,29342383,26859195,26859195,35487017,35487017,
	北京	343647357,343647357,300735799,300735799,316521164,316521164,20583251,20583251,306084323,306084323,34378366,34378366,304690316,304690316,304647978,304647978,301803268,301803268,304106746,304106746,
计算机软件	Senior Software Architect	23913984,48509984,23913984,347424469,48509984,347424469,297352315,48509984,297352315,338544101,48509984,338544101,344293653,48509984,344293653,327000131,48509984,327000131,283922633,48509984,283922633,341560726,48509984,341560726,347495742,48509984,347495742,26190832,48509984,26190832,
房地产	成都	350828919,350828919,351508202,351508202,349898069,349898069,349545595,349545595,349505344,349505344,347440504,347440504,349192039,349192039,348172989,348172989,52127140,52127140,278594044,278594044,
创意艺术	厦门	38853163,38853163,51974238,51974238,21677411,21677411,24329745,24329745,61028170,61028170,27857127,27857127,22786718,22786718,33602523,33602523,25359922,25359922,20874441,20874441,
互联网	大阪	316772639,316772639,306167942,306167942,36144261,36144261,293672914,293672914,277390104,277390104,29636826,29636826,28423165,28423165,265986345,265986345,23089497,23089497,20450707,20450707,
造纸业	最快的男人	347790285,347790285,329544266,329544266,286779039,286779039,287656023,287656023,285191760,285191760,277214294,277214294,36498556,36498556,267651077,267651077,264957828,264957828,264111204,264111204,
高等教育	圣洛伦索-德埃尔埃斯科里亚尔	344356939,48510028,344356939,342059403,48510028,342059403,342112234,48510028,342112234,340140889,48510028,340140889,314971357,48510028,314971357,340230896,48510028,340230896,314282508,48510028,314282508,342364237,48510028,342364237,266556471,48510028,266556471,284634678,48510028,284634678,
金融	优比特	327783956,327783956,325818468,325818468,313568576,313568576,313414384,313414384,311257121,311257121,300648528,300648528,304343307,304343307,299741613,299741613,289122360,289122360,22090228,22090228,
	LinkedIn领英中国	290003248,48510028,290003248,313622793,48510028,313622793,351334782,48510028,351334782,27201150,48510028,27201150,347869019,48510028,347869019,21158801,48510028,21158801,307264057,48510028,307264057,293390085,48510028,293390085,24981270,48510028,24981270,284528244,48510028,284528244,
互联网	北京	25694237,25694237,335827210,335827210,334182992,334182992,352391599,352391599,33259306,33259306,22820092,22820092,264329668,264329668,346178270,346178270,351133593,351133593,351591093,351591093,
房地产	北京	339733362,339733362,352185941,352185941,343326783,343326783,352115462,352115462,344725183,344725183,288237764,288237764,349980330,349980330,349104542,349104542,24209782,24209782,333731819,333731819,
互联网	上海	352108632,352108632,321452698,321452698,336877457,336877457,310799820,310799820,337264493,337264493,63894266,63894266,47908341,47908341,326472498,326472498,266090769,266090769,323480330,323480330,
	Eleven	311310573,311310573,21902017,21902017,
互联网		
	温柔半仙儿	275359100,275359100,23733875,23733875,298749931,298749931,276481621,276481621,267782048,267782048,24560066,24560066,35113772,35113772,29538902,29538902,21672013,293356522,293356522,266137915,266137915,
	柚冷淡	27910572,27910572,284666658,284666658,39677202,39677202,50734809,50734809,65650970,65650970,51663983,51663983,33593693,33593693,64569207,64569207,60992239,60992239,23321547,23321547,
互联网		298843703,298843703,27006591,27006591,20353433,20353433,20250938,20250938,49658622,49658622,50646408,50646408,28460608,28460608,41342545,41342545,27384380,27384380,28142056,28142056,
教育	北京	301438193,301438193,60639226,60639226,293215824,293215824,65870582,65870582,65814000,65814000,34576612,34576612,
互联网	昆明	
	
	知乎用户	
	suckaapu	
互联网	北京	40315645,40315645,346024815,346024815,322175199,322175199,19851528,19851528,324720000,324720000,310186247,310186247,333022816,333022816,277221676,277221676,316062439,316062439,63894266,63894266,
互联网	北京	327398945,327398945,350675490,350675490,347761332,347761332,344546627,344546627,59028311,59028311,53984755,53984755,19638296,19638296,60798516,60798516,41884637,41884637,320766499,320766499,
	谭卓	286290165,48510028,286290165,20424002,48510028,20424002,276620696,48510028,276620696,

体育健身	北京	263566160,263566160,39869142,39869142,47463477,47463477,22467220,22467220,22753039,22753039,60329096,60329096,40241431,40241431,55762734,55762734,36380091,36380091,20687290,20687290,
	纯黑	279093834,279093834,279353170,279353170,279354639,279354639,278938929,278938929,278769295,278769295,278593118,278593118,278631545,278631545,29923236,29923236,278426248,278426248,278418703,278418703,
	公路商店ontheroadstore	303147079,48510028,303147079,264236078,48510028,264236078,56557670,48510028,56557670,38449302,48510028,38449302,36659370,48510028,36659370,40456525,48510028,40456525,
	李遥岑	19647535,19647535,48791963,48791963,22877738,22877738,268315465,268315465,36226425,36226425,21135451,21135451,53905330,53905330,60921684,60921684,60542286,60542286,64912191,64912191,
互联网	重庆	309817716,309817716,20259887,20259887,27892718,27892718,30401879,30401879,20353433,20353433,52313037,52313037,36272656,36272656,29323726,29323726,34839274,34839274,23297105,23297105,
教育	北京	
创意艺术	武汉	331132551,331132551,350640295,350640295,339855206,339855206,29511196,29511196,318517025,318517025,325465259,325465259,300092803,300092803,319841193,319841193,61925487,61925487,27383516,27383516,
高等教育	北京	61509230,61509230,44769704,44769704,329352289,329352289,319667523,319667523,308232247,308232247,59590635,59590635,24977193,24977193,294023929,294023929,293211975,293211975,38664529,38664529,
	SexQueen	340181805,340181805,349200235,349200235,350704034,350704034,350390318,350390318,347406320,347406320,347418645,347418645,343275774,343275774,337663590,337663590,338259138,338259138,338926220,338926220,

	包头市	349527340,349527340,343316114,343316114,338574333,338574333,342358664,342358664,342173927,342173927,342609869,342609869,342893943,342893943,342280918,342280918,342187520,342187520,341427156,341427156,
证券投资	
通信		318937670,318937670,336840672,336840672,29013810,29013810,346449266,346449266,345413562,345413562,343007746,343007746,342016014,342016014,31590179,31590179,336224860,336224860,326705385,326705385,
	了不起的布布	
互联网	深圳工作	
	济南	31121824,31121824,346413408,346413408,347930404,347930404,21466611,21466611,343984590,343984590,341270981,341270981,313967521,313967521,32197001,32197001,323263423,323263423,322389535,322389535,
创意艺术	北京	340096565,340096565,338577621,338577621,23313777,23313777,285892075,285892075,29425614,29425614,303651330,303651330,20776491,20776491,276919606,276919606,288017836,288017836,29540403,29540403,
	波士顿	348219798,48509984,348219798,329765131,48509984,329765131,320312465,48509984,320312465,20517192,48509984,20517192,293813174,48509984,293813174,304837627,48509984,304837627,303671507,48509984,303671507,33593693,48509984,33593693,298654963,48509984,298654963,296809832,48509984,296809832,
	北京市	318352271,318352271,342390520,342390520,326493762,326493762,337906954,337906954,336722580,336722580,336129356,336129356,339062045,339062045,61066742,61066742,307404811,307404811,328051667,328051667,
金融	上海	343853376,343853376,342344109,342344109,342697607,342697607,35441232,35441232,321176769,321176769,286511611,286511611,265428094,265428094,309584827,309584827,268592303,268592303,43572793,43572793,
	大象公会	52564633,48510028,52564633,20772373,48510028,20772373,53477508,48510028,53477508,52211505,48510028,52211505,35079475,48510028,35079475,348882861,48510028,348882861,20360563,48510028,20360563,20263108,48510028,20263108,52927561,48510028,52927561,267734238,48510028,267734238,
临床医疗	北京市	
保健	在云端	31023307,31023307,324566014,324566014,322186121,322186121,323774646,323774646,324427619,324427619,324578926,324578926,324731185,324731185,311509403,311509403,316242536,316242536,316458725,316458725,
银行	莫斯科	349336654,349336654,349904699,349904699,57179404,57179404,286345969,286345969,279829299,279829299,283659950,283659950,291828023,291828023,288783218,288783218,299696903,299696903,65982807,65982807,
渔业	恩施	
种植业	于彼朝阳	58500258,58500258,24180462,24180462,301736420,301736420,324617597,324617597,328426175,328426175,335827210,335827210,28105260,28105260,319154755,319154755,269438054,269438054,66686727,66686727,
艺术娱乐	郑州市	351312949,351312949,328536461,328536461,322863009,322863009,21753618,21753618,323183388,323183388,315379541,315379541,26091066,26091066,312339980,312339980,315871080,315871080,266102032,266102032,
金融	会长	
	知乎小管家	350991631,48510028,350991631,335769136,48510028,335769136,20806546,48510028,20806546,320373503,48510028,320373503,320373503,318496731,48510028,318496731,313849186,48510028,313849186,295966838,48510028,295966838,313156235,48510028,313156235,63075907,48510028,63075907,26024602,48510028,26024602,
旅游	孟德尔	352451632,48509984,352451632,343686349,48509984,343686349,352382723,48509984,352382723,351829502,48509984,351829502,352327345,48509984,352327345,351615531,48509984,351615531,40530742,48509984,40530742,351676519,48509984,351676519,312102198,48509984,312102198,339537131,48509984,339537131,
资本投资	重庆大学	278142643,278142643,54983705,54983705,334497220,334497220,19586915,19586915,30147821,30147821,26753619,26753619,53836967,53836967,19800405,19800405,36195435,36195435,37055410,37055410,
高等教育	合肥	37225255,37225255,33700957,33700957,20353433,20353433,
	一只猫的侣行	344954093,344954093,334637768,334637768,328443349,328443349,339085165,339085165,336382966,336382966,20550659,20550659,35682153,35682153,35485166,35485166,49009166,49009166,334200542,334200542,
图书馆	知乎用户	
互联网	浙江大学	38027965,38027965,352237500,352237500,351705421,351705421,350823185,350823185,349944053,349944053,339031981,339031981,350279894,350279894,350636234,350636234,349844321,349844321,347503862,347503862,
互联网	北京	352389016,352389016,330402365,330402365,351574168,351574168,29122083,29122083,350993224,350993224,46693101,46693101,271661899,271661899,350171737,350171737,56740436,56740436,49432258,49432258,
培训	广州市	304197205,304197205,340347942,340347942,314776095,314776095,333195546,333195546,311934252,311934252,330125198,330125198,307758373,307758373,313988752,313988752,320609834,320609834,320650054,320650054,
	英国	39996448,39996448,63555308,63555308,32210359,32210359,55454723,55454723,52533563,52533563,47410135,47410135,49266846,49266846,44188299,44188299,35337595,35337595,39122850,33593693,33593693,41241623,
电子商务	上海	28055481,28055481,57235424,57235424,39982586,39982586,286733591,286733591,30559727,30559727,310308485,310308485,264151635,264151635,61178074,61178074,35851987,35851987,19697709,19697709,
金融	北京	348551037,48510028,348551037,351747235,48510028,351747235,52362626,48510028,52362626,37722464,48510028,37722464,58720696,48510028,58720696,313479740,48510028,313479740,270368562,48510028,270368562,305576051,48510028,305576051,37069149,48510028,37069149,325544285,48510028,325544285,
	北京	352108632,352108632,310094922,310094922,275559570,275559570,306793225,306793225,39433085,39433085,278020458,278020458,38051155,38051155,64364330,64364330,56282177,56282177,68517309,68517309,
	樱桃阳子	286569893,286569893,40179546,40179546,34369912,34369912,20830287,20830287,320757143,320757143,19568396,19568396,319863335,319863335,282225899,282225899,29620130,29620130,24936740,24936740,

咨询分析	中南海	40888790,40888790,43348431,43348431,313970645,313970645,313841265,313841265,297336019,297336019,30660963,30660963,311081745,311081745,35227238,35227238,268450915,268450915,53634577,53634577,
	亚历山大里亚	264648052,264648052,348835877,348835877,346013387,346013387,344430440,344430440,342841036,342841036,342280390,342280390,329495364,329495364,339717916,339717916,340401793,340401793,339930758,339930758,
	
互联网	上海	
互联网	中国	352577553,352577553,349886901,349886901,293499719,293499719,342792779,342792779,325099876,325099876,340926986,340926986,340617747,340617747,336125844,336125844,337900461,337900461,37986974,37986974,
	上海	264404028,264404028,263790738,263790738,57615329,57615329,21692767,21692767,68317552,68317552,68757908,68757908,26049726,26049726,68037948,68037948,31084312,31084312,67007327,67007327,
	武汉	352566003,352566003,352222782,352222782,352108632,352108632,30543838,30543838,351843957,351843957,351894873,351894873,351243812,351243812,317993541,317993541,351517756,351517756,351574168,351574168,
	Psyche	
咨询分析	西安	
	北京荷马画室	275277911,48510028,275277911,346199830,48510028,346199830,345097806,48510028,345097806,344889948,48510028,344889948,344973847,48510028,344973847,344835527,48510028,344835527,344225143,48510028,344225143,341383375,48510028,341383375,340852029,48510028,340852029,340214941,48510028,340214941,
	[已重置]	19673304,19673304,20291917,20291917,19773118,19773118,19870145,19870145,19862618,19862618,
