
互联网	北京	36996031,36996031,351718684,351718684,344663264,344663264,347424469,347424469,349852529,349852529,341901236,341901236,349944053,349944053,304468729,304468729,27136527,27136527,329431229,329431229,
	函数式编程	
	真力 GENELEC	306426176,48510028,306426176,19840256,48510028,19840256,45435121,48510028,45435121,264450497,48510028,264450497,20341243,48510028,20341243,
	新京报书评周刊	352173424,352173424,344019917,344019917,351179285,351179285,350676961,350676961,20031184,20031184,350038769,350038769,25851256,25851256,27668214,27668214,36329740,36329740,346753229,346753229,
高新科技	深圳市	
互联网	冲田总悟	328571237,328571237,352171277,352171277,351893238,351893238,350547184,350547184,351693712,351693712,351525979,351525979,351542747,351542747,351508151,351508151,351224378,351224378,350908758,350908758,
汽车	贵阳	60725312,60725312,37616118,37616118,30277997,30277997,35510603,35510603,29096435,29096435,30621558,30621558,26806586,26806586,
	混沌大学	20281460,48510028,20281460,22818974,48510028,22818974,321219463,48510028,321219463,19727047,48510028,19727047,318657727,48510028,318657727,321317538,48510028,321317538,306249128,48510028,306249128,23524562,48510028,23524562,19551084,48510028,19551084,21733358,48510028,21733358,
电子游戏	永州	352361530,352361530,350706759,350706759,335183322,335183322,352173424,352173424,352116978,352116978,352076986,352076986,351900452,351900452,350868589,350868589,351525979,351525979,351508151,351508151,
博彩	
	bad123des	351801813,351801813,343766631,343766631,59058187,59058187,339872847,339872847,332902480,332902480,321730616,321730616,320863933,320863933,319806251,319806251,319306468,319306468,308257526,308257526,
	沈听雪	266464619,266464619,37471032,37471032,59737528,59737528,41576507,41576507,27191397,27191397,30236030,30236030,34623080,34623080,264137709,264137709,29632076,29632076,34817598,34817598,
	美国	

资本投资	带头大哥	31160385,31160385,297452172,297452172,25670119,25670119,288688040,288688040,334316502,334316502,263474432,263474432,271847734,271847734,34200652,34200652,57196316,57196316,31905410,31905410,
	
	北京	280018232,280018232,29673320,29673320,55684451,55684451,58616469,58616469,64702498,64702498,62395634,62395634,62038689,62038689,61022374,61022374,47426417,47426417,61853050,61853050,
互联网	北京	26965172,26965172,37559307,37559307,30835066,30835066,281271203,281271203,266105379,266105379,27513493,27513493,40358478,40358478,274181549,274181549,274857343,274857343,278951302,278951302,
出版业	汉城	352001523,352001523,
证券投资	山东菏泽	349229299,349229299,326133011,326133011,350965036,350965036,350694458,350694458,350695220,350695220,294536369,294536369,350637016,350637016,50981100,50981100,348303751,348303751,350326810,350326810,
互联网	北京市	297726264,48509984,297726264,339495165,48509984,339495165,302242038,48509984,302242038,23900793,48509984,23900793,335092172,48509984,335092172,35186326,48509984,35186326,266233586,48509984,266233586,26290994,48509984,26290994,31149968,48509984,31149968,53675464,48509984,53675464,
	浙江	352512345,352512345,352061495,352061495,352049767,352049767,352173087,352173087,351312408,351312408,350071535,350071535,350410260,350410260,350337097,350337097,343341323,343341323,348915105,348915105,
	美团技术团队	283272958,48510028,283272958,23312621,48510028,23312621,55556079,48510028,55556079,37116938,48510028,37116938,24558375,48510028,24558375,53274552,48510028,53274552,20870410,48510028,20870410,47987341,48510028,47987341,48487733,48510028,48487733,
电子商务	河南省焦作市	351699096,351699096,351693712,351693712,351525979,351525979,351542747,351542747,349931605,349931605,347825120,347825120,318572657,318572657,347249325,347249325,346435901,346435901,343918658,343918658,
高等教育	香港特别行政区	332918914,48510028,332918914,327592281,48510028,327592281,309879082,48510028,309879082,302435026,48510028,302435026,300632662,48510028,300632662,277683973,48510028,277683973,31133229,48510028,31133229,292221932,48510028,292221932,270883846,48510028,270883846,283649157,48510028,283649157,
互联网	广州市	270883846,270883846,26161562,26161562,266230601,266230601,26784045,26784045,43607087,43607087,20270540,20270540,54244634,54244634,46726145,46726145,27751139,27751139,263909521,263909521,
法律	上海市	351779111,48509984,351779111,351118441,48509984,351118441,350655387,48509984,350655387,29861427,48509984,29861427,348350686,48509984,348350686,349120697,48509984,349120697,346897709,48509984,346897709,61427887,48509984,61427887,347354112,48509984,347354112,345411976,48509984,345411976,
互联网	研究员	352276823,352276823,351557671,351557671,29147727,29147727,351741173,351741173,48230831,48230831,350229479,350229479,350239192,350239192,349245479,349245479,349113933,349113933,348264919,348264919,
	云南大学	339910997,339910997,347836361,347836361,68717089,68717089,339103015,339103015,339316485,339316485,40575575,40575575,292939358,292939358,325961584,325961584,29108170,29108170,36385858,36385858,
	北京市朝阳区	346688271,346688271,341493414,341493414,325698039,325698039,54817888,54817888,302683879,302683879,280586758,280586758,48876680,48876680,28967953,28967953,46413473,46413473,52802363,52802363,
互联网	观察使	352384014,352384014,335827210,335827210,349568449,349568449,329109691,329109691,351747235,351747235,22326950,22326950,352173424,352173424,352230418,352230418,39115031,39115031,350636234,350636234,
科研	覆土生	314329026,314329026,320420600,320420600,318469951,318469951,313111872,313111872,316031611,316031611,315088294,315088294,41006183,41006183,311466707,311466707,311747638,311747638,314371003,314371003,
	她叫我Boss	348807807,348807807,27797344,27797344,336989871,336989871,346829366,346829366,39400533,39400533,348032762,348032762,348324036,348324036,341794467,341794467,346435901,346435901,348299215,348299215,
	邪典千尸屋	330442450,330442450,329527299,329527299,314373994,314373994,309916481,309916481,309244770,309244770,309589997,309589997,309886700,309886700,307124636,307124636,308000042,308000042,297055854,297055854,
	土卫六	326150484,326150484,344768461,344768461,345666289,345666289,330398706,330398706,344030808,344030808,283496112,283496112,341261997,341261997,340158953,340158953,340825257,340825257,340223707,340223707,
	吃吃爱宜昌	63254750,63254750,264747153,264747153,68755936,68755936,22391843,22391843,35192964,35192964,58265963,58265963,
渔业	北京	
	文明女士白龙雪	292848111,292848111,40002427,40002427,312646952,312646952,21434080,21434080,273628240,273628240,20219044,20219044,
互联网	南京	351863729,48509984,351863729,324736734,48509984,324736734,267050849,48509984,267050849,311248723,48509984,311248723,297302428,48509984,297302428,282931198,48509984,282931198,274929865,48509984,274929865,24001068,37095367,48509984,37095367,266448599,48509984,266448599,59598299,48509984,59598299,
汽车	北京	345493551,345493551,349617359,349617359,349542047,349542047,347596318,347596318,346814627,346814627,346902167,346902167,346215680,346215680,346753389,346753389,346328610,346328610,345985604,345985604,
	菩提风	347548304,347548304,347296967,347296967,347354112,347354112,338223036,338223036,39934421,39934421,318314121,318314121,271364118,271364118,337568352,337568352,343431810,343431810,341133579,341133579,
汽车		350415488,48509984,350415488,23766011,48509984,23766011,63426272,48509984,63426272,280849406,48509984,280849406,272150063,48509984,272150063,266812223,48509984,266812223,264267881,48509984,264267881,263932489,48509984,263932489,66940227,48509984,66940227,66742447,48509984,66742447,
养老服务		339614044,339614044,350801948,350801948,41839000,41839000,349719553,349719553,350889918,350889918,350283581,350283581,345234296,345234296,330625534,330625534,349028429,349028429,344494882,344494882,
	胡安娜	20217705,20217705,31980978,31980978,38432025,38432025,320577367,320577367,55110691,55110691,65190495,65190495,59954884,59954884,50549492,50549492,
互联网	野狼獾	351659568,351659568,347533056,347533056,340957512,340957512,304290058,304290058,305348968,305348968,346456285,346456285,346688271,346688271,265169842,265169842,265787098,265787098,339494002,339494002,
	肖半仙	325177150,325177150,265709694,265709694,265715576,265715576,21324385,21324385,33636143,33636143,36296183,36296183,28119032,28119032,40602364,40602364,65269109,65269109,65270473,65270473,
互联网	北京	352389016,352389016,330402365,330402365,351574168,351574168,29122083,29122083,350993224,350993224,46693101,46693101,271661899,271661899,350171737,350171737,56740436,56740436,49432258,49432258,
政府	Washington DC	351551096,351551096,345899888,345899888,337089517,337089517,336224104,336224104,334346323,334346323,21746164,21746164,268776003,268776003,303175503,303175503,325177150,325177150,327177518,327177518,
计算机软件	National Metallurgical Academy of Ukraine	67058664,67058664,293976918,293976918,63477537,63477537,
	电气工程师	352321760,48509984,352321760,351918727,48509984,351918727,352374275,48509984,352374275,352200405,48509984,352200405,266836494,48509984,266836494,351046928,48509984,351046928,351875122,48509984,351875122,350768129,48509984,350768129,351967113,48509984,351967113,351919585,48509984,351919585,
艺术娱乐	上海	351574168,351574168,265204791,265204791,347163228,347163228,347497848,347497848,36100933,36100933,342308172,342308172,341237991,341237991,325967167,325967167,20242106,20242106,334973415,334973415,
金融	吴凛	56740436,56740436,345650016,345650016,345648429,345648429,33599039,33599039,340134550,340134550,341300265,341300265,340954755,340954755,333199024,333199024,337947045,337947045,67222044,67222044,
科研	知乎用户	
旅游		280082795,280082795,64011110,64011110,55439840,55439840,35704087,35704087,54104076,54104076,41875162,41875162,49280834,49280834,19950216,19950216,37954732,37954732,40058216,40058216,
高等教育	南京	52931466,52931466,22903561,22903561,29175505,29175505,36621925,36621925,57557739,57557739,52328369,52328369,19837387,19837387,52436699,52436699,41182044,41182044,37847413,37847413,
	长尾科技	36766702,36766702,38510046,38510046,56213196,56213196,324737835,324737835,63058681,63058681,28146336,28146336,303694178,303694178,299741613,299741613,268137136,268137136,22327933,22327933,
科研	北京	347604012,347604012,58808739,58808739,349568449,349568449,297122707,297122707,350091132,350091132,349192039,349192039,349348788,349348788,320043661,320043661,45694301,45694301,35745990,35745990,

	知乎用户	
美容	高亚男	351338408,351338408,350560119,350560119,351242793,351242793,351288362,351288362,350860514,350860514,351187531,351187531,351514105,351514105,349288026,349288026,347395061,347395061,346697116,346697116,
	教化学的小王老撕	26969660,26969660,337581641,337581641,342111913,342111913,341450646,341450646,342925371,342925371,341469604,341469604,268009004,268009004,333970650,333970650,337350657,337350657,336926483,336926483,
	狠狠红	29077475,29077475,56048494,56048494,51294006,51294006,56473637,56473637,54654250,54654250,54449552,54449552,52609776,52609776,50677858,50677858,43008607,43008607,19931436,19931436,
服务业	南京	
出版业	小老虎	350693922,350693922,55596680,55596680,350603489,350603489,349446855,349446855,280429101,280429101,333220171,333220171,343246735,343246735,343902337,343902337,345489749,345489749,344725271,344725271,
法律	上海	266713362,266713362,351889709,351889709,345211675,345211675,330994581,330994581,350631177,350631177,349423754,349423754,347311304,347311304,323337494,323337494,348943051,348943051,27188550,27188550,
	Jet'aime	267142523,267142523,36267481,36267481,
非营利组织	巴黎高等师范学院	351753048,351753048,321302630,321302630,50216588,50216588,278581281,278581281,348318284,348318284,26131797,26131797,350944858,350944858,40140573,40140573,339288662,339288662,26433444,26433444,
	上海	343499950,343499950,347745552,347745552,344709246,344709246,342913083,342913083,344054306,344054306,342211252,342211252,342141171,342141171,341394380,341394380,336084213,336084213,337907318,337907318,
军火	沈阳	22959057,22959057,60423691,60423691,269446692,269446692,23374655,23374655,
电子游戏	上海	300267643,48509984,300267643,329315479,48509984,329315479,301323770,48509984,301323770,265343815,48509984,265343815,264826607,48509984,264826607,67386025,48509984,67386025,56777908,48509984,56777908,47890965,48509984,47890965,47686557,48509984,47686557,41303504,48509984,41303504,
	石头的家ch	303224386,303224386,348859803,348859803,342393844,342393844,348045745,348045745,351248066,351248066,350771528,350771528,343318391,343318391,344768550,344768550,27593812,27593812,39369539,39369539,
法律		
汽车	上海	352461022,48510028,352461022,352228356,48510028,352228356,323505422,48510028,323505422,351300910,48510028,351300910,37647238,48510028,37647238,350788339,48510028,350788339,349636210,48510028,349636210,350788619,48510028,350788619,350788807,48510028,350788807,343600404,48510028,343600404,
	克莱登大学	
互联网	北京市	352048828,48509984,352048828,352171277,48509984,352171277,352108632,48509984,352108632,352222192,48509984,352222192,21818075,48509984,21818075,351706516,48509984,351706516,351920965,48509984,351920965,351413532,48509984,351413532,27058325,48509984,27058325,351316749,48509984,351316749,
电子游戏	旧金山湾区	36599495,36599495,24860118,24860118,307387478,307387478,306602557,306602557,297350656,297350656,285576032,285576032,47471413,47471413,20705758,20705758,266955644,266955644,266055268,266055268,
	温渡山河	329913718,329913718,340302169,340302169,338609515,338609515,337204405,337204405,330622591,330622591,329746996,329746996,328786672,328786672,267879439,267879439,324874486,324874486,24269892,24269892,
	知乎用户	
通信	广州市	265463586,265463586,349048933,349048933,335511471,335511471,345180715,345180715,346504484,346504484,335724352,335724352,328555448,328555448,37889947,37889947,61779451,61779451,23415480,23415480,
	怀剑听雨	31187093,31187093,290387649,23315255,23315255,290387649,290387649,351898651,351898651,21030735,21030735,349937232,349937232,340957512,340957512,325074616,325074616,39582980,39582980,36402351,36402351,
	芦橘杨梅次第开	277062484,277062484,
教育	gua mu	21370801,21370801,47426733,47426733,56322658,56322658,22170608,22170608,59359492,59359492,31133188,31133188,59263959,59263959,51459956,51459956,41290767,41290767,29533859,29533859,
	Monologue.S	332432974,332432974,314514425,314514425,318150123,318150123,
高等教育	杭州市	321111587,321111587,320757143,320757143,30201860,30201860,283631070,283631070,66624238,66624238,26037846,26037846,278025985,278025985,45965977,45965977,298265287,298265287,268450915,268450915,
	DeepTech深科技	315988112,48510028,315988112,314923685,48510028,314923685,314680936,48510028,314680936,313300943,48510028,313300943,313074616,48510028,313074616,310011363,48510028,310011363,310108852,48510028,310108852,309102714,48510028,309102714,308298687,48510028,308298687,307791077,48510028,307791077,
互联网	华东师范大学	329517634,329517634,327553108,327553108,325242595,325242595,268450915,268450915,280272233,280272233,322910101,322910101,322871537,322871537,313825996,313825996,310015960,310015960,322691712,322691712,
	中国人民大学	307236986,307236986,312509213,312509213,21540418,21540418,311371787,311371787,
	宋熙燮	346110258,346110258,
科研	西安	348829334,348829334,288120613,288120613,335905687,335905687,333592680,333592680,299617411,299617411,
体育健身	北京	38455082,48510028,38455082,264049431,48510028,264049431,30844773,48510028,30844773,
创意艺术	洛阳	351930674,351930674,349033365,349033365,328888017,328888017,325407593,325407593,294864950,294864950,294741381,294741381,293188310,293188310,276396639,276396639,275750905,275750905,23966126,23966126,
资本投资	袁浩	325280997,325280997,324736734,324736734,324250123,324250123,28593566,28593566,300087400,300087400,57411072,57411072,28642599,28642599,302854698,302854698,298912571,298912571,35895956,35895956,
	居住地	351782225,48509984,351782225,346405741,48509984,346405741,28921626,48509984,28921626,335290845,48509984,335290845,311505070,48509984,311505070,326907894,48509984,326907894,40418797,48509984,40418797,328902933,48509984,328902933,322902771,48509984,322902771,324022742,48509984,324022742,
	广州市	352399574,352399574,350160701,350160701,352065643,352065643,351700121,351700121,278237476,278237476,351161350,351161350,350930663,350930663,350776960,350776960,347530128,347530128,349320167,349320167,
	武汉	30414342,30414342,40444705,40444705,284110013,284110013,348840831,348840831,54718530,54718530,347600087,347600087,27933463,27933463,53926571,53926571,332668743,332668743,21409597,21409597,
渔业	苏沉船	21002845,48509984,21002845,350880032,48509984,350880032,351047511,48509984,351047511,351453558,48509984,351453558,351835175,48509984,351835175,351092300,48509984,351092300,351583196,48509984,351583196,326797252,48509984,326797252,36904508,48509984,36904508,351340726,48509984,351340726,
政府	复活项目研究员	278469717,278469717,321878093,321878093,349348788,349348788,340075304,340075304,20396806,20396806,337360831,337360831,332543859,332543859,321337007,321337007,327263456,327263456,315022429,315022429,
电子商务	中国美术学院	343633143,343633143,347182898,347182898,347392324,347392324,296578324,296578324,35373395,35373395,342813959,342813959,345293594,345293594,338991392,338991392,344844457,344844457,344483118,344483118,
互联网	北京	57457055,57457055,31740002,31740002,54129120,54129120,53658703,53658703,52711122,52711122,52014866,52014866,40995988,40995988,32302689,32302689,24638257,24638257,23281795,23281795,
	柳无色	347011390,347011390,348647679,348647679,343044343,343044343,341917920,341917920,339574635,339574635,339734715,339734715,281746363,281746363,336700255,336700255,275053987,275053987,310186247,310186247,
咨询分析	纽约	299700466,48510028,299700466,349685679,48510028,349685679,349942003,48510028,349942003,292091101,48510028,292091101,318913382,48510028,318913382,63936962,48510028,63936962,347835822,48510028,347835822,348131574,48510028,348131574,344080799,48510028,344080799,348028641,48510028,348028641,
汽车	长东啊	351608228,351608228,351532203,351532203,351497207,351497207,350551514,350551514,350689908,350689908,350741048,350741048,350668147,350668147,350859317,350859317,345700389,345700389,349750604,349750604,
机械设备	北京	291597382,48509984,291597382,20602526,48509984,20602526,348478699,48509984,348478699,346060949,48509984,346060949,312115311,48509984,312115311,337770589,48509984,337770589,346895567,48509984,346895567,339138922,48509984,339138922,335242710,48509984,335242710,330478409,48509984,330478409,
互联网	北京	347702940,347702940,314984260,314984260,345367564,345367564,338526985,338526985,344468000,344468000,344156081,344156081,340251416,340251416,306835490,306835490,343549442,343549442,343647357,343647357,
	
培训	杭州	21475566,48510028,21475566,266334368,48510028,266334368,20340779,48510028,20340779,30092672,48510028,30092672,22355495,48510028,22355495,33259417,48510028,33259417,21989210,48510028,21989210,282323170,48510028,282323170,21128261,48510028,21128261,37718488,48510028,37718488,
	衡水中学	52208051,52208051,314963496,314963496,264476156,264476156,290723940,290723940,68748253,68748253,62095525,62095525,20412723,20412723,27468941,27468941,59040191,59040191,55323615,55323615,
	内衣堂	39740148,39740148,64742299,64742299,64124923,64124923,41901643,41901643,33961813,33961813,270033174,270033174,269905808,269905808,269084007,269084007,48823779,48823779,22370925,22370925,
地产建筑	南京	352391599,48509984,352391599,333280072,48509984,333280072,317978528,48509984,317978528,315885744,48509984,315885744,275132077,48509984,275132077,54544004,48509984,54544004,20877279,48509984,20877279,307131707,48509984,307131707,21073304,48509984,21073304,47538227,48509984,47538227,
计算机硬件	Los Altos	25551786,25551786,345099419,345099419,266586355,266586355,288874624,288874624,346673824,346673824,288797213,288797213,346708717,346708717,346165736,346165736,24354832,24354832,341272357,341272357,
信息传媒	北京	300391958,300391958,41237209,41237209,37184080,37184080,40245582,40245582,38485891,38485891,33916570,33916570,35683052,35683052,40234168,40234168,24053159,24053159,20084892,20084892,
	应天职业技术学院	266397236,266397236,266437086,266437086,266154333,266154333,265475454,265475454,266421786,266421786,28966967,28966967,266418447,266418447,263952082,263952082,64617950,64617950,266216579,266216579,
金融	上海	28345925,28345925,345033059,345033059,337580766,337580766,341907326,341907326,343767724,343767724,333549104,333549104,33078596,33078596,28562463,28562463,19855314,19855314,330197819,330197819,
科研	美国	
	goplink	335168596,335168596,
	北京	
	杭州	61001573,61001573,332242347,332242347,331186412,331186412,321527358,321527358,318923513,318923513,317909886,317909886,315363616,315363616,315519413,315519413,315499720,315499720,315271901,315271901,
土砂石开采		308756370,308756370,318739314,318739314,303374530,303374530,303986034,303986034,311563763,311563763,313906196,313906196,312899951,312899951,304174913,304174913,310154395,310154395,311197506,311197506,
	FFF团长	351155801,351155801,62459583,62459583,352226563,352226563,351797088,351797088,351569266,351569266,22640590,22640590,351224378,351224378,350200059,350200059,350700789,350700789,349033472,349033472,
	Xavier	349781526,349781526,348900067,348900067,349065186,349065186,348028600,348028600,342965698,342965698,339007847,339007847,23707685,23707685,298110503,298110503,24693019,24693019,325484160,325484160,
	札幌	337858385,337858385,20224153,20224153,335372063,335372063,335036644,335036644,26455116,26455116,267562237,267562237,315389698,315389698,297792236,297792236,31601981,31601981,22667996,22667996,
	奥迪	24629154,48510028,24629154,325362108,48510028,325362108,309519538,48510028,309519538,34331228,48510028,34331228,299152467,48510028,299152467,57325310,48510028,57325310,295374351,48510028,295374351,295279030,48510028,295279030,26613082,48510028,26613082,271501672,48510028,271501672,51150780,
	
咨询分析	上海	24632706,24632706,19857821,19857821,19941282,19941282,19946343,19946343,19854013,19854013,19865174,19865174,19815229,19815229,19813918,19813918,19810073,19810073,19602632,19602632,
创意艺术	深圳市	336203471,336203471,344019917,344019917,291962739,291962739,29174460,29174460,347620659,347620659,347520333,347520333,20743279,20743279,345593418,345593418,341140280,341140280,37879507,37879507,
科研	Ph.D. in Organic Chemistry	308829198,308829198,299105268,299105268,283784584,283784584,55778718,55778718,29999560,29999560,23978853,23978853,56722597,56722597,55585528,55585528,46913797,46913797,39416078,39416078,
科研	法国	352222782,48509984,352222782,352108632,48509984,352108632,350349097,48509984,350349097,31480213,48509984,31480213,349337209,48509984,349337209,349632080,48509984,349632080,348775560,48509984,348775560,264204388,48509984,264204388,349111154,48509984,349111154,347806252,48509984,347806252,
互联网	合肥	349052465,349052465,350208550,350208550,350418562,350418562,33591602,33591602,286048966,286048966,348386359,348386359,22904741,22904741,343979419,343979419,329070571,329070571,348520405,348520405,
高等教育		310174042,310174042,40339960,40339960,266638602,266638602,266409424,266409424,266294480,266294480,41997205,41997205,266235484,266235484,
	王誠實	25101830,25101830,351013719,351013719,282077362,282077362,351064085,351064085,351133657,351133657,350937329,350937329,20198973,20198973,350372490,350372490,349528654,349528654,324459830,324459830,
	天纳TAMNAAAA	65087602,65087602,
	lammer ren	298656495,298656495,297550780,297550780,294328620,294328620,293130446,293130446,293141527,293141527,292934099,292934099,292179167,292179167,291339505,291339505,290171988,290171988,287528845,287528845,
互联网	杭州	324637187,324637187,59724429,59724429,264024536,264024536,270770930,270770930,270074356,270074356,265762204,265762204,54172513,54172513,49092923,49092923,51083584,51083584,26057352,26057352,
	章艺凡	334182992,334182992,344149707,344149707,323151892,323151892,317920861,317920861,308829198,308829198,270846616,270846616,49240753,49240753,60918321,60918321,59681767,59681767,58205705,58205705,
计算机软件	天津	
金融	上海	318916762,48510028,318916762,318319585,48510028,318319585,305415329,48510028,305415329,304258923,48510028,304258923,304482365,48510028,304482365,268248996,48510028,268248996,265851780,48510028,265851780,264057031,48510028,264057031,68592527,48510028,68592527,263358825,48510028,263358825,
制药	武汉	343647357,343647357,35584877,35584877,40000616,40000616,311479208,311479208,311783683,311783683,287378875,287378875,20446207,20446207,275359100,275359100,33465997,33465997,293424888,293424888,
财务	上海	
高等教育	Boston	309141897,48510028,309141897,271934519,48510028,271934519,351744093,48510028,351744093,351133593,48510028,351133593,345606113,48510028,345606113,299203094,48510028,299203094,333374142,48510028,333374142,351646498,48510028,351646498,351312949,48510028,351312949,351336288,48510028,351336288,
互联网	北京	
	武汉市	350761967,350761967,48476068,48476068,34425386,34425386,340588155,340588155,350101643,350101643,349609983,349609983,284110013,284110013,
互联网	洋猫	351552444,351552444,350690005,350690005,279247693,279247693,31551594,31551594,348281572,348281572,346993906,346993906,54311874,54311874,347334475,347334475,
高等教育	哈尔滨	350723383,350723383,350129846,350129846,348928508,348928508,350292725,350292725,19644892,19644892,349201227,349201227,347435892,347435892,349245479,349245479,346415171,346415171,342318692,342318692,
金融		349698023,349698023,345544673,345544673,321450863,321450863,277058477,277058477,322805348,322805348,319307625,319307625,321587127,321587127,56553215,56553215,320979764,320979764,319283419,319283419,
互联网	士兵	
博物馆	北京	40028642,40028642,47045516,47045516,263678290,263678290,68014919,68014919,29183631,29183631,273866042,273866042,22866524,22866524,321211386,321211386,46680759,46680759,25368703,25368703,
广告	北京	345715558,48509984,345715558,351156756,48509984,351156756,350079196,48509984,350079196,349675596,48509984,349675596,346699949,48509984,346699949,29887765,48509984,29887765,339369090,48509984,339369090,346314264,48509984,346314264,313514508,48509984,313514508,345725012,48509984,345725012,
铁路运输	山西	277723196,277723196,66207390,66207390,23075570,23075570,310067643,310067643,278726038,278726038,40928865,40928865,27601479,27601479,64182132,64182132,301983482,301983482,330840262,330840262,
	上海	347787702,347787702,46528604,46528604,294363165,294363165,41551514,41551514,283457526,283457526,271233759,271233759,264631535,264631535,64047532,64047532,62156920,62156920,61938200,61938200,
非营利组织		342384720,342384720,338539795,338539795,339753020,339753020,329539752,329539752,329474294,329474294,328401813,328401813,325786298,325786298,324878252,324878252,325010784,325010784,321428495,321428495,
高等教育	Qilin Li	340823422,340823422,291034858,291034858,49104705,49104705,32057771,32057771,
	梅东的狮子	51566570,51566570,28321724,28321724,63116380,63116380,62584799,62584799,58003305,58003305,57940245,57940245,53256237,53256237,53027955,53027955,35370591,35370591,
银行	上海	48169282,48169282,352322719,352322719,345323784,345323784,351106143,351106143,349983608,349983608,350285747,350285747,350595678,350595678,349698023,349698023,26828860,26828860,338818657,338818657,
金融	北京	
基础教育	知乎用户	
互联网	北京	38908724,48510028,38908724,270640213,48510028,270640213,64563635,48510028,64563635,23290343,48510028,23290343,26198798,48340114,48510028,48340114,20219044,48510028,20219044,32268431,48510028,32268431,36787091,48510028,36787091,36182293,48510028,36182293,35765529,48510028,35765529,
培训	上海	345145839,345145839,41845964,41845964,21828001,21828001,48297323,48297323,29707492,29707492,21874387,21874387,48846223,48846223,52759093,52759093,19964299,19964299,24318519,24318519,
	刘看山福利社	351145503,48510028,351145503,36071560,48510028,36071560,351143845,48510028,351143845,343247440,48510028,343247440,343187633,48510028,343187633,340478420,48510028,340478420,21688284,48510028,21688284,295883762,48510028,295883762,323689116,48510028,323689116,275632612,48510028,275632612,
互联网	北京	346764144,346764144,263715583,263715583,55230947,55230947,305991306,305991306,57637197,57637197,272673924,272673924,267049777,267049777,46421579,46421579,
高等教育	成都	329097945,329097945,309110772,309110772,306019010,306019010,30850913,30850913,30858640,30858640,276816433,276816433,19665572,19665572,30771231,30771231,325011307,325011307,304174916,304174916,
	谷歌 (Google)	351775246,351775246,350740238,350740238,28484672,28484672,347217378,347217378,346924952,346924952,36658435,36658435,59786741,59786741,51942131,51942131,349617188,349617188,64108087,64108087,
互联网	北京	351607398,351607398,352171277,352171277,345606113,345606113,343995869,343995869,344954093,344954093,349944053,349944053,350827215,350827215,23713916,23713916,351188478,351188478,345593418,345593418,
法律	上海	339250634,48509984,339250634,337395268,48509984,337395268,22869828,48509984,22869828,308820436,48509984,308820436,317627597,48509984,317627597,317991185,48509984,317991185,314383102,48509984,314383102,314233915,48509984,314233915,313323162,48509984,313323162,313074178,48509984,313074178,
	
	彦诚的开始	35676421,35676421,48936061,48936061,
	富一代周胖胖	36449257,36449257,33270193,33270193,25365330,25365330,24413745,24413745,21642290,21642290,29950704,29950704,34000883,34000883,34916829,34916829,34583873,34583873,33662924,33662924,
互联网	老毛桃winpe	346156327,346156327,48949529,48949529,54059979,54059979,
科研	天津	352387157,352387157,346509006,346509006,350624147,350624147,349692970,349692970,351486540,351486540,351587251,351587251,350371784,350371784,350270082,350270082,349431627,349431627,349978908,349978908,
	
创意艺术	北京	327054286,327054286,283795405,283795405,51934137,51934137,
	橙毅	350953985,350953985,350675490,350675490,296166690,296166690,339288662,339288662,316305143,316305143,31579592,31579592,318517025,318517025,339747003,339747003,271135885,271135885,59636144,59636144,
互联网	tommy	49278134,48509984,49278134,44774311,48509984,44774311,19804178,48509984,19804178,23601989,48509984,23601989,27528710,48509984,27528710,26845479,48509984,26845479,26681231,48509984,26681231,19590348,48509984,19590348,19586465,48509984,19586465,25504353,48509984,25504353,
高新科技	武汉	345314977,48510028,345314977,351319675,48510028,351319675,352387157,48510028,352387157,351181240,48510028,351181240,351223368,48510028,351223368,351260425,48510028,351260425,341336919,48510028,341336919,340586328,48510028,340586328,28283196,48510028,28283196,350155135,48510028,350155135,
	青之珉	351700062,351700062,352019569,352019569,350248500,350248500,350860886,350860886,351864693,351864693,349422459,349422459,352064536,352064536,352212295,352212295,27572823,27572823,310667736,310667736,
	希腊神话的魔女岛	
信息传媒	深圳市	352173424,352173424,299203094,299203094,351587749,351587749,24591651,24591651,349598228,349598228,349505344,349505344,349245479,349245479,66955361,66955361,348281263,348281263,348032762,348032762,
	皇太极	25819404,25819404,306586868,306586868,24618051,24618051,316926128,316926128,41435689,41435689,347495742,347495742,41799510,41799510,345307809,345307809,264060644,264060644,22680523,22680523,
创意艺术	北京	345725307,345725307,344945418,344945418,309320249,309320249,340779549,340779549,320075644,320075644,339100249,339100249,326131256,326131256,330679266,330679266,320047346,320047346,321467115,321467115,
	
	制品	286389926,286389926,27942445,27942445,276374854,276374854,31399402,31399402,300123382,300123382,332478225,332478225,330634326,330634326,39772662,39772662,300803622,300803622,266963124,266963124,
图书馆	人生重来	324437913,324437913,318606911,318606911,
教育	南山，曾住东京	348678522,48510028,348678522,344859993,48510028,344859993,344499948,48510028,344499948,27252044,48510028,27252044,38632401,48510028,38632401,28358499,48510028,28358499,30178891,48510028,30178891,309005056,48510028,309005056,268087652,48510028,268087652,25670119,48510028,25670119,
计算机软件	西雅图（Seattle）	48729206,48510028,48729206,290684194,48510028,290684194,321934514,48510028,321934514,320898613,48510028,320898613,320750959,48510028,320750959,319856949,48510028,319856949,319548578,48510028,319548578,318715646,48510028,318715646,316138900,48510028,316138900,315907568,48510028,315907568,
电子游戏	谬谬和谋谋	
财务	青岛	314226694,314226694,57454482,57454482,310780376,310780376,305416270,305416270,19637333,19637333,287650030,287650030,306959277,306959277,306547255,306547255,307311010,307311010,307151316,307151316,
证券投资	上海市	23248585,23248585,23201414,23201414,347121400,347121400,266057628,266057628,21418135,21418135,275351176,275351176,20191526,20191526,38531972,38531972,344881714,344881714,36677201,36677201,
	奥地利的小胡	
咨询分析		
畜牧养殖业	北京	352473175,352473175,33220674,33220674,287524343,287524343,306535168,306535168,352108632,352108632,351787265,351787265,352075702,352075702,334316502,334316502,338967544,338967544,351893135,351893135,
	知乎用户	
科研	海淀区	352384014,48510028,352384014,352108632,48510028,352108632,351857255,48510028,351857255,48300695,48510028,48300695,274978007,48510028,274978007,22930891,48510028,22930891,335140617,48510028,335140617,278155816,48510028,278155816,344405727,48510028,344405727,351574168,48510028,351574168,
计算机软件	西雅图（Seattle）	337481109,337481109,352498895,352498895,352171277,352171277,351386257,351386257,350801376,350801376,343979039,343979039,352116266,352116266,351820283,351820283,347670274,347670274,341544600,341544600,
法律	上海	
房地产	中国	
食品饮料业	上海市	63778544,63778544,20346465,20346465,286733591,286733591,318595867,318595867,43202985,43202985,22507277,22507277,329826142,329826142,21904190,21904190,322544491,322544491,305507128,305507128,
	白眉道长	337493135,337493135,263884029,263884029,53140304,53140304,325173949,325173949,324121374,324121374,316516619,316516619,316708459,316708459,300415423,300415423,304029363,304029363,279834720,279834720,
互联网	北京	349889067,48510028,349889067,348196899,48510028,348196899,348684880,48510028,348684880,339509684,48510028,339509684,328985141,48510028,328985141,329272949,48510028,329272949,327657434,48510028,327657434,325882796,48510028,325882796,63703337,48510028,63703337,317056410,48510028,317056410,
信息传媒	北京	294783324,294783324,292023781,292023781,53675228,53675228,24762672,24762672,285536673,285536673,278112084,278112084,68506756,68506756,268052080,268052080,267662408,267662408,59906914,59906914,
培训	南京	23713916,23713916,348132267,348132267,347761332,347761332,31964355,31964355,66964131,66964131,348446136,348446136,58841188,58841188,346763735,346763735,327000131,327000131,27369467,27369467,
互联网	深圳市	349998035,349998035,346199237,346199237,343873982,343873982,343409579,343409579,341873305,341873305,343163289,343163289,342158751,342158751,314007342,314007342,339170050,339170050,339095304,339095304,
	
科研	珀斯	351766115,48510028,351766115,342066985,48510028,342066985,37712150,48510028,37712150,350292725,48510028,350292725,349045610,48510028,349045610,349697452,48510028,349697452,348931011,48510028,348931011,347646586,48510028,347646586,347208973,48510028,347208973,346901236,48510028,346901236,
装饰装潢	北京	
	
高等教育		21679011,21679011,272033285,272033285,268758238,268758238,265775814,265775814,264757370,264757370,264630626,264630626,264610104,264610104,264351882,264351882,264365222,264365222,54699961,54699961,
互联网	北京	345824747,48510028,345824747,351074765,48510028,351074765,34875310,317447187,48510028,317447187,305921872,48510028,305921872,305969546,48510028,305969546,297427818,48510028,297427818,271260056,48510028,271260056,269006582,48510028,269006582,268104462,48510028,268104462,267444707,48510028,267444707,
	上海	280651361,48509984,280651361,47581654,48509984,47581654,307263436,48509984,307263436,333436260,48509984,333436260,68480751,48509984,68480751,50895523,48509984,50895523,323763825,48509984,323763825,322844188,48509984,322844188,296753623,48509984,296753623,19866749,48509984,19866749,
	漠北	287117061,48510028,287117061,287963831,287963831,48510028,287963831,287633732,48510028,287633732,279486131,48510028,279486131,270214637,48510028,270214637,268946031,48510028,268946031,268944733,48510028,268944733,268175684,48510028,268175684,267902571,48510028,267902571,265667208,48510028,265667208,
互联网	广州市	39652291,48510028,39652291,344964141,48510028,344964141,346760133,48510028,346760133,19916191,48510028,19916191,47648294,48510028,47648294,268481226,48510028,268481226,26011041,48510028,26011041,330386728,48510028,330386728,20719727,48510028,20719727,270750124,48510028,270750124,
法律	湖南湘达律师事务所	327274614,327274614,309456179,309456179,303893970,303893970,301002547,301002547,292359078,292359078,291804959,291804959,38635511,38635511,265625677,265625677,25008713,25008713,54397953,54397953,
	竟然	318438489,318438489,35085533,35085533,283633040,283633040,338687999,338687999,339930534,339930534,26121936,26121936,338037669,338037669,61991126,61991126,338043780,338043780,337409517,337409517,
房地产		351275139,351275139,62114631,62114631,28444782,28444782,268169877,268169877,55235683,55235683,264285024,264285024,344054306,344054306,342056290,342056290,340424050,340424050,339916382,339916382,
	Fort Knox	351512686,351512686,332897003,332897003,271680368,271680368,333199024,333199024,315175118,315175118,325856003,325856003,326493762,326493762,318731200,318731200,323177906,323177906,314776095,314776095,
互联网	饭团	349645805,48510028,349645805,341841768,48510028,341841768,344594625,48510028,344594625,341904503,48510028,341904503,337068983,48510028,337068983,337895103,48510028,337895103,338425897,48510028,338425897,303349419,48510028,303349419,325682435,48510028,325682435,333310747,48510028,333310747,
图书馆	北京市	343959308,343959308,336607324,336607324,26585587,26585587,339352311,339352311,336410972,336410972,328555658,328555658,24885330,24885330,310681355,310681355,320787010,320787010,320425310,320425310,
政府	清华大学	30345902,48510028,30345902,348032762,48510028,348032762,319941103,48510028,319941103,297727132,48510028,297727132,269664100,48510028,269664100,347244638,48510028,347244638,346708717,48510028,346708717,310336078,48510028,310336078,339944846,48510028,339944846,276000271,48510028,276000271,
科研	上海	351753048,351753048,351448451,351448451,344899315,344899315,339110459,339110459,339541709,339541709,54243507,54243507,315548960,315548960,30956721,30956721,320894368,320894368,316843784,316843784,
渔业	滞留地是帽子屋	334789047,334789047,342073312,342073312,348936986,348936986,349245479,349245479,304049577,304049577,347835822,347835822,343685354,343685354,347489182,347489182,342307168,342307168,346521011,346521011,
	知乎用户	
临床医疗	长沙	24077531,24077531,334435316,334435316,333073289,333073289,334151979,334151979,334358897,334358897,333443411,333443411,333931649,333931649,333379969,333379969,333812518,333812518,64335320,64335320,
	藤吉	336695775,336695775,
高等教育	悉尼 (Sydney)	341876584,341876584,310186247,310186247,334989220,334989220,50401388,50401388,332896676,332896676,330525426,330525426,317356803,317356803,324250123,324250123,322706998,322706998,321277654,321277654,
广播电视	北京市	269079112,269079112,350638122,350638122,337222208,337222208,348478699,348478699,347371048,347371048,280429101,280429101,346397280,346397280,344348856,344348856,267028735,267028735,338277363,338277363,
互联网	
体育健身	日本	21128219,21128219,26904462,26904462,326052664,326052664,325888452,325888452,316932788,316932788,317773702,317773702,317757712,317757712,318445462,318445462,39868898,39868898,316836766,316836766,
互联网	上海市	317683562,317683562,58301036,58301036,57740736,57740736,54844372,54844372,53540971,53540971,54129120,54129120,50283766,50283766,41149974,41149974,22860487,22860487,38645019,38645019,
	广东省	342064522,342064522,340949746,340949746,336222623,336222623,330681173,330681173,318037747,318037747,324082607,324082607,64894427,64894427,266928227,266928227,318215708,318215708,307529540,307529540,
科研	德国	
创意艺术	东京	347076338,48509984,347076338,336417193,48509984,336417193,336417193,344467071,48509984,344467071,342142940,48509984,342142940,334107920,48509984,334107920,48617212,48509984,48617212,36815678,48509984,36815678,335903203,48509984,335903203,332699841,48509984,332699841,19934954,48509984,19934954,
	高中学习天地	311171733,311171733,317872499,317872499,306913694,306913694,46420134,46420134,347815648,347815648,311885002,311885002,343441446,343441446,54478774,54478774,20300306,20300306,349213682,349213682,
高等教育	广州市	318214838,318214838,61108099,61108099,316801555,316801555,297146701,297146701,25437114,25437114,308305244,308305244,298561498,298561498,295297327,295297327,276244999,276244999,58107397,58107397,
生物工程	上海	21862436,21862436,30676996,30676996,263578524,263578524,285212032,285212032,20444756,20444756,264335140,264335140,67512889,67512889,24932149,24932149,59902130,59902130,49922975,49922975,
互联网	北京	340590218,340590218,28253356,28253356,266586687,266586687,300840760,300840760,296256378,296256378,290895525,290895525,289017119,289017119,283093946,283093946,55729084,55729084,268873123,268873123,
	Macro kuo	22145314,22145314,65760020,65760020,53780469,53780469,52370087,52370087,25955644,25955644,32315497,32315497,38920431,38920431,20491952,20491952,35124067,35124067,54398623,54398623,
	魔都	344171595,344171595,346754389,346754389,345418172,345418172,343081328,343081328,338966064,338966064,338689850,338689850,335196947,335196947,319284583,319284583,323701356,323701356,330246588,330246588,
创意艺术	杭州	352342226,352342226,347658200,347658200,351133593,351133593,348351096,348351096,345307809,345307809,345041958,345041958,345471945,345471945,339353685,339353685,338290958,338290958,345714453,345714453,
创意艺术		25654797,48509984,25654797,345759218,48509984,345759218,67773477,48509984,67773477,287913017,48509984,287913017,20437002,48509984,20437002,285414258,48509984,285414258,284336042,48509984,284336042,281195771,48509984,281195771,267580760,48509984,267580760,264750381,48509984,264750381,
	
机械设备	上海	352181117,352181117,318356084,318356084,350940640,350940640,59229959,59229959,269364469,269364469,338277614,338277614,274271490,274271490,324291565,324291565,351261523,351261523,40140573,40140573,
	
零售	吉隆坡	352080473,352080473,350529757,350529757,348016350,348016350,346829317,346829317,343306897,343306897,344453437,344453437,343075259,343075259,342999457,342999457,313901943,313901943,337898437,337898437,
广告	湖南省	19717687,19717687,339244253,339244253,31516542,31516542,348987005,348987005,348942803,348942803,316608391,316608391,349304426,349304426,343685354,343685354,318847299,318847299,347953882,347953882,
	郑州大学	351810026,351810026,326899615,326899615,31554232,31554232,315057133,315057133,324368312,324368312,311867062,311867062,311124903,311124903,308836515,308836515,278310562,278310562,26121936,26121936,
互联网	杭州	351426844,351426844,352084212,352084212,351106143,351106143,351180302,351180302,350411823,350411823,308115396,308115396,336267047,336267047,319158572,319158572,347469966,347469966,21287801,21287801,
农林牧渔	济南大学	352350862,48509984,352350862,351934271,48509984,351934271,316700186,48509984,316700186,349016011,48509984,349016011,337332223,48509984,337332223,343924421,48509984,343924421,342738448,48509984,342738448,340703902,48509984,340703902,339867433,48509984,339867433,340720902,48509984,340720902,
汽车	武汉市	343053546,48509984,343053546,65978633,48509984,65978633,346416887,48509984,346416887,43650592,48509984,43650592,350415488,48509984,350415488,350043460,48509984,350043460,349294453,48509984,349294453,31399929,48509984,31399929,346986666,48509984,346986666,317552302,48509984,317552302,
计算机硬件	化学	351271623,48509984,351271623,350327637,48509984,350327637,349963199,48509984,349963199,349517311,48509984,349517311,349027156,48509984,349027156,348127817,48509984,348127817,347809690,48509984,347809690,347839224,48509984,347839224,309749797,48509984,309749797,347034174,48509984,347034174,
高新科技		
	广州市	20770313,20770313,315801030,315801030,26442953,26442953,35536538,35536538,31141380,31141380,60937931,60937931,21251847,21251847,268395554,268395554,300603515,300603515,295454420,295454420,
	杜景	350912854,350912854,54826697,54826697,36987547,36987547,316746855,316746855,350285747,350285747,349214216,349214216,345943752,345943752,341153566,341153566,338619710,338619710,51637424,51637424,
互联网	武昌区（武汉）	344966456,344966456,324608905,324608905,319058219,319058219,317502782,317502782,311604346,311604346,310097644,310097644,295675918,295675918,302911078,302911078,301130190,301130190,300632497,300632497,
	武汉大学	
互联网	青岛	
	中国科普博览	352387157,48510028,352387157,351320383,48510028,351320383,350632093,48510028,350632093,64423726,48510028,64423726,295297327,48510028,295297327,349697452,48510028,349697452,349548263,48510028,349548263,348481104,48510028,348481104,345804190,48510028,345804190,20039741,48510028,20039741,
	WIIASD	349566967,349566967,345384602,345384602,335360135,335360135,66768100,66768100,307529768,307529768,68754291,68754291,315023075,315023075,277304054,277304054,
化工业	武汉科技大学	348067123,348067123,350292725,350292725,348386359,348386359,335306543,335306543,328470579,328470579,327462785,327462785,324664908,324664908,51941302,51941302,270858236,270858236,324739151,324739151,
房地产	深圳市	352299328,352299328,352361530,352361530,310175255,310175255,350780694,350780694,291980869,291980869,347909353,347909353,272156125,272156125,342056290,342056290,327336375,327336375,324736734,324736734,
	白盐茶	308202750,308202750,31438667,31438667,301311267,301311267,40511398,40511398,336139985,336139985,21847537,21847537,27765435,27765435,297912436,297912436,317983002,317983002,28879983,28879983,
餐饮	杭州	62034453,48509984,62034453,21096649,48509984,21096649,46031129,48509984,46031129,62930336,48509984,62930336,54817888,48509984,54817888,56201711,48509984,56201711,56201709,48509984,56201709,56201648,48509984,56201648,23538008,48509984,23538008,34681219,48509984,34681219,
电子游戏	上海市	341173260,341173260,334018197,334018197,332903736,332903736,325377042,325377042,317734905,317734905,282188466,282188466,20187195,20187195,264733487,264733487,263657288,263657288,264390463,264390463,
汽车	刘大胖	54768462,54768462,45978751,45978751,30777641,30777641,26556513,26556513,24680737,24680737,
电子游戏	上海	347817748,48509984,347817748,336306912,48509984,336306912,303907735,48509984,303907735,297904149,48509984,297904149,279246699,48509984,279246699,29556265,48509984,29556265,276120763,48509984,276120763,273921958,48509984,273921958,269089374,48509984,269089374,60235732,48509984,60235732,
互联网	多伦多	349653891,48510028,349653891,49159367,48510028,49159367,339022765,48510028,339022765,339023738,48510028,339023738,318518496,48510028,318518496,276734609,48510028,276734609,320830862,48510028,320830862,321377589,48510028,321377589,31116099,48510028,31116099,311962968,48510028,311962968,
	尘与国度	47880869,47880869,309557931,309557931,286631518,286631518,286429929,286429929,284770075,284770075,278375374,278375374,
博物馆	北京	347813086,347813086,305880051,305880051,313637527,313637527,311083284,311083284,313449427,313449427,288643035,288643035,286020463,286020463,270236029,270236029,266287659,266287659,266126365,266126365,
	希望一切顺利	349143191,349143191,348763851,348763851,334501552,334501552,317544222,317544222,333507969,333507969,333724070,333724070,330598148,330598148,327025215,327025215,321489347,321489347,321647575,321647575,
		352068250,352068250,350470558,350470558,37117863,37117863,349030221,349030221,48476068,48476068,350442532,350442532,350361195,350361195,52074573,52074573,63091187,63091187,20709403,20709403,
法律		346930548,346930548,346648714,346648714,276307864,276307864,268387460,268387460,299528616,299528616,263954039,263954039,265849570,265849570,35035813,35035813,338661820,338661820,28037924,28037924,
	全民故事计划	20280353,48510028,20280353,319510940,48510028,319510940,52708276,48510028,52708276,313516915,48510028,313516915,24014906,48510028,24014906,29174460,48510028,29174460,322863789,48510028,322863789,313564280,48510028,313564280,49502870,48510028,49502870,305748960,48510028,305748960,
信息传媒	中国	351825376,48510028,351825376,352338606,48510028,352338606,22734120,48510028,22734120,28834990,48510028,28834990,349944053,48510028,349944053,350401307,48510028,350401307,351503468,48510028,351503468,350436568,48510028,350436568,349568449,48510028,349568449,33498987,48510028,33498987,
	城闭喧	351703275,351703275,287094159,287094159,266586355,266586355,318517025,318517025,345099419,345099419,348681304,348681304,347748518,347748518,329136876,329136876,346024815,346024815,346982607,346982607,
	东京都	55783301,55783301,350675490,350675490,342267664,342267664,275612174,275612174,318608387,318608387,307201297,307201297,321316837,321316837,310673334,310673334,66367793,66367793,55625790,55625790,
人力资源	物理学	
科研	上海	31042431,48509984,31042431,296881041,48509984,296881041,318443163,48509984,318443163,311285358,48509984,311285358,319692528,48509984,319692528,319589547,48509984,319589547,318196712,48509984,318196712,316758640,48509984,316758640,39869932,48509984,39869932,312857468,48509984,312857468,
互联网	广州市	349670965,349670965,349385305,349385305,351567732,351567732,348742264,348742264,344019917,344019917,349378789,349378789,343519209,343519209,349198472,349198472,349199028,349199028,346162314,346162314,
	老书	30340723,30340723,341722856,341722856,341308998,341308998,297099721,297099721,23701356,23701356,351853752,351853752,352038167,352038167,346594066,346594066,352045606,352045606,348905694,348905694,
	格勒诺布尔大学	34766305,34766305,302594048,302594048,23809895,23809895,33972831,33972831,27062851,27062851,61010049,61010049,342285861,342285861,267458939,267458939,341415289,341415289,346911813,346911813,
军火	格陵兰	41082652,48510028,41082652,351713295,48510028,351713295,348629629,48510028,348629629,347721254,48510028,347721254,339378907,48510028,339378907,338233685,48510028,338233685,31358636,48510028,31358636,35317151,48510028,35317151,351547944,48510028,351547944,351064993,48510028,351064993,
互联网	知乎用户	
电子商务	北京	66670689,66670689,350696058,350696058,350738607,350738607,
旅游	南京市	340940737,340940737,342770017,342770017,39308567,39308567,38896144,38896144,338924445,338924445,330999915,330999915,281447893,281447893,66216782,66216782,328194545,328194545,58141871,58141871,
	王兴	29160943,29160943,22388463,22388463,19567312,19567312,19590885,19590885,19555164,19555164,19550774,19550774,19550396,19550396,
服务业	河南	266566261,266566261,270826541,270826541,61255663,61255663,59779063,59779063,59227802,59227802,58370113,58370113,46343816,46343816,52243396,52243396,57551192,57551192,57557739,57557739,
培训	训犬师	349040421,349040421,298618910,298618910,49356479,49356479,271853691,271853691,271828569,271828569,269054581,269054581,32094733,32094733,268841904,268841904,268434456,268434456,54649470,54649470,
	知乎动画	36185505,48510028,36185505,
	北京	351133657,48510028,351133657,20478176,48510028,20478176,337670520,48510028,337670520,30566381,48510028,30566381,345124567,48510028,345124567,35621814,48510028,35621814,21359797,48510028,21359797,38839722,48510028,38839722,20234033,48510028,20234033,312025070,48510028,312025070,
	广州市	310186247,310186247,21202829,21202829,26019435,26019435,282823316,282823316,319152556,319152556,34438741,34438741,39301058,39301058,21103132,21103132,292502030,292502030,19694505,19694505,
高等教育	刘年	319358186,319358186,
	大邱	347749637,347749637,341415289,341415289,342262293,342262293,341040664,341040664,341470993,341470993,324084554,324084554,340424704,340424704,28306400,28306400,36487338,36487338,337656965,337656965,
	Native Instruments	315309506,315309506,30274809,30274809,
公共管理	青岛	351360044,351360044,351180302,351180302,351133657,351133657,349409024,349409024,349427317,349427317,347469966,347469966,347875645,347875645,345260487,345260487,338190123,338190123,343117348,343117348,
教育	天津	351242456,351242456,347334622,347334622,31937124,31937124,350552124,350552124,349898069,349898069,344289956,344289956,36021616,36021616,340994927,340994927,333250627,333250627,343585330,343585330,
公共服务	河北省	31856430,31856430,285692647,285692647,32229128,32229128,342188784,342188784,352139692,352139692,342237776,342237776,20593151,20593151,352189732,352189732,302726763,302726763,351401682,351401682,
	护士衫下	339765037,48509984,339765037,349963557,48509984,349963557,351753048,48509984,351753048,277132148,48509984,277132148,350416469,48509984,350416469,350959281,48509984,350959281,341487328,48509984,341487328,349678012,48509984,349678012,348833934,48509984,348833934,337472286,48509984,337472286,
	深圳市	
	经济学	351592212,48509984,351592212,350072008,48509984,350072008,348260714,48509984,348260714,65218492,48509984,65218492,35029833,48509984,35029833,342245028,48509984,342245028,343898658,48509984,343898658,267859024,48509984,267859024,65462889,48509984,65462889,334058438,48509984,334058438,
	万古	306638451,306638451,63253483,63253483,
临床医疗	三磷酸腺苷	344905215,344905215,35842923,35842923,340256985,340256985,38875583,38875583,63554055,63554055,36032972,36032972,339531936,339531936,345408117,345408117,310681355,310681355,344966424,344966424,
	十相电影	349987663,349987663,299995521,299995521,335743763,335743763,343952751,343952751,345434951,345434951,345566708,345566708,345466388,345466388,336899485,336899485,310838648,310838648,61192834,61192834,
广告	北京	336401679,48510028,336401679,319683260,48510028,319683260,329005305,48510028,329005305,265829482,48510028,265829482,308348507,48510028,308348507,268450915,48510028,268450915,265433678,48510028,265433678,264106433,48510028,264106433,58713296,48510028,58713296,65060761,48510028,65060761,
电子游戏	广州市	350418562,350418562,349449686,349449686,346371968,346371968,21224842,21224842,347973516,347973516,335140617,335140617,345289469,345289469,30325795,30325795,347784584,347784584,345039462,345039462,
	园田优	336597425,336597425,325014104,325014104,323692084,323692084,322440655,322440655,322295292,322295292,321499328,321499328,321678467,321678467,321207502,321207502,320458762,320458762,320457037,320457037,
互联网	上海	22262551,22262551,59137812,59137812,57858214,57858214,46766294,46766294,
艺术娱乐	France Paris	
	清华大学	348067123,48510028,348067123,349548263,48510028,349548263,350675490,48510028,350675490,347254580,48510028,347254580,266222461,48510028,266222461,339747893,48510028,339747893,334925679,48510028,334925679,304033228,48510028,304033228,347968328,48510028,347968328,312377267,48510028,312377267,
信息传媒	调查记者	284876873,48510028,284876873,271569087,48510028,271569087,21569299,48510028,21569299,278493824,48510028,278493824,274967755,48510028,274967755,65089674,48510028,65089674,65090447,48510028,65090447,278156775,48510028,278156775,37093821,48510028,37093821,60209246,48510028,60209246,
	尹诺	43536487,48510028,43536487,310298977,48510028,310298977,351260876,48510028,351260876,24461808,48510028,24461808,350535184,48510028,350535184,37777781,48510028,37777781,346709615,48510028,346709615,345667752,48510028,345667752,343322096,48510028,343322096,48737484,48510028,48737484,
创意艺术	上海	333307268,48510028,333307268,332615730,48510028,332615730,331920853,48510028,331920853,328266119,48510028,328266119,329320558,48510028,329320558,312865926,48510028,312865926,312218374,48510028,312218374,39474276,48510028,39474276,302846838,48510028,302846838,301997293,48510028,301997293,
化工业	里昂	
创意艺术	广州市	345953564,345953564,343466446,343466446,44780592,44780592,317361761,317361761,309063178,309063178,309231126,309231126,55477065,55477065,309041452,309041452,38407128,38407128,293224370,293224370,
公共管理	江苏	
	勃拉姆斯音乐教室	313771548,48510028,313771548,313242252,48510028,313242252,309495028,48510028,309495028,309417606,48510028,309417606,310326078,48510028,310326078,310323931,48510028,310323931,309482101,48510028,309482101,309546485,48510028,309546485,309546410,48510028,309546410,309546341,48510028,309546341,
	WPS Office	349981154,48510028,349981154,347761332,48510028,347761332,19978753,48510028,19978753,48487733,48510028,48487733,26818387,48510028,26818387,19578002,48510028,19578002,21544434,48510028,21544434,346965791,48510028,346965791,28592283,48510028,28592283,347552141,48510028,347552141,
娱乐休闲	北京	350208550,350208550,350952691,350952691,348639185,348639185,285222414,285222414,340129878,340129878,335244409,335244409,334989220,334989220,334529121,334529121,323300782,323300782,323626538,323626538,

艺术娱乐	张小玉	48805109,48509984,48805109,47581654,48509984,47581654,21554983,48509984,21554983,33505619,48509984,33505619,39775441,48509984,39775441,27753564,48509984,27753564,263610388,48509984,263610388,40211178,48509984,40211178,38756548,48509984,38756548,38301503,48509984,38301503,
	漠蓝风	334104332,334104332,340841343,340841343,340195314,340195314,340387722,340387722,340456362,340456362,340253249,340253249,339471687,339471687,329565102,329565102,340056305,340056305,340063491,340063491,
政府		33259306,33259306,26741990,26741990,300678164,300678164,36876900,36876900,335196947,335196947,55095645,55095645,53986357,53986357,22341844,22341844,31830972,31830972,20250565,20250565,
	
政府	呼和浩特	342670177,342670177,342672188,342672188,343140731,343140731,332667078,332667078,332178792,332178792,331381223,331381223,314239139,314239139,329554090,329554090,326493898,326493898,326363631,326363631,
创意艺术	沈阳	46296203,46296203,343190470,343190470,302862562,302862562,323039880,323039880,30023493,30023493,291346183,291346183,27118175,27118175,52119800,52119800,51181490,51181490,
金融	王大锤	349941465,349941465,348769602,348769602,334364126,334364126,344875615,344875615,341933912,341933912,340146224,340146224,337072952,337072952,336209443,336209443,61541792,61541792,332363113,332363113,
培训		349470715,48510028,349470715,349480932,48510028,349480932,349022978,48510028,349022978,348611201,48510028,348611201,349043767,48510028,349043767,349172593,48510028,349172593,349176606,48510028,349176606,345324980,48510028,345324980,346987926,48510028,346987926,347677459,48510028,347677459,
创意艺术	浙江温州江南皮革厂	306541346,306541346,347611208,347611208,344173885,344173885,338718984,338718984,56967922,56967922,330210734,330210734,341294920,341294920,338248919,338248919,28773318,28773318,323751597,323751597,
	扬云飞	321165966,321165966,42183062,42183062,316634547,316634547,307472737,307472737,314650717,314650717,312690124,312690124,312697635,312697635,310953836,310953836,309433438,309433438,310101558,310101558,
互联网	深圳市	
化工业	杭州	
科研	日本	352070248,48510028,352070248,350504364,48510028,350504364,352115462,48510028,352115462,348010909,48510028,348010909,352189411,48510028,352189411,348811511,48510028,348811511,351191841,48510028,351191841,351358714,48510028,351358714,351448451,48510028,351448451,351623792,48510028,351623792,
互联网	北京	
互联网	美国加州	319685478,319685478,314037602,314037602,20253302,20253302,294697437,294697437,293436312,293436312,281210480,281210480,278156775,278156775,66861459,66861459,32316667,32316667,64615426,64615426,
	安非莔明	287943522,287943522,316947578,316947578,326993039,326993039,327174052,327174052,
电力电网		349781196,48509984,349781196,337888328,48509984,337888328,293097100,48509984,293097100,340273769,48509984,340273769,335108820,48509984,335108820,319042241,48509984,319042241,339336914,48509984,339336914,337305800,48509984,337305800,330393387,48509984,330393387,292279861,48509984,292279861,
计算机软件	程序员	
	上海对外经贸大学	346746290,346746290,315428251,315428251,321764409,321764409,317307429,317307429,35859479,35859479,326634942,326634942,322169569,322169569,285105011,285105011,288915336,288915336,339092938,339092938,
政府	楚国	351510930,351510930,321199220,321199220,348417030,348417030,347348237,347348237,341365918,341365918,342590424,342590424,338259604,338259604,338577621,338577621,336938260,336938260,337873137,337873137,
	废问	301884603,301884603,336593673,336593673,55962172,55962172,326917612,326917612,318939835,318939835,
广告	北京市	352080473,48510028,352080473,347897060,48510028,347897060,346236024,48510028,346236024,346808901,48510028,346808901,346762535,48510028,346762535,344453437,48510028,344453437,339567108,48510028,339567108,29612156,48510028,29612156,325337636,48510028,325337636,321189332,48510028,321189332,
非营利组织	上海	351165549,351165549,351139821,351139821,351955380,351955380,328563708,328563708,23169844,23169844,349944053,349944053,34607586,34607586,27234737,27234737,349568449,349568449,350126182,350126182,
幼儿教育		322705950,322705950,336870432,336870432,332155810,332155810,344040315,344040315,335039955,335039955,293095043,293095043,266668342,266668342,22167811,22167811,341365918,341365918,311695640,311695640,
	弱智吧日常	51496960,51496960,
信息传媒	上海	307728012,307728012,317945181,317945181,313158579,313158579,314796326,314796326,299164496,299164496,312302157,312302157,38367057,38367057,304987212,304987212,302519169,302519169,297021023,297021023,
资本投资	南京	
	财新网	352108632,48510028,352108632,352227381,48510028,352227381,352171277,48510028,352171277,352173424,48510028,352173424,351843957,48510028,351843957,352080473,48510028,352080473,351948142,48510028,351948142,351871252,48510028,351871252,351334782,48510028,351334782,351320383,48510028,351320383,
	咲谷由伊	350867778,350867778,351191841,351191841,342981445,342981445,281242674,281242674,350804333,350804333,344515196,344515196,335316978,335316978,350070973,350070973,306721089,306721089,55435523,55435523,
	南京	325701747,325701747,350738975,350738975,343521857,343521857,328936708,328936708,327172019,327172019,333513556,333513556,333337741,333337741,325961584,325961584,323257287,323257287,321728681,321728681,
	上海	347520333,347520333,346879872,346879872,339486873,339486873,340449566,340449566,338904971,338904971,335481858,335481858,325568876,325568876,328772343,328772343,327694035,327694035,320378915,320378915,
电子游戏	上海	335530471,48509984,335530471,265280706,48509984,265280706,62545728,48509984,62545728,62166373,48509984,62166373,61840241,48509984,61840241,61870590,48509984,61870590,61800128,48509984,61800128,58799657,48509984,58799657,58865615,48509984,58865615,51813450,48509984,51813450,
公共服务		
互联网	湖南	28003645,28003645,
	sky ig	34736411,34736411,31888757,31888757,48436711,48436711,39079298,39079298,31608464,31608464,
计算机软件	East Palo Alto	58488659,58488659,352259123,352259123,346709712,346709712,352342226,352342226,352231492,352231492,352348769,352348769,19565426,19565426,271627087,271627087,352326297,352326297,352069941,352069941,
基础教育	
	张世东	319301250,319301250,333156433,333156433,51757298,51757298,324250123,324250123,320040507,320040507,295764909,295764909,279125353,279125353,272399894,272399894,268643247,268643247,
	海纳百川	339697446,339697446,340590156,340590156,340889009,340889009,341357839,341357839,340860073,340860073,340684319,340684319,338412978,338412978,338269789,338269789,338269667,338269667,338149459,338149459,
	北京	352441610,48509984,352441610,351352119,48509984,351352119,351411253,48509984,351411253,351372556,48509984,351372556,350709702,48509984,350709702,350445693,48509984,350445693,349406227,48509984,349406227,348401672,48509984,348401672,348981270,48509984,348981270,347619762,48509984,347619762,
互联网	北京	40315645,40315645,346024815,346024815,322175199,322175199,19851528,19851528,324720000,324720000,310186247,310186247,333022816,333022816,277221676,277221676,316062439,316062439,63894266,63894266,
财务	澳门特别行政区	351939077,351939077,347944041,347944041,59458534,59458534,347435393,347435393,346497452,346497452,324605601,324605601,340743436,340743436,343081328,343081328,343424658,343424658,342328225,342328225,
	余家头男子职业技术学院	350766300,350766300,300616845,300616845,351151810,351151810,350804592,350804592,344277741,344277741,342134203,342134203,340050881,340050881,339336706,339336706,338624139,338624139,326638434,326638434,
航天	北京	
高等教育	心理学	349120697,48509984,349120697,348641796,48509984,348641796,345648360,48509984,345648360,26099250,48509984,26099250,340336198,48509984,340336198,338174238,48509984,338174238,21541137,48509984,21541137,300448845,48509984,300448845,317854629,48509984,317854629,64993126,48509984,64993126,
高等教育	卡迪夫（Cardiff）	340435025,48510028,340435025,29369659,48510028,29369659,337251486,48510028,337251486,310923691,48510028,310923691,329451811,48510028,329451811,330422166,48510028,330422166,330394574,48510028,330394574,323976342,48510028,323976342,327036735,48510028,327036735,326839012,48510028,326839012,
创意艺术	郑州市	352590670,352590670,322764842,322764842,347651177,347651177,21287237,21287237,23360635,23360635,20671763,20671763,38299489,38299489,39766410,39766410,328895616,328895616,28070701,28070701,
互联网		328614964,328614964,297776153,297776153,351370497,351370497,351851790,351851790,284203130,284203130,344019917,344019917,350898564,350898564,348361827,348361827,351388272,351388272,20652380,20652380,
	广东省	350712596,350712596,351946639,351946639,351912932,351912932,352023402,352023402,342308084,342308084,351703696,351703696,350924801,350924801,61214843,61214843,351235286,351235286,350362677,350362677,
银行	北京	
	曹彦士	307960107,307960107,319398004,319398004,32244438,32244438,38743195,38743195,41021539,41021539,21644214,21644214,351717343,351717343,287561605,287561605,31763571,31763571,47271970,47271970,
汽车	横滨	
高等教育	天津	64203686,64203686,334400452,334400452,328151943,328151943,328760867,328760867,51921216,51921216,283944388,283944388,301009345,301009345,285655606,285655606,278083720,278083720,57051892,57051892,
基础教育	南昌	
高等教育	香港特别行政区	267252279,267252279,46874582,46874582,62438281,62438281,27934100,27934100,35439984,35439984,46001272,46001272,54959267,54959267,52570020,52570020,53611535,53611535,53715958,53715958,
电子商务	广州市	352088586,352088586,349566175,349566175,348623859,348623859,41095497,41095497,346801590,346801590,339385055,339385055,341365918,341365918,336855438,336855438,332144102,332144102,337476693,337476693,
	朕说	20003900,20003900,30070793,30070793,42362871,42362871,21076123,21076123,65547519,65547519,52946470,52946470,36568426,36568426,24266800,24266800,63040384,63040384,61291160,61291160,
金属加工	河北省石家庄	345314977,345314977,341372446,341372446,351617208,351617208,352115462,352115462,351881706,351881706,340940737,340940737,346534124,346534124,345503420,345503420,351336288,351336288,347360690,347360690,
计算机硬件	杭州	349314410,48510028,349314410,340810232,48510028,340810232,270328017,48510028,270328017,271014802,48510028,271014802,
高新科技	北京	
黑色金属	北京	35697603,48509984,35697603,344763924,48509984,344763924,302661911,48509984,302661911,342944385,48509984,342944385,25337768,48509984,25337768,21919042,48509984,21919042,338458872,48509984,338458872,34464939,48509984,34464939,330135947,48509984,330135947,22813568,48509984,22813568,
法律	知乎用户	
	布鲁斯·韦恩	324261945,324261945,322775502,322775502,321992900,321992900,322715027,322715027,316956174,316956174,318508871,318508871,297029093,297029093,318542573,318542573,30998264,30998264,321969238,321969238,
法律		
		301952210,301952210,24839750,24839750,286940200,286940200,284860228,284860228,281073431,281073431,267043789,267043789,280791599,280791599,280654018,280654018,279331353,279331353,280179290,280179290,
基础教育	湖南师大附中(长沙)	337527179,48510028,337527179,38157285,48510028,38157285,269802426,48510028,269802426,311814105,48510028,311814105,35369751,48510028,35369751,62852406,48510028,62852406,268948667,48510028,268948667,328336367,48510028,328336367,328333802,48510028,328333802,264686799,48510028,264686799,
	顾谁	304832825,304832825,46409419,46409419,295268594,295268594,20783044,20783044,304606956,304606956,
	北海道	38549630,38549630,28912292,55771242,55771242,347674880,347674880,349963557,349963557,350604787,350604787,264941789,264941789,347346891,347346891,55122724,55122724,349006208,349006208,348746876,348746876,
体育健身	珠海	
创意艺术		351204283,351204283,350093668,350093668,349248763,349248763,349446855,349446855,349790879,349790879,346786518,346786518,345526920,345526920,346301731,346301731,20716883,20716883,338093165,338093165,
	知一声	306455395,48510028,306455395,26726794,48510028,26726794,19890335,48510028,19890335,26292855,48510028,26292855,34365723,21039981,65347328,
	kmlover	22464016,48509984,22464016,49340983,48509984,49340983,344044317,48509984,344044317,347304630,48509984,347304630,345793542,48509984,345793542,48356485,48509984,48356485,53934389,48509984,53934389,340940125,48509984,340940125,340374389,48509984,340374389,340016379,48509984,340016379,
金融	南京	333199024,333199024,352237500,352237500,266253986,266253986,313851288,313851288,349842915,349842915,342843416,342843416,307188291,307188291,344074252,344074252,35060016,35060016,45028123,45028123,
	不羡	307250856,307250856,306706552,306706552,307389944,307389944,307510209,307510209,306967231,306967231,307055210,307055210,267908130,267908130,
	一条	344019917,48510028,344019917,23666509,48510028,23666509,19877694,48510028,19877694,332699841,48510028,332699841,45136349,48510028,45136349,27082708,48510028,27082708,64676168,48510028,64676168,36172539,48510028,36172539,307451587,48510028,307451587,275889588,48510028,275889588,
科研		335397255,48510028,335397255,330671869,48510028,330671869,329794288,48510028,329794288,327550866,48510028,327550866,27703886,48510028,27703886,26789754,48510028,26789754,27454998,48510028,27454998,26452433,48510028,26452433,327998889,48510028,327998889,31639009,48510028,31639009,
培训	沈阳市	287112463,287112463,27754659,27754659,27705636,27705636,27705767,27705767,22627518,22627518,21472966,21472966,20968564,20968564,
教育	天津	61187183,61187183,58473446,58473446,56560175,56560175,48781911,48781911,22580687,22580687,23703464,23703464,29787154,29787154,49199181,49199181,31585247,31585247,31851710,31851710,
	北京	337775541,48510028,337775541,342847469,48510028,342847469,348570633,48510028,348570633,331314009,48510028,331314009,30097964,48510028,30097964,27867581,48510028,27867581,326623299,48510028,326623299,49542975,48510028,49542975,280597361,48510028,280597361,27641678,48510028,27641678,
机械设备	上海	352356052,352356052,352115462,352115462,348719316,348719316,351377078,351377078,350292725,350292725,350091132,350091132,42076732,42076732,349348788,349348788,347435892,347435892,265876873,265876873,
	疯狂绅士	285277994,285277994,352231492,352231492,352226489,352226489,352173424,352173424,351949977,351949977,351061827,351061827,350706955,350706955,343352761,343352761,347744137,347744137,351752346,351752346,
互联网	长沙	347039315,347039315,333549104,333549104,342016897,342016897,19602183,19602183,325060207,325060207,287958865,287958865,307000326,307000326,326251985,326251985,304927212,304927212,323423350,323423350,
互联网		316700186,48509984,316700186,352147808,48509984,352147808,351134643,48509984,351134643,263574787,48509984,263574787,350588789,48509984,350588789,345835565,48509984,345835565,350893744,48509984,350893744,349194622,48509984,349194622,350068777,48509984,350068777,349639318,48509984,349639318,
	天眼查	352181117,48510028,352181117,352171277,48510028,352171277,55197169,48510028,55197169,352143972,48510028,352143972,350844327,48510028,350844327,352173424,48510028,352173424,351900452,48510028,351900452,351798864,48510028,351798864,351747235,48510028,351747235,64702085,48510028,64702085,
咨询分析	杭州	325477770,325477770,320694344,320694344,307990329,307990329,337633393,337633393,283644488,283644488,335475478,335475478,302165466,302165466,280272233,280272233,297034796,297034796,311301774,311301774,
	
高等教育	重庆师范	296638459,296638459,35016559,35016559,22099520,22099520,43423042,43423042,47384789,47384789,40358380,40358380,38584863,38584863,27648526,27648526,27662789,27662789,27667469,27667469,
电子游戏	村姑阳子	343172199,343172199,305353255,305353255,64913880,64913880,21746464,21746464,
互联网	天津	349964759,349964759,342936488,342936488,311378291,311378291,338904971,338904971,338456114,338456114,337428310,337428310,49425665,49425665,334731954,334731954,26291599,26291599,307030887,307030887,
高等教育	英国	
		351800930,48509984,351800930,313564280,48509984,313564280,26785146,48509984,26785146,327749631,48509984,327749631,337511147,48509984,337511147,335298384,48509984,335298384,331255246,48509984,331255246,21240488,48509984,21240488,342033540,48509984,342033540,21728466,48509984,21728466,
法律	Jun zhou	269160774,269160774,33684599,33684599,339505458,339505458,345052269,345052269,19688239,19688239,337251486,337251486,293817579,293817579,333616045,333616045,331637139,331637139,49448543,49448543,
景观	ReYSY	346138006,346138006,280538352,280538352,311074613,311074613,319067270,319067270,

	私立碧阳学园 飞天部部室	
	麻薯苏丹国皇家理工学院	
互联网	深圳市	350068974,48509984,350068974,324174972,48509984,324174972,319512694,48509984,319512694,29047809,48509984,29047809,313797573,48509984,313797573,308229866,48509984,308229866,305144074,48509984,305144074,48376056,48509984,48376056,267573959,48509984,267573959,266119515,48509984,266119515,
	医学	352173424,48510028,352173424,22464016,48510028,22464016,28122777,48510028,28122777,351752346,48510028,351752346,265147990,48510028,265147990,24868333,48510028,24868333,20699792,48510028,20699792,293238750,48510028,293238750,31161293,48510028,31161293,29366882,48510028,29366882,
互联网	北京	
法律	桃园县大溪镇慈湖	64672737,64672737,317525401,317525401,27945721,27945721,26828356,26828356,275760364,275760364,64688148,64688148,64699036,64699036,339479873,339479873,339785766,339785766,311884442,311884442,
高新科技	荷兰	
	热那亚	277132148,48509984,277132148,349348788,48509984,349348788,350279490,48509984,350279490,298035016,48509984,298035016,348717434,48509984,348717434,345878554,48509984,345878554,339160795,48509984,339160795,347489721,48509984,347489721,348557383,48509984,348557383,344898179,48509984,344898179,
	东莞	339812776,339812776,296166235,296166235,48393844,48393844,65247305,65247305,57706148,57706148,29030166,29030166,22490775,22490775,275808177,275808177,328461394,328461394,26828917,26828917,
	中国科学院大学	
	玲珑花	
	帅醒侠	25253931,25253931,28049319,28049319,298243314,298243314,275053213,275053213,37865421,37865421,67836322,67836322,63917159,63917159,
非营利组织	呼和浩特	343395687,343395687,322515078,322515078,331252452,331252452,322072487,322072487,307736432,307736432,304647621,304647621,280663116,280663116,278856112,278856112,277443453,277443453,277308854,277308854,
互联网	香港理工大学	23178234,23178234,26594508,26594508,60095770,60095770,315129535,315129535,47800419,47800419,305483824,305483824,21976173,21976173,20494311,20494311,26577763,26577763,19977449,19977449,
	sasay	340326328,340326328,
	看理想	344952992,48510028,344952992,340701158,48510028,340701158,277040733,48510028,277040733,333164560,48510028,333164560,326125696,48510028,326125696,339834614,48510028,339834614,298803270,48510028,298803270,336533652,48510028,336533652,31146650,48510028,31146650,332478225,48510028,332478225,
国防军事	西安	
服装业	深圳市	27374524,27374524,22825692,22825692,314617726,314617726,319027663,319027663,308233498,308233498,281271203,281271203,56378769,56378769,297337519,297337519,282691813,282691813,30688534,30688534,
	知乎小管家	350991631,48510028,350991631,335769136,48510028,335769136,20806546,48510028,20806546,320373503,48510028,320373503,320373503,318496731,48510028,318496731,313849186,48510028,313849186,295966838,48510028,295966838,313156235,48510028,313156235,63075907,48510028,63075907,26024602,48510028,26024602,
	北京市	342013441,342013441,308696083,308696083,305739948,305739948,295260565,295260565,284607180,284607180,283089011,283089011,282807492,282807492,45760525,45760525,35510418,35510418,274323243,274323243,
房地产	北京	351607398,48510028,351607398,352342226,48510028,352342226,315387406,48510028,315387406,352299328,48510028,352299328,352108632,48510028,352108632,351165549,48510028,351165549,351744093,48510028,351744093,346588005,48510028,346588005,351747235,48510028,351747235,351574168,48510028,351574168,
互联网	迷人的灵魂	333633908,333633908,319591318,319591318,25815002,25815002,34401174,34401174,318185970,318185970,308356254,308356254,308366769,308366769,29995649,29995649,27447181,27447181,
	鱼子粥	320682017,320682017,21008014,21008014,308753538,308753538,307730063,307730063,279393680,279393680,276883143,276883143,267628009,267628009,271548828,271548828,270672860,270672860,268580918,268580918,
	苏伊士总督	351499455,351499455,349482823,349482823,347677474,347677474,347209218,347209218,56278643,328618768,328618768,331899623,331899623,330656710,330656710,330138174,330138174,326180697,326180697,325011499,325011499,
	
	知乎用户	
政府	温州	335881323,48510028,335881323,348419206,48510028,348419206,308969992,48510028,308969992,327116860,48510028,327116860,316367012,48510028,316367012,317326604,48510028,317326604,
	深圳市	
艺术娱乐	北京	27227478,48510028,27227478,39658400,48510028,39658400,31844449,48510028,31844449,30469990,48510028,30469990,
电影录音	上海	344898179,48510028,344898179,327906843,48510028,327906843,35547750,48510028,35547750,300039393,48510028,300039393,333166820,48510028,333166820,311717370,48510028,311717370,21195215,48510028,21195215,52968530,48510028,52968530,330377137,48510028,330377137,322549887,48510028,322549887,
非营利组织		352171277,352171277,352308085,352308085,352108632,352108632,352173424,352173424,351646498,351646498,351448451,351448451,351341759,351341759,350857182,350857182,350745322,350745322,350595678,350595678,
计算机软件	新西兰	347489182,347489182,289362659,289362659,317401847,317401847,319666732,319666732,23864002,23864002,299761754,299761754,35518652,35518652,281244325,281244325,273843755,273843755,36850322,36850322,
政府	琉璃夜枫	63423051,63423051,350200649,350200649,350804592,350804592,350409915,350409915,348561937,348561937,346632926,346632926,277634079,277634079,344879580,344879580,347758785,347758785,294042134,294042134,
	NBA	329322929,48509984,329322929,328835637,48509984,328835637,328354768,48509984,328354768,328077021,48509984,328077021,327654277,48509984,327654277,327207638,48509984,327207638,326155767,48509984,326155767,325357006,48509984,325357006,324127219,48509984,324127219,323873923,48509984,323873923,
互联网	北京	
地产建筑	珠三角	344827837,344827837,344499872,344499872,319741531,319741531,344309093,344309093,342763848,342763848,337562832,337562832,333665604,333665604,278922746,278922746,51469826,51469826,323710545,323710545,
	宁古塔娜	68681664,68681664,
	
	苏州	339299336,339299336,349482593,349482593,349215148,349215148,330594493,330594493,341415289,341415289,347745552,347745552,347268325,347268325,346132434,346132434,49271294,49271294,322097864,322097864,
互联网	北京	40394171,48510028,40394171,19952708,48510028,19952708,35987345,48510028,35987345,24980451,48510028,24980451,24816698,48510028,24816698,21668915,48510028,21668915,20646097,48510028,20646097,21225718,48510028,21225718,20613733,48510028,20613733,21076256,48510028,21076256,
	离人	351225940,351225940,345864294,345864294,350243609,350243609,316329802,316329802,59262001,59262001,343447048,343447048,343232105,343232105,322231773,322231773,338912983,338912983,333195546,333195546,
服装业	杭州	52651150,52651150,297324329,297324329,270544790,270544790,310686564,310686564,338751000,338751000,336854379,336854379,36175418,36175418,308150964,308150964,39610644,39610644,316071621,316071621,
邮政	北京	352303653,352303653,351679477,351679477,350232396,350232396,302479879,302479879,330033228,330033228,326364103,326364103,350314246,350314246,51705745,51705745,349904699,349904699,346905705,346905705,
互联网		302592028,302592028,23730582,23730582,288546481,288546481,30021561,30021561,19803431,19803431,21179963,21179963,54172322,54172322,288241922,288241922,27110896,27110896,24109443,24109443,
互联网	杭州	
	杭州	276101963,276101963,313093861,313093861,31412304,31412304,68656031,68656031,31102829,31102829,24267908,24267908,32054129,32054129,32107233,32107233,38244425,38244425,20727479,20727479,
证券投资	北京	352228356,352228356,351747235,351747235,351167087,351167087,36996031,36996031,38968839,38968839,346733471,346733471,266090769,266090769,348939317,348939317,38558915,38558915,19986643,19986643,
	流浪的蛤蟆	352384014,352384014,352481584,352481584,351958376,351958376,345590846,345590846,351787168,351787168,351707341,351707341,351679477,351679477,348904824,348904824,333374142,333374142,350957345,350957345,
	杭州	310483587,310483587,347911805,347911805,348857407,348857407,341800551,341800551,342567371,342567371,335219025,335219025,27062835,27062835,30482323,30482323,319090968,319090968,333791338,333791338,
	百度	351955380,48510028,351955380,67257777,48510028,67257777,346151030,48510028,346151030,
互联网	上海	
证券投资	上海	349951077,349951077,341415289,341415289,52559537,52559537,345559446,345559446,342738272,342738272,20345044,20345044,338368770,338368770,333522301,333522301,333022816,333022816,328867281,328867281,
高等教育	云南	23024522,23024522,323537013,323537013,322802565,322802565,319591318,319591318,294200448,294200448,318653814,318653814,318982615,318982615,319741637,319741637,319700649,319700649,23561870,23561870,
	昭陵六骏	352091495,352091495,351378827,351378827,339410670,339410670,348123130,348123130,348604883,348604883,348871099,348871099,348830362,348830362,344417532,344417532,347840564,347840564,336175234,336175234,
高等教育	返朴	296879512,296879512,346999432,346999432,313621529,313621529,29488853,29488853,23138465,23138465,349872638,349872638,344123119,344123119,349705396,349705396,349697452,349697452,349548263,349548263,
	美国	21875065,48510028,21875065,
	马科斯	27591971,27591971,56011924,56011924,34342613,34342613,343156079,343156079,
		23052675,23052675,328296194,328296194,312747301,312747301,41216771,41216771,40153292,40153292,27053320,27053320,23478723,23478723,
娱乐休闲	北京	332167325,48510028,332167325,328418346,48510028,328418346,326776631,48510028,326776631,325540082,48510028,325540082,
	薇薇安	302370860,302370860,302449266,302449266,63165436,63165436,24934507,24934507,
互联网	南京市	343052115,343052115,349847416,349847416,336431847,336431847,349813703,349813703,277206344,277206344,349705421,349705421,348798595,348798595,346161685,346161685,347021155,347021155,347591409,347591409,
教育	洛杉矶 (Los Angeles)	312923936,48509984,312923936,347554288,48509984,347554288,347554084,48509984,347554084,346765833,48509984,346765833,346515520,48509984,346515520,345361309,48509984,345361309,343821727,48509984,343821727,345059736,48509984,345059736,343635061,48509984,343635061,343842923,48509984,343842923,
基础教育		296166690,296166690,299205851,299205851,307414042,307414042,26440561,26440561,309141897,309141897,264354860,264354860,59408786,59408786,26009615,26009615,63580454,63580454,51429662,51429662,




















































































































































































































































































































































