

	上海	
出版业	北京	
	我们的太空	304160528,48510028,304160528,351964089,48510028,351964089,351991857,48510028,351991857,351831350,48510028,351831350,351823646,48510028,351823646,351542727,48510028,351542727,349613825,48510028,349613825,348639185,48510028,348639185,347411547,48510028,347411547,347791409,48510028,347791409,
	李白兔	61907317,61907317,66254986,66254986,25017467,25017467,23513681,23513681,37042771,37042771,38321869,38321869,65389940,65389940,65564529,65564529,55206896,55206896,23715013,23715013,
电子商务	深圳市	338844063,338844063,292872017,292872017,292558640,292558640,291918893,291918893,284656093,284656093,290321442,290321442,290329206,290329206,290323474,290323474,289605842,289605842,290053121,290053121,
高等教育	东京	335875049,48510028,335875049,329620203,48510028,329620203,329686349,48510028,329686349,326433443,48510028,326433443,324230536,48510028,324230536,323640312,48510028,323640312,319673787,48510028,319673787,38380713,48510028,38380713,277833991,48510028,277833991,277093747,48510028,277093747,
	一首故事	337454265,337454265,35872841,35872841,40087725,40087725,61370742,61370742,59212236,59212236,29923789,29923789,278946958,278946958,307623843,307623843,59832359,59832359,270278530,270278530,
	动画学术趴	27408778,48510028,27408778,270318303,48510028,270318303,292261412,48510028,292261412,288600338,48510028,288600338,27613735,48510028,27613735,270145832,48510028,270145832,29381197,48510028,29381197,267189851,48510028,267189851,266829489,48510028,266829489,266592243,48510028,266592243,
互联网	北京	320775099,320775099,320415943,320415943,290813384,290813384,294121540,294121540,37127489,37127489,67781460,67781460,67572989,67572989,67726414,67726414,40984328,40984328,30445324,30445324,
	一片神秘的空域	
电子游戏	永州	352361530,352361530,350706759,350706759,335183322,335183322,352173424,352173424,352116978,352116978,352076986,352076986,351900452,351900452,350868589,350868589,351525979,351525979,351508151,351508151,
	李察德	352080473,352080473,297635288,297635288,322026970,322026970,321583627,321583627,321414908,321414908,320825895,320825895,320457037,320457037,319935736,319935736,319655427,319655427,319540484,319540484,

	李木子	340854474,340854474,325364814,325364814,266025389,274282069,274282069,303095883,303095883,300791610,300791610,302522365,302522365,31451562,31451562,21303788,21303788,38920431,38920431,284196625,284196625,
互联网	上海	350734884,48509984,350734884,347599120,48509984,347599120,59057417,48509984,59057417,350941114,48509984,350941114,347495430,48509984,347495430,350243609,48509984,350243609,349675424,48509984,349675424,348478699,48509984,348478699,348308828,48509984,348308828,53727502,48509984,53727502,
	沈听雪	266464619,266464619,37471032,37471032,59737528,59737528,41576507,41576507,27191397,27191397,30236030,30236030,34623080,34623080,264137709,264137709,29632076,29632076,34817598,34817598,

	寒山寺	342284526,342284526,333896806,333896806,
法律	上海市	
	诸葛咸鱼	352234343,352234343,352218256,352218256,352050681,352050681,350075934,350075934,351942452,351942452,351219201,351219201,338138854,338138854,351427281,351427281,334781532,334781532,351040838,351040838,
	十二界疯狗人偶师	349494137,349494137,348101584,348101584,348882312,348882312,337702501,337702501,351031788,351031788,350341955,350341955,350018413,350018413,349740234,349740234,348942803,348942803,349857441,349857441,
高等教育	上海市闵行区	296916029,296916029,335977630,335977630,319693398,319693398,323316965,323316965,334868090,334868090,333603965,333603965,326486872,326486872,56719237,56719237,332580556,332580556,331716085,331716085,
互联网	北京	342886664,48510028,342886664,52127140,48510028,52127140,337210934,48510028,337210934,310186247,48510028,310186247,336683061,48510028,336683061,334596233,48510028,334596233,335504976,48510028,335504976,325849685,48510028,325849685,307906704,48510028,307906704,328977562,48510028,328977562,
互联网	广州市	19960643,48510028,19960643,344411299,48510028,344411299,344411161,48510028,344411161,343033809,48510028,343033809,27856618,48510028,27856618,335703363,48510028,335703363,330378420,48510028,330378420,328128885,48510028,328128885,326598347,48510028,326598347,327589131,48510028,327589131,
	摩登中产	265890550,265890550,29228007,29228007,21626665,21626665,34651180,34651180,46842994,46842994,22901782,22901782,24871100,24871100,51865848,51865848,33178973,33178973,52127140,52127140,
	小虾汉斯	350631177,350631177,37658459,37658459,21436078,21436078,349423754,349423754,20291129,20291129,28249356,28249356,265590650,265590650,342118950,342118950,60069033,60069033,290440696,290440696,
高等教育	英国	352473175,48510028,352473175,351920965,48510028,351920965,346862321,48510028,346862321,23448791,48510028,23448791,349870265,48510028,349870265,346198994,48510028,346198994,348916228,48510028,348916228,345282592,48510028,345282592,334189586,48510028,334189586,340516766,48510028,340516766,
出版业	汉城	352001523,352001523,
畜牧养殖业	成都	335209672,335209672,333399406,333399406,24689101,24689101,263953798,263953798,334491114,334491114,334433834,334433834,21087460,21087460,327520860,327520860,331014775,331014775,321950537,321950537,
	疯地追猪-王晨	323038087,323038087,325695676,325695676,323845934,323845934,323819569,323819569,322638928,322638928,323027347,323027347,290315910,290315910,
	老夫子讲堂	293955411,293955411,288739522,288739522,310251612,310251612,338827246,338827246,269130301,269130301,347338206,347338206,347173853,347173853,336259114,336259114,343535516,343535516,292587434,292587434,
电子游戏	卡姐Cara	
	浙江	352512345,352512345,352061495,352061495,352049767,352049767,352173087,352173087,351312408,351312408,350071535,350071535,350410260,350410260,350337097,350337097,343341323,343341323,348915105,348915105,
教育		337849481,48509984,337849481,346851695,48509984,346851695,344516844,48509984,344516844,333998580,48509984,333998580,337738410,48509984,337738410,337054373,48509984,337054373,314196301,48509984,314196301,320825564,48509984,320825564,320463906,48509984,320463906,319541863,48509984,319541863,
高新科技	外太空	
计算机硬件	MethylTechPoint	
	合肥	351900452,351900452,351542747,351542747,344019917,344019917,348887219,348887219,26788653,26788653,66955361,66955361,346199530,346199530,325188022,325188022,340534076,340534076,337905099,337905099,
创意艺术		
高等教育	香港特别行政区	332918914,48510028,332918914,327592281,48510028,327592281,309879082,48510028,309879082,302435026,48510028,302435026,300632662,48510028,300632662,277683973,48510028,277683973,31133229,48510028,31133229,292221932,48510028,292221932,270883846,48510028,270883846,283649157,48510028,283649157,
法律	上海市	351779111,48509984,351779111,351118441,48509984,351118441,350655387,48509984,350655387,29861427,48509984,29861427,348350686,48509984,348350686,349120697,48509984,349120697,346897709,48509984,346897709,61427887,48509984,61427887,347354112,48509984,347354112,345411976,48509984,345411976,
电子游戏	上海	351089498,351089498,351725547,351725547,351976108,351976108,351509783,351509783,351224378,351224378,350959281,350959281,34952657,34952657,350552622,350552622,349328758,349328758,349945259,349945259,
食品饮料业	青岛	347152753,347152753,344070996,344070996,307000326,307000326,313140458,313140458,315157469,315157469,28544155,28544155,305248282,305248282,32061459,306545565,306545565,293205582,293205582,288108390,288108390,
教育	上海	
电子游戏	上海	352544032,48510028,352544032,352473175,48510028,352473175,40215899,48510028,40215899,352299328,48510028,352299328,348003746,48510028,348003746,345099951,48510028,345099951,35659389,48510028,35659389,283762516,48510028,283762516,352077900,48510028,352077900,352103403,48510028,352103403,
互联网	研究员	352276823,352276823,351557671,351557671,29147727,29147727,351741173,351741173,48230831,48230831,350229479,350229479,350239192,350239192,349245479,349245479,349113933,349113933,348264919,348264919,
互联网	cotton	338228190,48510028,338228190,344402793,48510028,344402793,331669766,48510028,331669766,338558149,48510028,338558149,334204276,48510028,334204276,335790843,48510028,335790843,335994427,48510028,335994427,334288289,48510028,334288289,333442921,48510028,333442921,330161413,48510028,330161413,
互联网	北京	348029701,48510028,348029701,318496731,48510028,318496731,304499020,
铁路运输	沈阳	332196494,332196494,22841011,22841011,297696478,297696478,315114263,315114263,321745341,321745341,306229102,306229102,274958619,274958619,318057019,318057019,60710781,60710781,46771393,46771393,
艺术娱乐	南京	
	科技美学	345385657,48510028,345385657,330298350,48510028,330298350,344295125,48510028,344295125,342158751,48510028,342158751,324419036,48510028,324419036,316118431,48510028,316118431,319644966,48510028,319644966,321575519,48510028,321575519,320825895,48510028,320825895,321625669,48510028,321625669,
	京都	348882560,348882560,349450031,349450031,347622760,347622760,287054205,287054205,339770638,339770638,68112129,68112129,341476627,341476627,338686171,338686171,337348990,337348990,275674679,275674679,
互联网		303903083,303903083,339077879,339077879,343595059,343595059,294846049,294846049,340289570,340289570,318509264,318509264,275485683,275485683,339168644,339168644,341151127,341151127,338564109,338564109,
	西从南来	345682644,345682644,342366514,342366514,
互联网	香港	339258954,339258954,335519843,335519843,350645208,350645208,19719224,19719224,347836261,347836261,351977486,351977486,351663002,351663002,35559994,35559994,350131248,350131248,346690458,346690458,
渔业	副学长	347787702,347787702,
餐饮	宁输输	339382914,339382914,295324182,295324182,347473813,347473813,24560066,24560066,342744599,342744599,64501030,64501030,344347843,344347843,29147727,29147727,332761242,332761242,339048496,339048496,
	Meowth	
	CQ吾悦广场	
	纽约	310625463,48509984,310625463,296554252,48509984,296554252,281401553,48509984,281401553,291163603,48509984,291163603,282953408,48509984,282953408,47885144,48509984,47885144,66116716,48509984,66116716,263492484,48509984,263492484,68348175,48509984,68348175,65450982,48509984,65450982,
养老服务		339614044,339614044,350801948,350801948,41839000,41839000,349719553,349719553,350889918,350889918,350283581,350283581,345234296,345234296,330625534,330625534,349028429,349028429,344494882,344494882,
	知乎用户	
电子游戏	暨南大学	
	珠海	347681272,347681272,350913617,350913617,351617208,351617208,351106143,351106143,349482593,349482593,348875551,348875551,347643832,347643832,347700089,347700089,344776308,344776308,347897060,347897060,
电子游戏	上海	293922343,293922343,275246272,275246272,269535438,269535438,268187940,268187940,52527749,52527749,265578103,265578103,265006473,265006473,264396377,264396377,264234049,264234049,263302280,263302280,

艺术娱乐	台北, 台湾	39733069,39733069,25952449,25952449,
广告	北京	352067954,48509984,352067954,351509783,48509984,351509783,344019917,48509984,344019917,351314759,48509984,351314759,351265626,48509984,351265626,350959281,48509984,350959281,349521049,48509984,349521049,347499297,48509984,347499297,349722950,48509984,349722950,338425968,48509984,338425968,
	游戏	329934554,48510028,329934554,58491818,48510028,58491818,318322067,48510028,318322067,274654146,48510028,274654146,
	北京市	351782671,351782671,350381465,350381465,344208928,344208928,345993913,345993913,348181968,348181968,347836261,347836261,344706215,344706215,264652005,264652005,279507737,279507737,345827143,345827143,
	轻声低语	340859576,340859576,337646960,337646960,336754337,336754337,312580225,312580225,308246096,308246096,306928104,306928104,307449489,307449489,306082776,306082776,301724098,301724098,283854005,283854005,
	ACG次元饭	325528805,48510028,325528805,303669747,48510028,303669747,303461596,48510028,303461596,300791610,48510028,300791610,303469503,48510028,303469503,303538712,48510028,303538712,302832845,48510028,302832845,303554845,48510028,303554845,303642567,48510028,303642567,303562452,48510028,303562452,
基础教育	惠州	
	法医	
艺术娱乐	上海	351574168,351574168,265204791,265204791,347163228,347163228,347497848,347497848,36100933,36100933,342308172,342308172,341237991,341237991,325967167,325967167,20242106,20242106,334973415,334973415,
互联网	广东省	351993736,351993736,351431356,351431356,341554416,341554416,306960282,306960282,64501030,64501030,342318692,342318692,37674023,37674023,323480330,323480330,327982217,327982217,30173526,30173526,
国防军事	北京	349937232,349937232,265648362,265648362,263839752,263839752,26804714,26804714,347285073,347285073,348923546,348923546,348299334,348299334,21030735,21030735,28782104,28782104,19676836,19676836,
		
	MateoYuan	349533702,349533702,349130560,349130560,347955345,347955345,283763288,283763288,341437236,341437236,
	
	洛克Locke	317822592,317822592,300158659,300158659,
	
科研	北京	347604012,347604012,58808739,58808739,349568449,349568449,297122707,297122707,350091132,350091132,349192039,349192039,349348788,349348788,320043661,320043661,45694301,45694301,35745990,35745990,
互联网		48618004,48510028,48618004,348127678,48510028,348127678,348014746,48510028,348014746,345309425,48510028,345309425,347537429,48510028,347537429,26789831,48510028,26789831,52782546,48510028,52782546,345214048,48510028,345214048,306434404,48510028,306434404,335581722,48510028,335581722,
互联网	北京	
创意艺术	北京	308662578,48510028,308662578,324480540,48510028,324480540,336216267,48510028,336216267,332000015,48510028,332000015,67113888,48510028,67113888,329082813,48510028,329082813,327366269,48510028,327366269,327406402,48510028,327406402,326551601,48510028,326551601,278581679,48510028,278581679,
政府	痕迹检验师	60346605,60346605,44625793,44625793,60309844,60309844,37418809,37418809,59634812,59634812,30147821,30147821,54103578,54103578,59443868,59443868,27671276,27671276,60208055,60208055,
	武汉科技大学	338687471,338687471,325414238,325414238,283379676,283379676,281295573,281295573,279848619,279848619,68742254,68742254,278212488,278212488,272257006,272257006,271443019,271443019,270823891,270823891,
	尚德机构芝士学院	350402366,48510028,350402366,349728552,48510028,349728552,346066291,48510028,346066291,349829743,48510028,349829743,347599942,48510028,347599942,318948996,48510028,318948996,36720058,48510028,36720058,328010929,48510028,328010929,22902156,48510028,22902156,318541408,48510028,318541408,
资本投资	伦敦	63846701,48509984,63846701,31222342,48509984,31222342,56313752,48509984,56313752,61699343,48509984,61699343,19839233,48509984,19839233,39574777,48509984,39574777,52619737,48509984,52619737,51631108,48509984,51631108,50115346,48509984,50115346,48692513,48509984,48692513,
	牛客竞赛	
	知乎电影	344019917,48510028,344019917,333519959,48510028,333519959,341994002,48510028,341994002,342936488,48510028,342936488,
互联网	北京	21129344,21129344,350044962,350044962,346450050,346450050,347902405,347902405,267850742,267850742,33857395,33857395,346243406,346243406,346332293,346332293,338818657,338818657,340386428,340386428,
	EVA量产型	
电子游戏	上海	341413814,48510028,341413814,302883309,48510028,302883309,304624564,48510028,304624564,20549462,48510028,20549462,323037449,48510028,323037449,57561384,48510028,57561384,317072871,48510028,317072871,316415842,48510028,316415842,305965824,48510028,305965824,61054911,48510028,61054911,
创意艺术	朝阳区	
	苏州	269082692,269082692,271911643,271911643,269468143,269468143,269184642,269184642,267228551,267228551,60292596,60292596,30609483,30609483,54820945,54820945,53290133,53290133,52277237,52277237,
艺术娱乐	纽约	314680553,48510028,314680553,352470607,48510028,352470607,312944993,48510028,312944993,347499297,48510028,347499297,343280582,48510028,343280582,346057332,48510028,346057332,345335878,48510028,345335878,284194166,48510028,284194166,289324871,48510028,289324871,317477972,48510028,317477972,
	广州市	349872638,349872638,340745974,340745974,338904971,338904971,24972957,24972957,286733591,286733591,330140084,330140084,21324597,21324597,327053942,327053942,325011307,325011307,326780069,326780069,
非营利组织	巴黎高等师范学院	351753048,351753048,321302630,321302630,50216588,50216588,278581281,278581281,348318284,348318284,26131797,26131797,350944858,350944858,40140573,40140573,339288662,339288662,26433444,26433444,
	榎本秋音	
医疗服务		350126182,350126182,351902990,351902990,31557238,31557238,347372020,347372020,344477978,344477978,344338112,344338112,344156081,344156081,338134502,338134502,325605528,325605528,324786943,324786943,
广播电视	杭州	344266849,344266849,318792037,318792037,28318179,28318179,34803454,34803454,60669355,60669355,57369814,57369814,54397724,54397724,53394921,53394921,49705517,49705517,26660813,26660813,
	梦娃	293865460,293865460,291334014,291334014,291787418,291787418,275476790,275476790,274033994,274033994,22772515,22772515,268555223,268555223,46181271,46181271,39699936,39699936,268460335,268460335,
	日本东京	342482043,342482043,318185492,318185492,312023599,312023599,321654136,321654136,294428777,294428777,299946671,299946671,299946315,299946315,278554643,278554643,273837651,273837651,271160338,271160338,
	蛉砸	330901820,330901820,339153983,339153983,336565317,336565317,336591127,336591127,334406440,334406440,332788632,332788632,332431962,332431962,317086742,317086742,321954192,321954192,308278474,308278474,
创意艺术	北京	344898179,48509984,344898179,344970504,48509984,344970504,342936488,48509984,342936488,336025623,48509984,336025623,339845901,48509984,339845901,335838124,48509984,335838124,33553940,48509984,33553940,54519924,48509984,54519924,264788988,48509984,264788988,68399537,48509984,68399537,
非营利组织	成都	339833654,339833654,331208702,331208702,321291099,321291099,281968001,281968001,303893763,303893763,301519783,301519783,297225697,297225697,297510892,297510892,278526058,278526058,268446042,268446042,
	DataCastle	47760443,48510028,47760443,19969760,48510028,19969760,20179699,48510028,20179699,20757000,48510028,20757000,20751219,48510028,20751219,31091250,48510028,31091250,52098965,48510028,52098965,263352440,48510028,263352440,27813239,48510028,27813239,35995561,48510028,35995561,
国防军事	银河系猎户悬臂No.C-53行星	
法律	厦门	350978456,48510028,350978456,350655387,48510028,350655387,315465629,48510028,315465629,349976414,48510028,349976414,26789831,48510028,26789831,333220171,48510028,333220171,348032762,48510028,348032762,347340847,48510028,347340847,27603479,48510028,27603479,276000271,48510028,276000271,
汽车	上海	352461022,48510028,352461022,352228356,48510028,352228356,323505422,48510028,323505422,351300910,48510028,351300910,37647238,48510028,37647238,350788339,48510028,350788339,349636210,48510028,349636210,350788619,48510028,350788619,350788807,48510028,350788807,343600404,48510028,343600404,
	李锵锵	67511472,67511472,31832431,31832431,295350885,295350885,322765289,322765289,294379218,294379218,
	光明日报	352171277,48510028,352171277,285523832,48510028,285523832,45025902,48510028,45025902,351721168,48510028,351721168,351720960,48510028,351720960,352204879,48510028,352204879,352203087,48510028,352203087,347857024,48510028,347857024,334520691,48510028,334520691,52419501,48510028,52419501,
艺术娱乐	郑州	344754554,48509984,344754554,337571446,48509984,337571446,337583006,48509984,337583006,20381905,48509984,20381905,312410230,48509984,312410230,323952641,48509984,323952641,312441969,48509984,312441969,311221580,48509984,311221580,300221508,48509984,300221508,276297249,48509984,276297249,
图书馆	trrb	347747351,347747351,23115824,23115824,
互联网	北京市	352048828,48509984,352048828,352171277,48509984,352171277,352108632,48509984,352108632,352222192,48509984,352222192,21818075,48509984,21818075,351706516,48509984,351706516,351920965,48509984,351920965,351413532,48509984,351413532,27058325,48509984,27058325,351316749,48509984,351316749,
博物馆	上海	338584049,338584049,316450331,316450331,314824183,314824183,313953070,313953070,309008873,309008873,35717651,35717651,265867926,265867926,263671407,263671407,263905523,263905523,263385201,263385201,
高等教育	哈尔滨市南岗区	351595687,351595687,51519217,51519217,351106143,351106143,350443247,350443247,347744137,347744137,347873488,347873488,337662152,337662152,347404761,347404761,266355228,266355228,283644488,283644488,
	藤丸立香	343898500,343898500,349414458,349414458,47863187,47863187,339588001,339588001,338553326,338553326,339331707,339331707,329437974,329437974,325377960,325377960,21066337,21066337,322692679,322692679,
	大黑摩季	40080211,48510028,40080211,309251158,48510028,309251158,22512533,48510028,22512533,
高新科技	

	南京	349016011,48509984,349016011,338180283,48509984,338180283,336395718,48509984,336395718,335584466,48509984,335584466,335530471,48509984,335530471,330588407,48509984,330588407,329299554,48509984,329299554,327419851,48509984,327419851,325198554,48509984,325198554,323024187,48509984,323024187,
咨询分析	曼彻斯特大学（The University of Manchester）	352551994,352551994,294509154,294509154,284133277,284133277,340658958,340658958,352173424,352173424,348882312,348882312,350407919,350407919,314691125,314691125,20023135,20023135,350166034,350166034,
电子游戏	知乎用户	
电子游戏	东京	297104823,297104823,267988071,267988071,
互联网		
	北京	264888074,264888074,47451561,47451561,39508731,39508731,51974238,51974238,41182911,41182911,24906516,24906516,27726057,27726057,23171083,23171083,59843383,59843383,57783756,57783756,
出版业	安徽大学	307386597,307386597,39154164,39154164,51829486,51829486,62237949,62237949,28580218,28580218,67626050,67626050,68051149,68051149,24897883,24897883,26040443,26040443,47525146,47525146,
	大阪	304754067,304754067,264675310,264675310,349482593,349482593,339495165,339495165,346165736,346165736,28247984,28247984,345415605,345415605,327308940,327308940,320757815,320757815,264415281,264415281,
科研		336330508,48510028,336330508,338686171,48510028,338686171,21314569,48510028,21314569,50405427,48510028,50405427,296480336,48510028,296480336,308701403,48510028,308701403,307202265,48510028,307202265,62416327,48510028,62416327,273161292,48510028,273161292,22429966,48510028,22429966,
临床医疗	医学影像	
	人工智能	322335739,48510028,322335739,26754848,48510028,26754848,66949369,48510028,66949369,25866010,48510028,25866010,20337132,48510028,20337132,322530705,48510028,322530705,322651220,48510028,322651220,28196675,48510028,28196675,333671830,48510028,333671830,27529154,48510028,27529154,
互联网	北京市	349213642,349213642,348639185,348639185,348370059,348370059,347360293,347360293,346965791,346965791,341383096,341383096,346845348,346845348,345503334,345503334,345385657,345385657,338809806,338809806,
	知乎用户	
	北京	
	知乎用户	
	摄影	351833478,48509984,351833478,342859253,48509984,342859253,348492874,48509984,348492874,340664842,48509984,340664842,334675969,48509984,334675969,334767360,48509984,334767360,329126074,48509984,329126074,333869206,48509984,333869206,329093142,48509984,329093142,328178699,48509984,328178699,
	
创意艺术	雨沐森林	264555023,264555023,263759516,263759516,263670044,263670044,263722250,263722250,263287675,263287675,61262266,61262266,58436102,58436102,62729124,62729124,66779574,66779574,68261183,68261183,
	波奇网	30188217,48510028,30188217,270025616,48510028,270025616,38011347,48510028,38011347,306162560,48510028,306162560,302427662,48510028,302427662,278631207,48510028,278631207,34469124,48510028,34469124,53488891,48510028,53488891,31166198,48510028,31166198,59724429,48510028,59724429,
	北京	340494485,340494485,329780283,329780283,331876400,331876400,263904110,263904110,51111418,51111418,310298318,310298318,295289276,295289276,305802988,305802988,302578204,302578204,302353972,302353972,
创意艺术	杭州	351312949,48510028,351312949,350298815,48510028,350298815,349675424,48510028,349675424,347489182,48510028,347489182,343348904,48510028,343348904,343033809,48510028,343033809,340697469,48510028,340697469,337696478,48510028,337696478,336777001,48510028,336777001,57183057,48510028,57183057,
互联网	江城	351012533,351012533,345752008,345752008,334282916,334282916,346733471,346733471,344853379,344853379,39766410,39766410,318438489,318438489,339305671,339305671,333098702,333098702,337028861,337028861,
法律	北京	271618627,48510028,271618627,267713450,48510028,267713450,60113195,48510028,60113195,57961848,48510028,57961848,66770322,48510028,66770322,59614208,48510028,59614208,50832573,55642773,48510028,55642773,48840916,48510028,48840916,52959387,48510028,52959387,21140914,48510028,21140914,26840075,
互联网	成都市	49502870,49502870,347934136,347934136,19980504,19980504,23879135,23879135,270836742,270836742,48602167,48602167,
计算机硬件	市场营销	350516188,48510028,350516188,350200233,48510028,350200233,338228190,48510028,338228190,
	知乎用户	
	湖南省	21567651,21567651,350390486,350390486,351131615,351131615,349776075,349776075,304241405,304241405,341988668,341988668,348558389,348558389,63651462,63651462,346435901,346435901,344283505,344283505,
咨询分析	纽约	299700466,48510028,299700466,349685679,48510028,349685679,349942003,48510028,349942003,292091101,48510028,292091101,318913382,48510028,318913382,63936962,48510028,63936962,347835822,48510028,347835822,348131574,48510028,348131574,344080799,48510028,344080799,348028641,48510028,348028641,
电子游戏	清华大学	352381353,352381353,341695030,341695030,351550524,351550524,337503211,337503211,350754533,350754533,350752644,350752644,349719264,349719264,349793358,349793358,348043945,348043945,348529113,348529113,
	
博物馆	北京	267927634,267927634,264826607,264826607,
互联网	深圳市	38371390,38371390,36479507,36479507,316931423,316931423,46832908,46832908,32297129,32297129,308247417,308247417,24431265,24431265,300879731,300879731,265118651,265118651,31995063,31995063,
互联网	湖南省	351123876,351123876,347587075,347587075,351331027,351331027,352069360,352069360,346972868,346972868,350024513,350024513,346882135,346882135,351036384,351036384,351178058,351178058,348101584,348101584,

高新科技	赤坂 羽	27013851,27013851,335828820,335828820,328175824,328175824,325812007,325812007,321368651,321368651,316179969,316179969,314140788,314140788,306255532,306255532,304053326,304053326,31068506,31068506,
教育	大学	349983608,349983608,347466300,347466300,338796516,338796516,333912320,333912320,331719709,331719709,330944168,330944168,265882500,265882500,318954739,318954739,326140445,326140445,267994120,267994120,
	博士在读	351752346,48509984,351752346,266586355,48509984,266586355,350779983,48509984,350779983,350595678,48509984,350595678,336175189,48509984,336175189,295108216,48509984,295108216,348890232,48509984,348890232,347495742,48509984,347495742,264476156,48509984,264476156,345124567,48509984,345124567,
渔业	郑州市	345228155,345228155,348957764,348957764,30909236,30909236,341689791,341689791,342318692,342318692,31781807,31781807,340296172,340296172,343396211,343396211,332761242,332761242,341365918,341365918,
政府	大俄亥俄首府	351875084,351875084,351165549,351165549,315745653,315745653,349629354,349629354,349373671,349373671,49219202,49219202,54957651,54957651,349545655,349545655,348608210,348608210,346253906,346253906,
	知乎用户	
资本投资	知乎用户	
信息传媒	上海	63857374,63857374,268573483,268573483,266592243,266592243,266010668,266010668,265994932,265994932,265155958,265155958,265286469,265286469,264788128,264788128,264670823,264670823,263909807,263909807,
咨询分析	北京	352080473,352080473,351109942,351109942,348970353,348970353,350614145,350614145,350786596,350786596,350529757,350529757,349998035,349998035,343191468,343191468,348370059,348370059,344339517,344339517,
公共管理	辽宁省	
生物工程	俄亥俄州	
创意艺术	梁三友	341965250,341965250,328809020,328809020,317648885,317648885,34902513,34902513,287093852,287093852,296069689,296069689,281210904,281210904,34473598,34473598,280416694,280416694,290029097,290029097,
	LX潇	341012706,341012706,46260517,46260517,23805388,23805388,
	海贼-王路飞	20769994,20769994,55970160,55970160,22997878,22997878,26054627,26054627,51524799,51524799,55136287,55136287,27428746,27428746,54446361,54446361,21051397,21051397,27177933,27177933,
教育	西雅图（Seattle）	346908676,48510028,346908676,338528528,48510028,338528528,323480330,48510028,323480330,319952294,48510028,319952294,321083459,48510028,321083459,320650054,48510028,320650054,306118688,48510028,306118688,265242751,48510028,265242751,286792173,48510028,286792173,38334372,48510028,38334372,
政府	武汉	40315645,40315645,349598228,349598228,310626210,310626210,32237866,32237866,341470490,341470490,271212996,271212996,340534076,340534076,315370573,315370573,346522169,346522169,318163620,318163620,
汽车	Sydney	352259123,352259123,352422530,352422530,328524311,328524311,352108632,352108632,352069360,352069360,63170690,63170690,351976514,351976514,21580418,21580418,349506503,349506503,
互联网	北京	350842302,350842302,67037491,67037491,320802995,320802995,302036659,302036659,267399450,267399450,50056259,50056259,24721981,24721981,20142962,20142962,58716442,58716442,28621767,28621767,
高等教育	北京	324943215,324943215,52403110,52403110,323260337,323260337,306308222,306308222,318089475,318089475,312006261,312006261,288624650,288624650,49215235,49215235,285615003,285615003,282829325,282829325,
	东京	270950909,270950909,31263763,31263763,277903358,277903358,276638436,276638436,267348957,267348957,29553890,29553890,37240083,37240083,20734909,20734909,68304245,68304245,56748730,56748730,
	香港浸会大学	
电子商务	新西兰	
	
图书馆		349942003,349942003,350362542,350362542,319947665,319947665,332855356,332855356,341724274,341724274,335511471,335511471,348859111,348859111,321869932,321869932,295108216,295108216,332033996,332033996,
	London	346698896,346698896,280731528,280731528,342575154,342575154,340761828,340761828,341046228,341046228,330864383,330864383,315022429,315022429,304366381,304366381,325532174,325532174,325077332,325077332,
	上海	341656876,48509984,341656876,339705728,48509984,339705728,293488192,48509984,293488192,312960163,48509984,312960163,314633067,48509984,314633067,311623457,48509984,311623457,308167678,48509984,308167678,24070983,48509984,24070983,284286080,48509984,284286080,301594482,48509984,301594482,
	川陀一号	25851256,25851256,344927480,344927480,302588540,302588540,343328693,343328693,332408225,332408225,340568904,340568904,339002722,339002722,338994607,338994607,337639240,337639240,337376118,337376118,
	
创意艺术	
创意艺术	深圳市	336203471,336203471,344019917,344019917,291962739,291962739,29174460,29174460,347620659,347620659,347520333,347520333,20743279,20743279,345593418,345593418,341140280,341140280,37879507,37879507,
互联网	北京	
	林带鱼w	351958284,351958284,349316625,349316625,351351169,351351169,350675490,350675490,347548153,347548153,346993906,346993906,345938341,345938341,346417774,346417774,343761058,343761058,339548424,339548424,
博物馆	北京市	343366307,48510028,343366307,342658585,48510028,342658585,338705766,48510028,338705766,312706857,48510028,312706857,312980482,48510028,312980482,276438817,48510028,276438817,269339532,48510028,269339532,60487154,48510028,60487154,60880564,48510028,60880564,65074012,48510028,65074012,
临床医疗	上海	350336215,48510028,350336215,348029595,48510028,348029595,349548263,48510028,349548263,341063544,48510028,341063544,347495742,48510028,347495742,347354112,48510028,347354112,347268325,48510028,347268325,346949677,48510028,346949677,346080508,48510028,346080508,346758272,48510028,346758272,
互联网	北京	346352945,346352945,346351100,346351100,345360782,345360782,340955254,340955254,338148281,338148281,334933052,334933052,336374059,336374059,337092839,337092839,336392968,336392968,333098827,333098827,
	首都警备司令部司令	331129666,331129666,40044268,40044268,323835771,323835771,22501560,22501560,264213401,264213401,352001523,352001523,346089628,346089628,55924037,55924037,54220610,54220610,351480037,351480037,
法律		
娱乐休闲	成都	
出版业	武汉	313191641,313191641,299320524,299320524,290974771,290974771,267586777,267586777,265908187,265908187,265830143,265830143,67860457,67860457,265494284,265494284,263683694,263683694,47662594,47662594,
互联网	上海	63247641,63247641,23355712,23355712,20360782,20360782,20964684,20964684,28056987,28056987,22970188,22970188,20430806,20430806,21230100,21230100,34263653,34263653,22143757,22143757,
职业教育	非洲	
房地产	哈尔滨工业大学	350868702,350868702,341336919,341336919,68587934,68587934,298900550,298900550,329076452,329076452,305309184,305309184,328870134,328870134,326252697,326252697,329136331,329136331,328077021,328077021,
资本投资	Weapon X	342339182,342339182,338882972,338882972,340134576,340134576,337457228,337457228,337783309,337783309,337272526,337272526,336857457,336857457,336662373,336662373,335457584,335457584,332905887,332905887,
	宫园薰的男朋友	310761051,310761051,269543348,269543348,285984587,285984587,285080667,285080667,284316606,284316606,279873885,279873885,263402149,263402149,279285156,279285156,278681653,278681653,277564528,277564528,
计算机硬件	纽约	350979308,48510028,350979308,351109942,48510028,351109942,30345902,48510028,30345902,350960401,48510028,350960401,348970353,48510028,348970353,350900674,48510028,350900674,347360293,48510028,347360293,325700847,48510028,325700847,349598228,48510028,349598228,342182450,48510028,342182450,
	旅行	20973075,48510028,20973075,32363689,48510028,32363689,21434510,48510028,21434510,24979259,48510028,24979259,59719745,48510028,59719745,57359295,48510028,57359295,265765381,48510028,265765381,322610386,48510028,322610386,324293337,48510028,324293337,28583306,48510028,28583306,
创意艺术		286782174,286782174,301611938,301611938,299053467,299053467,296862874,296862874,293513066,293513066,292243843,292243843,291311801,291311801,20015850,20015850,288730497,288730497,284909667,284909667,
教育	剑明	340083676,340083676,21961293,21961293,53372229,53372229,24153573,24153573,334983539,334983539,68587934,68587934,314283643,314283643,298766327,298766327,20089978,20089978,28893681,28893681,
房地产	Yx real estate	352197291,352197291,352116822,352116822,305374996,305374996,351647645,351647645,351300088,351300088,351249623,351249623,351106529,351106529,345234296,345234296,349707598,349707598,349387772,349387772,
娱乐休闲	上海市	342616024,342616024,345132630,345132630,351008278,351008278,351200680,351200680,347276611,347276611,350869637,350869637,351074765,351074765,350411823,350411823,350028180,350028180,343820560,343820560,
计算机硬件	上海市	264366404,264366404,264836232,266917279,266917279,350920719,350920719,63234557,63234557,350952691,350952691,27816801,27816801,29056468,29056468,34425386,34425386,311969233,311969233,348845664,348845664,
互联网	北京	350206088,48510028,350206088,345701163,48510028,345701163,345283912,48510028,345283912,344763924,48510028,344763924,340134550,48510028,340134550,332699841,48510028,332699841,19568396,302311885,48510028,302311885,315361987,48510028,315361987,297841881,48510028,297841881,25332314,48510028,25332314,
咨询分析	北京	350193943,350193943,348469820,348469820,345200668,345200668,340550622,340550622,334559987,334559987,337321740,337321740,63130324,63130324,335602707,335602707,335135737,335135737,333897669,333897669,
种植业	广西壮族自治区	352385663,352385663,351825376,351825376,352206132,352206132,351111646,351111646,26595392,26595392,352108632,352108632,343495122,343495122,351725720,351725720,345271504,345271504,344174870,344174870,
食品饮料业	上海	307512002,48509984,307512002,293453115,48509984,293453115,23978853,48509984,23978853,42004753,48509984,42004753,68546899,48509984,68546899,64218326,48509984,64218326,38624160,48509984,38624160,36560129,48509984,36560129,33977129,48509984,33977129,51869681,48509984,51869681,
临床医疗	上海市	351897906,48510028,351897906,351583622,48510028,351583622,352231492,48510028,352231492,352270843,48510028,352270843,351479801,48510028,351479801,351341267,48510028,351341267,350724508,48510028,350724508,351330539,48510028,351330539,349412723,48510028,349412723,351398961,48510028,351398961,
	沈阳市	350219687,350219687,346895652,346895652,284698790,284698790,265270167,265270167,280202966,280202966,277453689,277453689,28389762,28389762,319709102,319709102,336854540,336854540,53024482,53024482,
博物馆	北京	40028642,40028642,47045516,47045516,263678290,263678290,68014919,68014919,29183631,29183631,273866042,273866042,22866524,22866524,321211386,321211386,46680759,46680759,25368703,25368703,
广告	北京	345715558,48509984,345715558,351156756,48509984,351156756,350079196,48509984,350079196,349675596,48509984,349675596,346699949,48509984,346699949,29887765,48509984,29887765,339369090,48509984,339369090,346314264,48509984,346314264,313514508,48509984,313514508,345725012,48509984,345725012,
创意艺术	西安	310308485,310308485,46371206,46371206,23144842,23144842,302016737,302016737,62596546,62596546,269622887,269622887,264376795,264376795,64748672,64748672,63706623,63706623,60347845,60347845,
娱乐休闲	北京	
	北京大学	271482269,271482269,66336326,66336326,38485732,38485732,59452788,59452788,
高等教育	北京市朝阳区东四环	334627619,48509984,334627619,327311693,48509984,327311693,19819957,48509984,19819957,324137789,48509984,324137789,320663787,48509984,320663787,317383267,48509984,317383267,36756803,48509984,36756803,314262952,48509984,314262952,284128568,48509984,284128568,303489055,48509984,303489055,
互联网	北京	285252029,285252029,20583784,20583784,275614039,275614039,
创意艺术	重庆	19895789,19895789,283849886,283849886,56466978,56466978,265639386,265639386,21851028,21851028,
高等教育	上海	313599898,313599898,301782827,301782827,27008612,27008612,300632497,300632497,297821245,297821245,296626681,296626681,279695687,279695687,273615194,273615194,271966117,271966117,48443090,48443090,
	伦敦政治经济学院	350845969,350845969,278553782,278553782,337450738,337450738,337664545,337664545,336874502,336874502,332800496,332800496,327656557,327656557,327600987,327600987,324680764,324680764,324420081,324420081,
	
政府	养蛊少年李三蹦	344538261,344538261,344383845,344383845,344594889,344594889,343154299,343154299,343040245,343040245,342324813,342324813,340505974,340505974,340546547,340546547,340743287,340743287,339615714,339615714,
法律	北京	347471325,347471325,310186247,310186247,267601947,267601947,24860118,24860118,306816442,306816442,66198486,66198486,288477378,288477378,286971182,286971182,20416183,20416183,269680966,269680966,
临床医疗		352059823,352059823,326487228,326487228,350861525,350861525,288619317,288619317,347372020,347372020,348376834,348376834,345904870,345904870,341212245,341212245,339710620,339710620,338889932,338889932,
	北京	347087183,347087183,349188644,349188644,310667736,310667736,336685554,336685554,59044212,59044212,350786093,350786093,349676921,349676921,49289136,49289136,53477697,53477697,349066069,349066069,
职业教育	导师	352387157,352387157,67315883,67315883,351586019,351586019,349225927,349225927,351441347,351441347,351542443,351542443,350491692,350491692,277313207,277313207,350692548,350692548,349364693,349364693,
广播电视	杭州	266736380,266736380,280228371,280228371,21164289,21164289,344709246,344709246,342622820,342622820,38681841,38681841,339697128,339697128,338378919,338378919,333080285,333080285,331962845,331962845,
	剑锋	350632651,350632651,346594066,346594066,35679217,35679217,350937852,350937852,318529227,318529227,350913022,350913022,347495742,347495742,350617945,350617945,347689128,347689128,347448236,347448236,
	公子V	351133657,351133657,350857182,350857182,347495742,347495742,342318692,342318692,322666481,322666481,285582826,285582826,341049216,341049216,340023541,340023541,308413756,308413756,332507628,332507628,
	
科研	浙江杭州	
咨询分析	德国	
	相控阵	319687665,319687665,40491859,40491859,308548328,308548328,40451490,40451490,290177670,290177670,26771837,26771837,66515446,66515446,50155893,50155893,52664665,52664665,64835685,64835685,
法律	重庆	344865142,344865142,338250156,338250156,338057664,338057664,334731954,334731954,281010820,281010820,323801769,323801769,319839951,319839951,317670778,317670778,316886383,316886383,28248783,28248783,
	刘昊然	311751275,48510028,311751275,37443939,48510028,37443939,279051216,48510028,279051216,
互联网	北京	351607398,351607398,352171277,352171277,345606113,345606113,343995869,343995869,344954093,344954093,349944053,349944053,350827215,350827215,23713916,23713916,351188478,351188478,345593418,345593418,
	成都	337683426,337683426,350043460,350043460,280302459,280302459,349215148,349215148,341415289,341415289,347306159,347306159,345892403,345892403,347233590,347233590,309721545,309721545,338772506,338772506,
电影录音	北京	
临床医疗	马鞍山	318874793,318874793,298233369,298233369,312803715,312803715,300831391,300831391,303063386,303063386,302831220,302831220,299462882,299462882,298313092,298313092,298370861,298370861,288584156,288584156,
计算机硬件	河北省石家庄市	348186452,348186452,348101584,348101584,305340610,305340610,349397049,349397049,350935169,350935169,349380207,349380207,349621673,349621673,350043460,350043460,349998035,349998035,347241865,347241865,
	
计算机硬件	上海	334022211,48510028,334022211,68610788,48510028,68610788,65742104,48510028,65742104,65349875,48510028,65349875,65385616,48510028,65385616,34104219,48510028,34104219,37789478,48510028,37789478,62446541,48510028,62446541,61755343,48510028,61755343,60747316,48510028,60747316,
		351137894,351137894,350822473,350822473,350605172,350605172,348028641,348028641,347587075,347587075,347582341,347582341,346965791,346965791,347377635,347377635,346300721,346300721,346937618,346937618,
	Anitama	53945579,53945579,26500277,26500277,
科研	洛杉矶 (Los Angeles)	
电子游戏	北京	351551784,48509984,351551784,352131075,48509984,352131075,351509783,48509984,351509783,277132148,48509984,277132148,348957764,48509984,348957764,348905162,48509984,348905162,346655809,48509984,346655809,345105962,48509984,345105962,341413814,48509984,341413814,338358379,48509984,338358379,
	大号被永封了	350007649,350007649,349998035,349998035,343291304,343291304,323776802,323776802,345320214,345320214,344217259,344217259,344776308,344776308,343304166,343304166,343110677,343110677,338634029,338634029,
互联网	山东	352073048,352073048,352001700,352001700,350868589,350868589,351900452,351900452,350769603,350769603,270299828,270299828,349136185,349136185,268386001,268386001,40522737,40522737,350662445,350662445,
	陈斌	319340686,319340686,317822592,317822592,294519706,294519706,280550334,280550334,276626499,276626499,31318753,31318753,25710791,25710791,54693811,54693811,30173127,30173127,
旅游	世界	349598228,48509984,349598228,19851528,48509984,19851528,344250849,48509984,344250849,318446058,48509984,318446058,324250123,48509984,324250123,322314853,48509984,322314853,321467115,48509984,321467115,50608844,48509984,50608844,321168776,48509984,321168776,321197042,48509984,321197042,
	北京市	
互联网	徐倩倩	351720960,351720960,337883046,337883046,343102702,343102702,352176246,352176246,352178746,352178746,351353419,351353419,351219957,351219957,283444819,283444819,351431356,351431356,351312949,351312949,
	
互联网	上海	352397653,352397653,20713456,20713456,23029207,23029207,347382789,347382789,347111140,347111140,326441246,326441246,333242295,333242295,337971915,337971915,335742007,335742007,30241405,30241405,
	武汉大学	306052079,306052079,322161148,322161148,337063589,337063589,326204501,326204501,325419244,325419244,267850742,267850742,319442354,319442354,318447446,318447446,319102406,319102406,313259849,313259849,
	北京市	352060007,352060007,351145503,351145503,351028181,351028181,350675490,350675490,350696688,350696688,
资本投资	北京	351323590,351323590,59320608,59320608,40345320,40345320,60038542,60038542,43182276,43182276,25345935,25345935,322838141,322838141,350456955,350456955,348007522,348007522,35060016,35060016,
零售	西安	38176184,38176184,20327127,20327127,21137320,21137320,38346064,38346064,
互联网	北京	
高新科技	武汉	320408268,320408268,317639553,317639553,316348360,316348360,314255991,314255991,313556926,313556926,313380037,313380037,313417601,313417601,313411344,313411344,313426960,313426960,313336515,313336515,
互联网	上海	44229270,44229270,265518539,265518539,264365222,264365222,47475704,47475704,19563674,19563674,57974110,57974110,20853755,20853755,48381609,48381609,41518493,41518493,41880838,41880838,
政府		350706789,350706789,351955380,351955380,350407919,350407919,350401307,350401307,348050221,348050221,351552643,351552643,351157012,351157012,350832950,350832950,347869019,347869019,350847226,350847226,
金融	北京	349938042,349938042,335828820,335828820,304412824,304412824,22276116,22276116,266147523,266147523,21198701,21198701,268574705,268574705,61972854,61972854,265940951,265940951,65646454,65646454,
电子游戏	田中澪	352382723,352382723,352210400,352210400,352204637,352204637,350923522,350923522,40754673,40754673,350944134,350944134,351265626,351265626,343600519,343600519,351079149,351079149,350321410,350321410,
教育	南山，曾住东京	348678522,48510028,348678522,344859993,48510028,344859993,344499948,48510028,344499948,27252044,48510028,27252044,38632401,48510028,38632401,28358499,48510028,28358499,30178891,48510028,30178891,309005056,48510028,309005056,268087652,48510028,268087652,25670119,48510028,25670119,
基础教育	北京	20143444,20143444,43583006,43583006,34012038,34012038,23373977,23373977,59668922,59668922,46294998,46294998,58566757,58566757,58013022,58013022,58014082,58014082,58013986,58013986,
	北京	
保险	香港特别行政区	344861697,344861697,325511327,325511327,325835397,325835397,319738957,319738957,319477308,319477308,319540150,319540150,319065516,319065516,319048495,319048495,317696109,317696109,19904068,19904068,
广播电视	会长	352211856,352211856,352481584,352481584,352285995,352285995,351958376,351958376,352060806,352060806,352026526,352026526,351185742,351185742,282077362,282077362,349262750,349262750,349172813,349172813,
	CN	45730566,45730566,279569152,279569152,278573113,278573113,277929595,277929595,275947428,275947428,51983022,51983022,275258434,275258434,274323243,274323243,275173515,275173515,67717073,67717073,
旅游	漠河	352363954,48510028,352363954,39269419,48510028,39269419,352147829,48510028,352147829,351760349,48510028,351760349,351681236,48510028,351681236,351200888,48510028,351200888,350945699,48510028,350945699,350665063,48510028,350665063,350666096,48510028,350666096,350787673,48510028,350787673,
咨询分析	深圳市	
	北京环球艺动影业	306225350,48510028,306225350,281181721,48510028,281181721,41965797,48510028,41965797,
特殊建造	中南大学	294354034,294354034,294074588,294074588,37744281,37744281,59338609,59338609,59336867,59336867,
水利能源	湖南省新化县娄底市	
科研	海淀区	352384014,48510028,352384014,352108632,48510028,352108632,351857255,48510028,351857255,48300695,48510028,48300695,274978007,48510028,274978007,22930891,48510028,22930891,335140617,48510028,335140617,278155816,48510028,278155816,344405727,48510028,344405727,351574168,48510028,351574168,
创意艺术	外太空	
进出口贸易	杭州市	350859495,350859495,352209165,352209165,350075934,350075934,351816857,351816857,352080473,352080473,351780476,351780476,351701308,351701308,351900452,351900452,350940640,350940640,351798864,351798864,
	北京市	328571237,328571237,320611448,320611448,351701308,351701308,351886861,351886861,351273870,351273870,350997351,350997351,346658239,346658239,348318313,348318313,349566175,349566175,338423080,338423080,
	Hawk	326309795,326309795,270171443,270171443,27082663,27082663,26992616,26992616,38562043,38562043,31229847,31229847,53385364,53385364,52099919,52099919,51960523,51960523,49775929,49775929,
	实战派	317822592,317822592,276626499,276626499,274482253,274482253,274112529,274112529,30173127,30173127,21578745,21578745,23744760,23744760,61917117,61917117,33868406,33868406,
	姚毓	
	香港	321245626,48510028,321245626,28109978,48510028,28109978,309818306,48510028,309818306,20104381,48510028,20104381,284209426,48510028,284209426,22821862,48510028,22821862,40161363,48510028,40161363,23730582,48510028,23730582,304473490,48510028,304473490,19573169,48510028,19573169,
互联网	北京	305848826,48510028,305848826,53257850,48510028,53257850,68134046,48510028,68134046,63663459,48510028,63663459,63058573,48510028,63058573,62428229,48510028,62428229,30153982,48510028,30153982,30739577,48510028,30739577,59800121,48510028,59800121,53640878,48510028,53640878,
互联网	印度尼西亚	352566135,352566135,352496907,352496907,352327092,352327092,352120241,352120241,351795424,351795424,347924213,347924213,21455343,21455343,282991838,282991838,305896249,305896249,61861677,61861677,
	成都	352422304,352422304,352374700,352374700,351791447,351791447,352185833,352185833,63187225,63187225,351646303,351646303,352061555,352061555,348589961,348589961,351684297,351684297,351221750,351221750,
科研	珀斯	351766115,48510028,351766115,342066985,48510028,342066985,37712150,48510028,37712150,350292725,48510028,350292725,349045610,48510028,349045610,349697452,48510028,349697452,348931011,48510028,348931011,347646586,48510028,347646586,347208973,48510028,347208973,346901236,48510028,346901236,
互联网	伦敦	28021432,48509984,28021432,288202055,48509984,288202055,346294591,48509984,346294591,344631971,48509984,344631971,20091616,48509984,20091616,336821760,48509984,336821760,338875382,48509984,338875382,19627497,48509984,19627497,335007440,48509984,335007440,337039674,48509984,337039674,
航天	海淀区	339948324,339948324,300319821,300319821,50559956,50559956,50319675,50319675,43669703,43669703,41655922,41655922,41425017,41425017,39154925,39154925,38305904,38305904,38130950,38130950,
	英雄联盟	351718017,48510028,351718017,352265033,48510028,352265033,351699096,48510028,351699096,344241475,48510028,344241475,351681720,48510028,351681720,351698889,48510028,351698889,351693712,48510028,351693712,351648426,48510028,351648426,351498732,48510028,351498732,351242456,48510028,351242456,
	哈尔滨地图出版社	351803162,48510028,351803162,346745284,48510028,346745284,348755108,48510028,348755108,349296503,48510028,349296503,349038204,48510028,349038204,348035492,48510028,348035492,349098570,48510028,349098570,346364773,48510028,346364773,345600110,48510028,345600110,344467071,48510028,344467071,
	斯德哥尔摩	340659904,340659904,341365922,341365922,340925019,340925019,338682247,338682247,337618374,337618374,335353117,335353117,336504074,336504074,334762464,334762464,333259025,333259025,25151940,25151940,
	大话宠物	298483387,298483387,64245480,64245480,64254944,64254944,64266615,64266615,64261250,64261250,64304631,64304631,64315197,64315197,63647645,63647645,63870786,63870786,63872210,63872210,
	塔克拉玛干大沙漠	
	猫屋铃代	349872988,349872988,349627989,349627989,
互联网	北京	
出版业	上海	349083438,349083438,336840672,336840672,282150931,282150931,350072008,350072008,263505768,263505768,349385717,349385717,300834730,300834730,347843454,347843454,347888264,347888264,347732517,347732517,
	北京	28161270,48509984,28161270,327421935,48509984,327421935,51429662,48509984,51429662,282956653,48509984,282956653,29288818,48509984,29288818,304751380,48509984,304751380,282931198,48509984,282931198,276638436,48509984,276638436,39196386,48509984,39196386,30902178,48509984,30902178,
	网易游戏	268395554,268395554,346275574,346275574,60627166,60627166,350648260,350648260,350079719,350079719,350341955,350341955,307660309,307660309,
汽车		352228356,48509984,352228356,350797654,48509984,350797654,350931231,48509984,350931231,350191144,48509984,350191144,349598228,48509984,349598228,347585177,48509984,347585177,346936125,48509984,346936125,345218874,48509984,345218874,58640881,48509984,58640881,340478420,48509984,340478420,
电子游戏	香港	341560726,48509984,341560726,346818371,48509984,346818371,346566936,48509984,346566936,346533813,48509984,346533813,340486237,48509984,340486237,285989317,48509984,285989317,333567126,48509984,333567126,332903736,48509984,332903736,323238821,48509984,323238821,321810139,48509984,321810139,
地产建筑	重庆大学	338565724,338565724,335496773,335496773,38701666,38701666,334042814,334042814,333511822,333511822,20687845,20687845,328172131,328172131,325589800,325589800,324775599,324775599,325573486,325573486,
	上海	280651361,48509984,280651361,47581654,48509984,47581654,307263436,48509984,307263436,333436260,48509984,333436260,68480751,48509984,68480751,50895523,48509984,50895523,323763825,48509984,323763825,322844188,48509984,322844188,296753623,48509984,296753623,19866749,48509984,19866749,
政府	东莞	345748793,48509984,345748793,342549496,48509984,342549496,338180283,48509984,338180283,334577995,48509984,334577995,20821908,48509984,20821908,23490522,48509984,23490522,333597770,48509984,333597770,317477876,48509984,317477876,333259025,48509984,333259025,330135947,48509984,330135947,
科研	德国法兰克福	55110691,48510028,55110691,351105205,48510028,351105205,49401742,48510028,49401742,351630539,48510028,351630539,349617188,48510028,349617188,270498281,48510028,270498281,347302891,48510028,347302891,348515847,48510028,348515847,347330239,48510028,347330239,346999432,48510028,346999432,
	成都	351698553,351698553,351025746,351025746,349804247,349804247,349698023,349698023,349639318,349639318,347497848,347497848,347097938,347097938,347189855,347189855,345544673,345544673,345413562,345413562,
	chillsteppin kaola	65630198,65630198,
互联网	丁香医生	296368004,296368004,47471413,47471413,26057352,26057352,65462889,65462889,20160110,20160110,27837895,27837895,48423595,48423595,318749074,318749074,268163243,268163243,269918057,269918057,
高等教育	将作于少监	349925531,349925531,266675940,266675940,339748611,339748611,324932563,324932563,323904885,323904885,321691890,321691890,314717849,314717849,62342449,62342449,54718516,54718516,311233615,311233615,
互联网	南京市	350923522,48509984,350923522,347639096,48509984,347639096,347109305,48509984,347109305,344425726,48509984,344425726,280814833,48509984,280814833,333217832,48509984,333217832,40287266,48509984,40287266,331409374,48509984,331409374,328961922,48509984,328961922,328843561,48509984,328843561,
非营利组织	深圳工作	350723383,350723383,352099668,352099668,28069195,28069195,345247864,345247864,348208363,348208363,347974330,347974330,346466128,346466128,347745552,347745552,347011915,347011915,345835565,345835565,
	肖新宇	330153606,48510028,330153606,
创意艺术	北京	350029722,350029722,347934136,347934136,344897808,344897808,336382240,336382240,330398084,330398084,324493107,324493107,320601201,320601201,318508363,318508363,316203788,316203788,308371511,308371511,
电子游戏	上海	346735133,48510028,346735133,343123306,48510028,343123306,34845154,48510028,34845154,338438233,48510028,338438233,323681477,48510028,323681477,21713209,48510028,21713209,333842651,48510028,333842651,337109682,48510028,337109682,26382065,48510028,26382065,334890951,48510028,334890951,
房地产		351275139,351275139,62114631,62114631,28444782,28444782,268169877,268169877,55235683,55235683,264285024,264285024,344054306,344054306,342056290,342056290,340424050,340424050,339916382,339916382,
出版业	北京	352348769,352348769,352326297,352326297,339935672,339935672,346130692,346130692,351896687,351896687,346208601,346208601,341721545,341721545,352108632,352108632,347228924,347228924,351976108,351976108,
	亚特兰蒂斯	352215443,352215443,21008130,21008130,351299387,351299387,322957449,322957449,267768764,267768764,350043460,350043460,348194375,348194375,348948955,348948955,310400366,310400366,349001695,349001695,
大宗交易	上海	351122222,351122222,350605172,350605172,349971137,349971137,349863411,349863411,347596759,347596759,347759035,347759035,267050910,267050910,335193049,335193049,331363926,331363926,320934777,320934777,
	青亭网	277002138,277002138,275586706,275586706,66536449,66536449,265370514,265370514,65813907,65813907,
	知乎用户	
	即刻运动Official	311518017,48510028,311518017,24161916,48510028,24161916,344909027,48510028,344909027,21724420,48510028,21724420,34975691,48510028,34975691,347244638,48510028,347244638,35950533,48510028,35950533,267994426,48510028,267994426,49947465,48510028,49947465,301681246,48510028,301681246,
	小村雏	315779348,315779348,68613138,68613138,297518784,297518784,297471422,297471422,297434989,297434989,297434989,37769463,37769463,56553505,56553505,36352593,36352593,37554387,37554387,
	郎朗	
	北京	
创意艺术	札幌	352325082,352325082,26967689,26967689,344019917,344019917,22388541,22388541,351008233,351008233,344313665,344313665,348467159,348467159,348557913,348557913,348400795,348400795,311822943,311822943,
	上海	346709712,346709712,351442668,351442668,54675661,54675661,322783932,322783932,349698023,349698023,328565383,328565383,345532987,345532987,280651361,280651361,345124567,345124567,345056581,345056581,

	知乎汽车	343499950,48510028,343499950,327035700,
互联网	海淀区	333220973,333220973,338463138,338463138,312944993,312944993,338536136,338536136,330915372,330915372,336256626,336256626,313910150,313910150,329340738,329340738,294808085,294808085,61464335,61464335,
	中山	
	OPPO智美心品	341383096,48510028,341383096,
创意艺术	Terre Haute, Indiana	351195842,48510028,351195842,47664508,48510028,47664508,352216879,48510028,352216879,28011939,48510028,28011939,349978707,48510028,349978707,344897808,48510028,344897808,344293653,48510028,344293653,344175069,48510028,344175069,344263265,48510028,344263265,286902745,48510028,286902745,
	言之有理	
电子游戏	旧金山湾区	
互联网	北京市	351955380,351955380,350586960,350586960,350351013,350351013,350182428,350182428,349869491,349869491,349446855,349446855,348641796,348641796,346282105,346282105,347241865,347241865,347582341,347582341,

制药	东京药科大学	268250089,268250089,267415738,267415738,20427575,20427575,264422804,264422804,56765455,56765455,60643470,60643470,47709086,47709086,36601030,36601030,
互联网	哈尔滨	348811511,48510028,348811511,349474623,48510028,349474623,346050973,48510028,346050973,317304451,48510028,317304451,307679174,48510028,307679174,308045928,48510028,308045928,58482430,48510028,58482430,291266315,48510028,291266315,288190292,48510028,288190292,282950648,48510028,282950648,
创意艺术		331145297,331145297,330499835,330499835,320128989,320128989,317890573,317890573,22092633,22092633,23597994,23597994,313827313,313827313,313724741,313724741,312485152,312485152,313751127,313751127,
创意艺术	尼堪巴图鲁	337568352,337568352,21442920,21442920,
高等教育	加州大学伯克利分校 (UC Berkeley)	340707625,48510028,340707625,347558369,48510028,347558369,319025200,48510028,319025200,324419343,48510028,324419343,297422117,48510028,297422117,315434636,48510028,315434636,319896177,48510028,319896177,312855507,48510028,312855507,312079427,48510028,312079427,302310433,48510028,302310433,
	咕噜噜	28891984,28891984,271171520,271171520,59408786,59408786,264856798,264856798,66004349,66004349,65462889,65462889,54955850,54955850,
互联网	北京市	347535954,347535954,345698784,345698784,344397424,344397424,338334073,338334073,335661214,335661214,329322929,329322929,329184075,329184075,326919112,326919112,318184237,318184237,315022429,315022429,
互联网	北京	340590218,340590218,28253356,28253356,266586687,266586687,300840760,300840760,296256378,296256378,290895525,290895525,289017119,289017119,283093946,283093946,55729084,55729084,268873123,268873123,
	岩井俊二	276322083,48510028,276322083,
	Macro kuo	22145314,22145314,65760020,65760020,53780469,53780469,52370087,52370087,25955644,25955644,32315497,32315497,38920431,38920431,20491952,20491952,35124067,35124067,54398623,54398623,
	R&K农场主	
	北海鲤	349678436,349678436,346198994,346198994,333471808,333471808,332713682,332713682,343844104,343844104,340626682,340626682,333769627,333769627,338245522,338245522,337290738,337290738,337212632,337212632,
互联网	北京	348599568,48510028,348599568,323403640,48510028,323403640,347823484,48510028,347823484,343385341,48510028,343385341,345145839,48510028,345145839,343550429,48510028,343550429,340878015,48510028,340878015,342780852,48510028,342780852,267861726,48510028,267861726,336943990,48510028,336943990,
	魔都	344171595,344171595,346754389,346754389,345418172,345418172,343081328,343081328,338966064,338966064,338689850,338689850,335196947,335196947,319284583,319284583,323701356,323701356,330246588,330246588,
互联网	朝阳区—常营	324094815,48509984,324094815,320125128,48509984,320125128,295523340,48509984,295523340,301514499,48509984,301514499,292898365,48509984,292898365,275566110,48509984,275566110,278214266,48509984,278214266,68132965,48509984,68132965,67883500,48509984,67883500,65399434,48509984,65399434,
		352391633,352391633,66349573,66349573,351479322,351479322,278286599,278286599,334823792,334823792,305901584,305901584,318115811,318115811,68530059,68530059,40898955,40898955,284479769,284479769,
互联网	国内常驻内蒙古，国外不定	351023864,48510028,351023864,21450968,48510028,21450968,351008278,48510028,351008278,292189961,48510028,292189961,46923664,48510028,46923664,38765268,48510028,38765268,337582627,48510028,337582627,341415289,48510028,341415289,40121728,48510028,40121728,345124567,48510028,345124567,
政府	成都	346895177,346895177,346895184,346895184,342686246,342686246,342051535,342051535,345499471,345499471,339469605,339469605,337914621,337914621,342994761,342994761,341437236,341437236,342089496,342089496,
保险	邯郸	344240655,344240655,327538983,327538983,328289426,328289426,326543682,326543682,318943230,318943230,316237649,316237649,310018924,310018924,310523119,310523119,310823231,310823231,311144274,311144274,
基础教育		267346432,267346432,351028181,351028181,30226013,30226013,344293653,344293653,264851192,264851192,349505344,349505344,338749979,338749979,336011496,336011496,312849874,312849874,348645588,348645588,
	江中曾有月	352359428,352359428,351798864,351798864,351242101,351242101,349942003,349942003,350979041,350979041,345591601,345591601,349698023,349698023,348370059,348370059,348245633,348245633,348208363,348208363,
		
	
渔业		352103403,352103403,352209165,352209165,47819005,47819005,351964462,351964462,351798864,351798864,350074271,350074271,351591620,351591620,351300910,351300910,348101584,348101584,350723876,350723876,
	上海	
计算机软件	北京市	345492166,345492166,328875115,328875115,319589574,319589574,315852969,315852969,302347850,302347850,309240629,309240629,64537375,64537375,303925311,303925311,265981968,265981968,
财务	企业财务	328838280,328838280,
	择良辰出走	344854195,344854195,327311973,327311973,334609001,334609001,320699905,320699905,322102197,322102197,59790507,59790507,60225234,60225234,56794412,56794412,33321526,33321526,
体育健身	得克萨斯州（Texas）	273579567,273579567,24869852,24869852,341818752,341818752,340889162,340889162,306379951,306379951,328735550,328735550,319849151,319849151,323988210,323988210,40236248,40236248,323054558,323054558,
	克莱登大学	321629936,321629936,322302705,322302705,328107070,328107070,328476786,328476786,323898130,323898130,322126197,322126197,320901601,320901601,321113596,321113596,319546383,319546383,42054461,42054461,
计算机软件	长春	351718999,351718999,338710331,338710331,297552192,297552192,351835380,351835380,349691807,349691807,345334123,345334123,349852529,349852529,343600404,343600404,347487482,347487482,346632926,346632926,
互联网	北京	345282592,48509984,345282592,35516811,48509984,35516811,345303992,48509984,345303992,339855206,48509984,339855206,28646541,48509984,28646541,330202046,48509984,330202046,329177841,48509984,329177841,26713170,48509984,26713170,22131241,48509984,22131241,323056715,48509984,323056715,
互联网	杭州	351426844,351426844,352084212,352084212,351106143,351106143,351180302,351180302,350411823,350411823,308115396,308115396,336267047,336267047,319158572,319158572,347469966,347469966,21287801,21287801,
农林牧渔	济南大学	352350862,48509984,352350862,351934271,48509984,351934271,316700186,48509984,316700186,349016011,48509984,349016011,337332223,48509984,337332223,343924421,48509984,343924421,342738448,48509984,342738448,340703902,48509984,340703902,339867433,48509984,339867433,340720902,48509984,340720902,
互联网	北京	30835066,48510028,30835066,347298280,48510028,347298280,345105962,48510028,345105962,344763924,48510028,344763924,344025518,48510028,344025518,36602163,48510028,36602163,19689626,48510028,19689626,334329380,48510028,334329380,333572155,48510028,333572155,332733540,48510028,332733540,
博物馆	北京	
广告		349215148,349215148,316442885,316442885,316009890,316009890,312543179,312543179,289221832,289221832,308734202,308734202,298527034,298527034,307529832,307529832,274282069,274282069,293731520,293731520,
	广州市	20770313,20770313,315801030,315801030,26442953,26442953,35536538,35536538,31141380,31141380,60937931,60937931,21251847,21251847,268395554,268395554,300603515,300603515,295454420,295454420,
渔业	杭州	349801919,349801919,349393734,349393734,348567981,348567981,348510233,348510233,347290141,347290141,345242969,345242969,347064584,347064584,346350879,346350879,336418075,336418075,341328709,341328709,
互联网	杭州	
	武汉大学	
	裴梓辰	
电子商务	北京市	313805990,313805990,352359428,352359428,348305410,348305410,350614145,350614145,350786596,350786596,22925179,22925179,349998035,349998035,342111899,342111899,347899440,347899440,346965791,346965791,
体育健身	詹姆兰尼斯特	352302881,352302881,350593226,350593226,340205772,340205772,350289630,350289630,350442532,350442532,348947179,348947179,347686044,347686044,290067961,290067961,347017621,347017621,346600665,346600665,
法律	南昌市	23271389,23271389,352026926,352026926,352391875,352391875,19798040,19798040,276248841,276248841,351431356,351431356,351033398,351033398,351133657,351133657,349710754,349710754,348446136,348446136,

军火	上海	66683860,66683860,349434424,349434424,349016011,349016011,348551735,348551735,20781843,20781843,347348237,347348237,347687815,347687815,327906843,327906843,282495703,282495703,343203484,343203484,
	小桃几	351912438,351912438,340910340,340910340,345799177,345799177,345606642,345606642,345453726,345453726,341337360,341337360,330292476,330292476,335949834,335949834,317257765,317257765,324671154,324671154,
创意艺术	芝加哥	
	物理学	349705396,48510028,349705396,266578103,48510028,266578103,20149030,48510028,20149030,22378707,48510028,22378707,27345635,48510028,27345635,272182118,48510028,272182118,20678127,48510028,20678127,27605022,48510028,27605022,21073959,48510028,21073959,22736533,48510028,22736533,
广播电视	香港	20433433,48510028,20433433,317012455,48510028,317012455,19750624,48510028,19750624,27600561,48510028,27600561,307704765,48510028,307704765,303888717,48510028,303888717,38485891,48510028,38485891,301459876,48510028,301459876,292285486,48510028,292285486,22037733,48510028,22037733,
广告	知乎用户	
	
		352259123,352259123,351125152,351125152,31358636,31358636,41182911,41182911,350707711,350707711,350438408,350438408,349885189,349885189,350188265,350188265,338228190,341373217,341373217,349193218,349193218,
电子游戏	知乎用户	
	
	Youlink L	27608145,27608145,20773664,20773664,346224144,346224144,326967644,326967644,337645103,337645103,335168772,335168772,294844127,294844127,304253680,304253680,326512493,326512493,325808928,325808928,
	福冈	351550499,351550499,350382735,350382735,323904684,323904684,348236752,348236752,345899539,345899539,345470417,345470417,339508324,339508324,342327837,342327837,335538333,335538333,337876141,337876141,
电子游戏	上海	347817748,48509984,347817748,336306912,48509984,336306912,303907735,48509984,303907735,297904149,48509984,297904149,279246699,48509984,279246699,29556265,48509984,29556265,276120763,48509984,276120763,273921958,48509984,273921958,269089374,48509984,269089374,60235732,48509984,60235732,
地产建筑	旧金山 (San Francisco)	352391599,48510028,352391599,351724046,48510028,351724046,351806204,48510028,351806204,346645820,48510028,346645820,31318753,48510028,31318753,345322111,48510028,345322111,344169070,48510028,344169070,343924561,48510028,343924561,343499950,48510028,343499950,342813158,48510028,342813158,
互联网		349082705,48510028,349082705,351676519,48510028,351676519,351758452,48510028,351758452,350940640,48510028,350940640,322243675,48510028,322243675,350959336,48510028,350959336,350959281,48510028,350959281,350875012,48510028,350875012,349727420,48510028,349727420,346074208,48510028,346074208,
法律	刘焱	24580421,24580421,60182144,60182144,60343827,60343827,24929583,24929583,29722646,29722646,53497134,53497134,27726057,27726057,34508673,34508673,65936841,65936841,
	Goldenxiaoye	312961909,312961909,281258986,281258986,265719485,265719485,34825661,34825661,67962558,67962558,
		341988101,341988101,342873584,342873584,350827215,350827215,330676375,330676375,351028181,351028181,327635458,327635458,348132267,348132267,350656338,350656338,339861346,339861346,27441184,27441184,
信息传媒	北京市	
	知乎用户	
	知乎用户	
法律		346930548,346930548,346648714,346648714,276307864,276307864,268387460,268387460,299528616,299528616,263954039,263954039,265849570,265849570,35035813,35035813,338661820,338661820,28037924,28037924,
	全民故事计划	20280353,48510028,20280353,319510940,48510028,319510940,52708276,48510028,52708276,313516915,48510028,313516915,24014906,48510028,24014906,29174460,48510028,29174460,322863789,48510028,322863789,313564280,48510028,313564280,49502870,48510028,49502870,305748960,48510028,305748960,
旅游	北京	29517463,48510028,29517463,312747301,48510028,312747301,30447146,48510028,30447146,22159864,48510028,22159864,59304414,48510028,59304414,48397252,48510028,48397252,50702972,48510028,50702972,27070392,48510028,27070392,23699748,48510028,23699748,61341735,48510028,61341735,
渔业	上海市	352374486,352374486,351594552,351594552,341961547,341961547,351864693,351864693,351035931,351035931,341000474,341000474,344217259,344217259,35871746,35871746,53248148,53248148,313167522,313167522,
高等教育	北京	349028925,48510028,349028925,349548263,48510028,349548263,267676068,48510028,267676068,315810002,48510028,315810002,303760154,48510028,303760154,54656254,48510028,54656254,280686596,48510028,280686596,56436534,48510028,56436534,37093377,48510028,37093377,268198172,48510028,268198172,
	悠游老爷	30207766,30207766,31473073,31473073,21763210,21763210,
	北京	
互联网	广州市	349670965,349670965,349385305,349385305,351567732,351567732,348742264,348742264,344019917,344019917,349378789,349378789,343519209,343519209,349198472,349198472,349199028,349199028,346162314,346162314,
	格勒诺布尔大学	34766305,34766305,302594048,302594048,23809895,23809895,33972831,33972831,27062851,27062851,61010049,61010049,342285861,342285861,267458939,267458939,341415289,341415289,346911813,346911813,
广告	张舒	350419169,350419169,317049856,317049856,68083781,68083781,335128153,335128153,332948568,332948568,333424843,333424843,330065752,330065752,332401799,332401799,329560861,329560861,324461841,324461841,
临床医疗	合肥市	30562165,48510028,30562165,352059823,48510028,352059823,19850048,48510028,19850048,38827553,48510028,38827553,351447353,48510028,351447353,263465293,48510028,263465293,21148187,48510028,21148187,21132926,48510028,21132926,279883514,48510028,279883514,35139807,48510028,35139807,
艺术娱乐	北京	348246976,348246976,351676519,351676519,351122226,351122226,352076986,352076986,350706759,350706759,57417321,57417321,347832922,347832922,351863929,351863929,351773254,351773254,339945189,339945189,
	旧文字	348260714,348260714,347832922,347832922,329077765,329077765,342827672,342827672,337360831,337360831,319860156,319860156,266555920,266555920,269579260,269579260,36265019,36265019,48302783,48302783,
创意艺术	同名公众号  黄静格子	
高新科技	北京	347825091,48510028,347825091,352080473,48510028,352080473,352076986,48510028,352076986,351694702,48510028,351694702,350411823,48510028,350411823,348970353,48510028,348970353,350786596,48510028,350786596,350605172,48510028,350605172,349998035,48510028,349998035,349198925,48510028,349198925,
	feby	351937599,351937599,351806204,351806204,352389200,352389200,348460737,348460737,351105205,351105205,351312949,351312949,341294095,341294095,341690024,341690024,347744137,347744137,21887119,21887119,
资本投资	旧金山 (San Francisco)	
电子游戏		351693712,351693712,350552124,350552124,350675490,350675490,350400831,350400831,350384587,350384587,348881259,348881259,348308828,348308828,343808172,343808172,334364126,334364126,346764144,346764144,
	国际红色通讯	316248991,316248991,318488879,318488879,268674860,268674860,277155838,277155838,
	
咨询分析	上海	352299328,352299328,352228356,352228356,351806204,351806204,351125954,351125954,351014096,351014096,350675490,350675490,350043460,350043460,348350686,348350686,347469966,347469966,346450641,346450641,
高等教育	日本	21225019,21225019,24729523,24729523,27089987,27089987,27171750,27171750,20408207,20408207,23407262,23407262,22508209,22508209,22269384,22269384,22190947,22190947,21509929,21509929,
高等教育	千老	
	芳草	316227277,316227277,
	知乎动画	36185505,48510028,36185505,
互联网	北京	326415373,326415373,297040913,297040913,66631187,66631187,32762402,32762402,47515185,47515185,41390254,41390254,34315119,34315119,33269697,33269697,31653962,31653962,
互联网	湖北武汉	345215110,345215110,40666102,40666102,347385731,347385731,341486746,341486746,343599048,343599048,327777949,327777949,339759250,339759250,313191641,313191641,287194459,287194459,310522998,310522998,
临床医疗	北京	36378816,36378816,348639185,348639185,20759772,20759772,20976654,20976654,338590379,338590379,20776172,20776172,35667984,35667984,303672817,303672817,24947219,24947219,329358603,329358603,
互联网	江城	302064560,302064560,311163167,311163167,333443411,333443411,50391577,50391577,334996898,334996898,331075655,331075655,41220998,41220998,20141423,20141423,267511897,267511897,329072521,329072521,
航天	北京市	351218630,351218630,351200696,351200696,350615973,350615973,349710754,349710754,350351013,350351013,350278445,350278445,349599078,349599078,349598228,349598228,349505344,349505344,349482593,349482593,

计算机软件	邢获	351531453,351531453,350446500,350446500,351574168,351574168,19644892,19644892,322284298,322284298,349040326,349040326,347510965,347510965,341210760,341210760,337528513,337528513,290348501,290348501,
互联网	辽宁省	328395283,328395283,307180442,307180442,290353311,290353311,282233567,282233567,274581821,274581821,269703654,269703654,270567023,270567023,269470390,269470390,269463598,269463598,268618182,268618182,
	经济学	351592212,48509984,351592212,350072008,48509984,350072008,348260714,48509984,348260714,65218492,48509984,65218492,35029833,48509984,35029833,342245028,48509984,342245028,343898658,48509984,343898658,267859024,48509984,267859024,65462889,48509984,65462889,334058438,48509984,334058438,
非营利组织		321078879,321078879,55797295,55797295,337093399,337093399,325140455,325140455,325388652,325388652,316109382,316109382,310761051,310761051,281474079,281474079,30878980,30878980,49920028,49920028,
互联网	北京	
高等教育	北京	350857182,48510028,350857182,329880884,48510028,329880884,350072008,48510028,350072008,348719316,48510028,348719316,344974234,48510028,344974234,348260714,48510028,348260714,304529389,48510028,304529389,347699747,48510028,347699747,347495742,48510028,347495742,21362402,48510028,21362402,
信息传媒	北京	302402544,48510028,302402544,28061064,48510028,28061064,40223190,48510028,40223190,22920543,48510028,22920543,59890985,48510028,59890985,22411485,48510028,22411485,310816922,48510028,310816922,20158633,48510028,20158633,67575625,48510028,67575625,20291124,48510028,20291124,
	导演饺子	310186247,48510028,310186247,
	北京市	343254911,48510028,343254911,326133169,48510028,326133169,342619301,48510028,342619301,20900895,48510028,20900895,41469827,48510028,41469827,305574501,48510028,305574501,267180481,48510028,267180481,331151589,48510028,331151589,343585330,48510028,343585330,340895540,48510028,340895540,
	立命馆大学	
公共管理	中国	349348788,48510028,349348788,351454223,48510028,351454223,343555040,48510028,343555040,343473336,48510028,343473336,46996086,48510028,46996086,347118323,48510028,347118323,346844872,48510028,346844872,341233533,48510028,341233533,339916382,48510028,339916382,340540621,48510028,340540621,
	青岛市	339264197,339264197,
政府	湖北省	268515525,268515525,338827246,338827246,279621958,279621958,67414279,67414279,337298018,337298018,343535516,343535516,345106684,345106684,344864713,344864713,334358220,334358220,340526452,340526452,
互联网		
艺术娱乐	France Paris	
	lsh	
	知乎用户	
电子游戏	上海	299029309,48510028,299029309,351390654,48510028,351390654,350937329,48510028,350937329,346524655,48510028,346524655,342631140,48510028,342631140,60734695,48510028,60734695,340129619,48510028,340129619,65064844,48510028,65064844,337040136,48510028,337040136,330442616,48510028,330442616,
互联网	荷兰省 郑姆斯特丹	351122226,351122226,351442212,351442212,345103139,345103139,342622820,342622820,58140285,58140285,339993071,339993071,339620495,339620495,335387352,335387352,330096684,330096684,327977150,327977150,
	杭州	332082652,332082652,317490864,317490864,317361761,317361761,317436881,317436881,316767567,316767567,
	北京	328504963,328504963,322436924,322436924,320055849,320055849,320385902,320385902,311435068,311435068,311681550,311681550,294130577,294130577,19719224,19719224,300632497,300632497,62063158,62063158,
		65806578,65806578,342662606,342662606,342389080,342389080,335828820,335828820,331289309,331289309,328144407,328144407,322063543,322063543,320946543,320946543,320096388,320096388,320063083,320063083,
高等教育	加州理工学院(California Institute of Technology)	343211510,343211510,345602671,345602671,332943263,332943263,318657136,318657136,31880221,31880221,301777607,301777607,286879666,286879666,26416090,26416090,30169880,30169880,270883846,270883846,
高等教育	洛杉矶	306154767,306154767,52216261,52216261,20111672,20111672,62222271,62222271,66235069,66235069,31914494,31914494,22656591,22656591,65650510,65650510,63207801,63207801,30436087,30436087,
互联网	北京	348641796,348641796,345658024,345658024,343551226,343551226,338145852,338145852,330976901,330976901,337700969,337700969,314010375,314010375,20137814,20137814,40689696,40689696,24725893,24725893,
养老服务	莫斯科	58116881,58116881,351720596,351720596,351487116,351487116,351186434,351186434,278581281,278581281,351316749,351316749,23809895,23809895,38204944,38204944,349803370,349803370,298632564,298632564,
	苏州	350959281,48509984,350959281,342549496,48509984,342549496,332915162,48509984,332915162,310186247,48509984,310186247,25573269,48509984,25573269,62468704,48509984,62468704,335530471,48509984,335530471,325937986,48509984,325937986,317525401,48509984,317525401,316890910,48509984,316890910,
	京都，留学汪一只	348997583,348997583,333739822,333739822,308728289,308728289,335530471,335530471,333763633,333763633,334592520,334592520,335371673,335371673,317973897,317973897,36841424,36841424,34649981,34649981,
	郭包肉	313850426,313850426,37608302,37608302,
	唰儿	303209621,303209621,
市场推广	合肥市	321834035,321834035,320650054,320650054,27753869,27753869,25908231,25908231,
艺术娱乐	北京	344019917,48510028,344019917,292347411,48510028,292347411,351106143,48510028,351106143,41101588,48510028,41101588,318913382,48510028,318913382,350243609,48510028,350243609,346282105,48510028,346282105,349113933,48510028,349113933,348181968,48510028,348181968,340452938,48510028,340452938,
咨询分析	魔都	349979125,48510028,349979125,351316749,48510028,351316749,351179285,48510028,351179285,350648842,48510028,350648842,31358636,48510028,31358636,348957764,48510028,348957764,349113933,48510028,349113933,30345902,48510028,30345902,348029701,48510028,348029701,346805059,48510028,346805059,
互联网		
医疗服务	brainnews	23233451,23233451,21552453,21552453,298082533,298082533,296382868,296382868,296382797,296382797,32017085,32017085,






































































































































































































































































































































































