
	mark	53190874,53190874,62150787,62150787,58278300,58278300,57853195,57853195,23651440,23651440,49943038,49943038,46775045,46775045,34773845,34773845,19825353,19825353,46838234,46838234,
生物工程	慕斯	346502540,346502540,350841042,350841042,344971138,344971138,342193163,342193163,347108423,347108423,348772129,348772129,348880174,348880174,299318105,299318105,348478299,348478299,347988128,347988128,
创意艺术	北京	347639463,48510028,347639463,25668999,48510028,25668999,348641796,48510028,348641796,46996086,48510028,46996086,63310794,48510028,63310794,346161496,48510028,346161496,344920971,48510028,344920971,49502870,48510028,49502870,344993736,48510028,344993736,339299336,48510028,339299336,
美容		
	北京市	
	知乎用户	
医疗服务		352114245,352114245,352144888,352144888,352144439,352144439,352173219,352173219,336436812,336436812,60838309,60838309,55609384,55609384,320604327,320604327,28171212,28171212,276107100,276107100,
资本投资	北京	331318550,331318550,20804550,20804550,329768651,329768651,65462889,65462889,320007120,320007120,332747244,332747244,328857889,328857889,332780664,332780664,278112374,278112374,316445888,316445888,
临床医疗	北京	351116257,48509984,351116257,349705422,48509984,349705422,343862428,48509984,343862428,342402784,48509984,342402784,342201008,48509984,342201008,340994102,48509984,340994102,340923924,48509984,340923924,30674383,48509984,30674383,338364708,48509984,338364708,340963157,48509984,340963157,
机械设备	无锡	36605206,36605206,351825376,351825376,320507085,320507085,351219957,351219957,351753048,351753048,344954093,344954093,346132434,346132434,342886955,342886955,351454883,351454883,350769603,350769603,
临床医疗	武汉市	54318055,54318055,20709722,20709722,305374937,305374937,310105493,310105493,46869324,46869324,43018283,43018283,265771574,265771574,20352068,20352068,31521205,31521205,335705792,335705792,
生物工程	浙江大学	352566003,352566003,348918898,348918898,348807553,348807553,25160832,25160832,341238877,341238877,340486158,340486158,292864198,292864198,268101780,268101780,332478225,332478225,330485362,330485362,
临床医疗	技术总监	343699039,48510028,343699039,340502307,48510028,340502307,340076697,48510028,340076697,339567108,48510028,339567108,337744983,48510028,337744983,293954781,48510028,293954781,61272229,48510028,61272229,334596233,48510028,334596233,334153215,48510028,334153215,334516504,48510028,334516504,
	LinkedIn领英中国	290003248,48510028,290003248,313622793,48510028,313622793,351334782,48510028,351334782,27201150,48510028,27201150,347869019,48510028,347869019,21158801,48510028,21158801,307264057,48510028,307264057,293390085,48510028,293390085,24981270,48510028,24981270,284528244,48510028,284528244,
	小秋意ww	30167647,30167647,348972248,348972248,22185256,22185256,24967708,24967708,30681215,30681215,68618551,68618551,348644766,348644766,41931111,41931111,68571065,68571065,30003046,30003046,
娱乐休闲	张全蛋	348987952,48510028,348987952,347662115,48510028,347662115,344754554,48510028,344754554,341845915,48510028,341845915,341871922,48510028,341871922,332045053,48510028,332045053,61068647,48510028,61068647,320207422,48510028,320207422,315243399,48510028,315243399,310445717,48510028,310445717,
互联网	重庆	41053508,41053508,50608844,50608844,349348788,349348788,318496657,318496657,288290769,288290769,322231773,322231773,347260821,347260821,332350910,332350910,299074009,299074009,339288662,339288662,
咨询分析	香港中文大学	313210155,313210155,313561034,313561034,278213527,278213527,279185158,279185158,286276200,286276200,276053370,276053370,293342130,293342130,291347136,291347136,54044325,54044325,286649189,286649189,
	美国	21875065,48510028,21875065,
	斯坦利 库布利克	
	上海	346255879,346255879,345451609,345451609,321625749,321625749,342017229,342017229,341865935,341865935,341508939,341508939,28953140,28953140,333258255,333258255,324796018,324796018,324080762,324080762,
互联网	杭州	351426844,351426844,352084212,352084212,351106143,351106143,351180302,351180302,350411823,350411823,308115396,308115396,336267047,336267047,319158572,319158572,347469966,347469966,21287801,21287801,
互联网	Python高级开发	330632089,330632089,328842698,328842698,51622066,51622066,24590883,24590883,25627959,25627959,56055999,56055999,27522719,27522719,20799742,20799742,32048560,32048560,
制药	上海	320604327,320604327,
	Mr.Chen	338271575,338271575,315217548,315217548,65186010,65186010,270678246,270678246,276180564,276180564,267861416,267861416,266801488,266801488,38776601,38776601,29459494,29459494,65256761,65256761,
高等教育	合肥	266206691,48510028,266206691,63333871,48510028,63333871,62310729,48510028,62310729,38748788,48510028,38748788,57375395,48510028,57375395,20706165,48510028,20706165,54532719,48510028,54532719,55388923,48510028,55388923,35601718,48510028,35601718,55503712,48510028,55503712,
教育	深圳市	351736093,351736093,346322738,346322738,351358795,351358795,283987104,283987104,295755562,295755562,351680226,351680226,305998078,305998078,350097031,350097031,35999804,35999804,303048819,303048819,
高等教育	杭州	350632093,350632093,344703969,344703969,307882561,307882561,320571843,320571843,48476818,48476818,322674580,322674580,277338571,277338571,268057030,268057030,265361674,265361674,52063055,52063055,
高等教育		352226489,48510028,352226489,350100533,48510028,350100533,350857182,48510028,350857182,339288662,48510028,339288662,328372267,48510028,328372267,348032762,48510028,348032762,348882560,48510028,348882560,342318692,48510028,342318692,36532219,48510028,36532219,336144045,48510028,336144045,

军火	上海	66683860,66683860,349434424,349434424,349016011,349016011,348551735,348551735,20781843,20781843,347348237,347348237,347687815,347687815,327906843,327906843,282495703,282495703,343203484,343203484,
高等教育	河南财经政法大学	21099817,21099817,264956816,264956816,30676996,30676996,
广告		20777326,48510028,20777326,25145037,48510028,25145037,28680685,48510028,28680685,25268488,48510028,25268488,35644037,48510028,35644037,23523985,48510028,23523985,19663849,48510028,19663849,47331556,48510028,47331556,21410966,48510028,21410966,23862762,48510028,23862762,
电子商务	公众号故事铺子001	349675424,349675424,348639185,348639185,348516955,348516955,319189374,319189374,308085320,308085320,313376591,313376591,289472981,289472981,306741829,306741829,292374734,292374734,58021078,58021078,
创意艺术	北京	350997351,48509984,350997351,348276853,48509984,348276853,344019917,48509984,344019917,342172376,48509984,342172376,66955361,48509984,66955361,348478699,48509984,348478699,348429636,48509984,348429636,348396962,48509984,348396962,346359791,48509984,346359791,348066971,48509984,348066971,
创意艺术	芝加哥	37154843,37154843,37068694,37068694,36316650,36316650,36735329,36735329,36996816,36996816,30499038,30499038,34947892,34947892,21592312,21592312,34632761,34632761,26492747,26492747,
互联网	知乎用户	
养老服务	乌苏里斯克	277807298,48509984,277807298,31639400,48509984,31639400,19565754,48509984,19565754,23553937,48509984,23553937,281768686,48509984,281768686,19912844,48509984,19912844,291361863,48509984,291361863,27198493,48509984,27198493,27996454,48509984,27996454,26771121,48509984,26771121,
	天津	268395554,268395554,268221776,268221776,328457531,328457531,
	快法务	338555259,48510028,338555259,335428095,48510028,335428095,333131165,48510028,333131165,333043882,48510028,333043882,332018585,48510028,332018585,330676346,48510028,330676346,330484138,48510028,330484138,333813425,48510028,333813425,321740038,48510028,321740038,320497197,48510028,320497197,
高等教育	香港特别行政区	332918914,48510028,332918914,327592281,48510028,327592281,309879082,48510028,309879082,302435026,48510028,302435026,300632662,48510028,300632662,277683973,48510028,277683973,31133229,48510028,31133229,292221932,48510028,292221932,270883846,48510028,270883846,283649157,48510028,283649157,
法律	上海市	351779111,48509984,351779111,351118441,48509984,351118441,350655387,48509984,350655387,29861427,48509984,29861427,348350686,48509984,348350686,349120697,48509984,349120697,346897709,48509984,346897709,61427887,48509984,61427887,347354112,48509984,347354112,345411976,48509984,345411976,

互联网	深圳市	
金融	京津冀	352115462,352115462,337037313,337037313,349976414,349976414,24968854,24968854,347495742,347495742,347302891,347302891,346178270,346178270,342016897,342016897,283701544,283701544,283609305,283609305,
互联网	杭州	349781196,349781196,345708487,345708487,319941103,319941103,299256126,299256126,346746290,346746290,346450641,346450641,339944846,339944846,339837587,339837587,345471945,345471945,345056581,345056581,
证券投资	海顿	351811022,351811022,351841664,351841664,350472291,350472291,271982903,271982903,287223979,287223979,343595297,343595297,271256204,271256204,26963091,26963091,348897141,348897141,47990039,47990039,
临床医疗	武汉	323293661,323293661,264724922,264724922,267695749,267695749,263808314,263808314,68757020,68757020,66921208,66921208,39755555,39755555,66391489,66391489,66231199,66231199,65153497,65153497,
	周姑娘	338767712,338767712,339118658,339118658,331242342,331242342,332219454,332219454,325844183,325844183,312728233,312728233,
计算机软件	凌岳	266383712,266383712,273905961,273905961,271780789,271780789,271566324,271566324,270758442,270758442,61957999,61957999,67948916,67948916,268753428,268753428,266686715,266686715,266437086,266437086,
	四川大学华西医院	266456420,48510028,266456420,21594833,48510028,21594833,302385580,48510028,302385580,346738120,48510028,346738120,30501926,48510028,30501926,
渔业	北京	
法律		346930548,346930548,346648714,346648714,276307864,276307864,268387460,268387460,299528616,299528616,263954039,263954039,265849570,265849570,35035813,35035813,338661820,338661820,28037924,28037924,
	城闭喧	351703275,351703275,287094159,287094159,266586355,266586355,318517025,318517025,345099419,345099419,348681304,348681304,347748518,347748518,329136876,329136876,346024815,346024815,346982607,346982607,
电子游戏	林子诚	
服装业	Kooncong	37976259,37976259,318204082,318204082,343426120,343426120,57316212,57316212,22879760,22879760,28332986,28332986,336245137,336245137,332224621,332224621,318657727,318657727,31539547,31539547,
汽车		350415488,48509984,350415488,23766011,48509984,23766011,63426272,48509984,63426272,280849406,48509984,280849406,272150063,48509984,272150063,266812223,48509984,266812223,264267881,48509984,264267881,263932489,48509984,263932489,66940227,48509984,66940227,66742447,48509984,66742447,
	盐汽水儿	333799668,333799668,332360900,332360900,331425821,331425821,326373991,326373991,324152498,324152498,323808213,323808213,323090141,323090141,321888337,321888337,321235107,321235107,320315455,320315455,
临床医疗	北京	35604021,48510028,35604021,344156081,48510028,344156081,268179481,48510028,268179481,317466828,48510028,317466828,49459816,38899113,48510028,38899113,282077362,48510028,282077362,325492456,48510028,325492456,318749103,48510028,318749103,314058371,48510028,314058371,311305487,48510028,311305487,
	云南省宣威市	343820560,343820560,343606697,343606697,346568982,346568982,322304369,322304369,321888337,321888337,319483049,319483049,318469856,318469856,316425565,316425565,52127140,52127140,314680136,314680136,
互联网	飞行鱼	43470339,43470339,289102055,289102055,269341575,269341575,267782048,267782048,296401528,296401528,275241454,275241454,288686626,288686626,21086211,21086211,35101986,35101986,268979915,268979915,
科研	飞奔的豆浆	
	海的女儿	
金融	北京	324787890,324787890,347919479,347919479,343761171,343761171,298787009,298787009,298625808,298625808,54621658,54621658,264963052,264963052,265065807,265065807,59425923,59425923,58225198,58225198,
	知乎日报	344468000,48510028,344468000,340486237,48510028,340486237,323024015,48510028,323024015,
咨询分析	密克罗尼西亚联邦	338435129,48509984,338435129,336684809,48509984,336684809,275889588,48509984,275889588,325312976,48509984,325312976,268634367,48509984,268634367,29863394,48509984,29863394,277723711,48509984,277723711,310670470,48509984,310670470,305685211,48509984,305685211,304430263,48509984,304430263,
	
	尹少侠	324121374,324121374,38820076,38820076,68313433,68313433,268860612,268860612,265211906,265211906,56403253,56403253,20731817,20731817,34534579,34534579,52231322,52231322,55698932,55698932,
电子游戏	上海	348540963,48510028,348540963,22243039,48510028,22243039,350463936,48510028,350463936,350920889,48510028,350920889,350162606,48510028,350162606,348422772,48510028,348422772,349334280,48510028,349334280,350265810,48510028,350265810,349328758,48510028,349328758,350079196,48510028,350079196,
互联网	杭州	
金融	北京	352030125,352030125,316972557,316972557,350450618,350450618,351865300,351865300,321877345,321877345,299240782,299240782,351321487,351321487,351747235,351747235,27520782,27520782,51956694,51956694,
	天津	35682635,35682635,67248144,67248144,286123654,286123654,55197265,55197265,266410434,266410434,319072759,319072759,24075060,24075060,24553171,24553171,53077770,53077770,320814886,320814886,
	知乎动画	36185505,48510028,36185505,
互联网	北京	268906846,268906846,37093088,37093088,27795378,27795378,25002177,25002177,22924312,22924312,21651764,21651764,21360668,21360668,20301255,20301255,20875150,20875150,20886632,20886632,
互联网	杭州	290727512,290727512,31640744,31640744,58622691,58622691,339829770,339829770,308141648,308141648,41945609,41945609,20728931,20728931,33577743,33577743,340745057,340745057,29257755,29257755,
	
	
互联网	成都	310737802,310737802,300603515,300603515,36435092,36435092,282499675,282499675,64264288,64264288,
电子商务	杭州	294620715,294620715,40208149,40208149,22791319,22791319,271431909,271431909,56693459,56693459,264398814,264398814,269455526,269455526,283190015,283190015,53223800,53223800,274181549,274181549,
互联网	北京	351312949,351312949,290410827,290410827,351031937,351031937,337986875,337986875,350484084,350484084,347272172,347272172,351077204,351077204,339405132,339405132,351018078,351018078,350379767,350379767,
航天	博士	350239192,48510028,350239192,348515819,48510028,348515819,346156769,48510028,346156769,345124567,48510028,345124567,344795065,48510028,344795065,58685923,48510028,58685923,20211044,48510028,20211044,339689775,48510028,339689775,39026888,48510028,39026888,336121480,48510028,336121480,
互联网	北京	
互联网	上海	352228356,48510028,352228356,346753389,48510028,346753389,295719685,48510028,295719685,334192235,48510028,334192235,36125960,48510028,36125960,291514185,48510028,291514185,320747168,48510028,320747168,320837975,48510028,320837975,320524071,48510028,320524071,315468774,48510028,315468774,
出版业	戎翟	27394907,27394907,335061264,335061264,59770900,59770900,318145933,318145933,318225398,318225398,318266958,318266958,315698076,315698076,311591095,311591095,311653675,311653675,309675491,309675491,
临床医疗	夏越	40985905,40985905,28496935,28496935,36196891,36196891,35995236,35995236,36658582,36658582,36729572,36729572,36777102,36777102,36774896,36774896,36775834,36775834,36773927,36773927,
资本投资	加拿大	266090769,266090769,48039735,48039735,35414364,35414364,281637180,281637180,47347953,47347953,19799979,19799979,22478049,22478049,31311463,31311463,22790970,22790970,50821488,50821488,
	上海	348067123,48510028,348067123,348029595,48510028,348029595,29307711,48510028,29307711,343550429,48510028,343550429,31075547,48510028,31075547,341908130,48510028,341908130,333842680,48510028,333842680,57983245,48510028,57983245,20684905,48510028,20684905,337694970,48510028,337694970,
咨询分析	做一个有趣的微信公众号，回答过很多人的困惑。	29890992,29890992,23823581,23823581,67415419,67415419,333686458,333686458,28330907,28330907,311752133,311752133,319623946,319623946,281756338,281756338,35028111,35028111,20875474,20875474,
	下厨房	326445097,48510028,326445097,32115152,48510028,32115152,278287649,48510028,278287649,31406669,48510028,31406669,323224299,48510028,323224299,326372480,48510028,326372480,24823775,48510028,24823775,38623006,48510028,38623006,33479288,48510028,33479288,324777411,48510028,324777411,
军火	重庆	333199024,333199024,348639185,348639185,36219939,36219939,66505321,66505321,343848228,343848228,28193446,28193446,303822684,303822684,340283710,340283710,26828917,26828917,336035791,336035791,
	徐小平	31279021,31279021,31613296,31613296,19601924,19601924,26898029,26898029,20779850,20779850,19590885,19590885,20346829,20346829,20327846,20327846,19979928,19979928,20034295,20034295,
政府	济南	294222138,294222138,277455168,277455168,31737565,31737565,23883149,23883149,282065980,282065980,268128492,268128492,278602036,278602036,54659353,54659353,330146668,330146668,326045278,326045278,
临床医疗	成都高新区	351160519,351160519,347132021,347132021,347205573,347205573,344356880,344356880,343889083,343889083,344420346,344420346,341949268,341949268,319477865,319477865,337708585,337708585,336603493,336603493,
	赵劼	350378362,350378362,346422364,346422364,346395080,346395080,326781498,326781498,326967480,326967480,309386443,309386443,302960299,302960299,301743373,301743373,297081851,297081851,292416754,292416754,
金融	美国	50270244,50270244,63580324,63580324,57407359,57407359,55178091,55178091,
高等教育	上海	352195470,352195470,351947340,351947340,311020383,311020383,350945194,350945194,280952027,280952027,27964933,27964933,349703492,349703492,278172144,278172144,347991702,347991702,343016096,343016096,
科研	北京市	346714014,346714014,27840313,27840313,341518145,341518145,337251486,337251486,334445935,334445935,321603118,321603118,315558251,315558251,309386443,309386443,26822508,26822508,66182781,66182781,
	上海	
临床医疗	杭州	
	成都市	315141525,315141525,311338984,311338984,311780938,311780938,313256451,313256451,313319804,313319804,60190425,60190425,58346228,58346228,28977460,28977460,28246054,28246054,28988969,28988969,
科研	美国	339630436,339630436,326157416,326157416,312332343,312332343,310017212,310017212,302310433,302310433,310353421,310353421,308809550,308809550,299184167,299184167,294847627,294847627,286619877,286619877,
	北京大学	20235903,20235903,335497837,335497837,24806325,24806325,335134154,335134154,40493539,40493539,269765858,269765858,58958436,58958436,266487213,266487213,266953311,266953311,267590602,267590602,
餐饮	美食作家王刚	311111583,311111583,20741049,20741049,22806345,22806345,21952344,21952344,265436768,265436768,286372417,286372417,279102908,279102908,27353159,27353159,
	琪琪	66299407,66299407,
	成都市	28484672,28484672,
电子游戏	东京	297104823,297104823,267988071,267988071,
机械设备	美国	
	北京	352231492,48510028,352231492,298890631,48510028,298890631,351029003,48510028,351029003,47837871,48510028,47837871,345461167,48510028,345461167,347947112,48510028,347947112,322648729,48510028,322648729,345313028,48510028,345313028,344635378,48510028,344635378,344632668,48510028,344632668,
民用航空业	钟绿	54842132,54842132,349275910,349275910,329056193,329056193,333864736,333864736,294213474,294213474,292443025,292443025,291637565,291637565,299256126,299256126,349137921,349137921,346204250,346204250,
	
	十二	39148344,39148344,22852816,22852816,267782048,267782048,
服装业		349781196,349781196,349698023,349698023,341382961,341382961,58071459,58071459,336083013,336083013,335256830,335256830,286210448,286210448,268450915,268450915,35685183,35685183,274725158,274725158,
咨询分析	萧叶	
	University of Toronto	
高等教育	加拿大	350215777,48510028,350215777,339126201,48510028,339126201,340878015,48510028,340878015,339266482,48510028,339266482,340486237,48510028,340486237,340134550,48510028,340134550,336811839,48510028,336811839,339165323,48510028,339165323,337520035,48510028,337520035,334806759,48510028,334806759,
市场推广	德国	345606113,345606113,351784007,351784007,351215416,351215416,350350074,350350074,349921806,349921806,346443692,346443692,348051636,348051636,346965791,346965791,346764551,346764551,298933804,298933804,
	慕课网	27874103,48510028,27874103,25039418,48510028,25039418,33578075,48510028,33578075,63152623,48510028,63152623,300650155,48510028,300650155,277800597,48510028,277800597,26947538,48510028,26947538,40527320,48510028,40527320,32048560,48510028,32048560,24192778,48510028,24192778,
科研		34085055,48510028,34085055,57800187,48510028,57800187,54661095,48510028,54661095,54644506,48510028,54644506,20126279,48510028,20126279,20580086,48510028,20580086,48214468,48510028,48214468,28460254,48510028,28460254,35931336,48510028,35931336,31502715,48510028,31502715,
互联网	北京	286019486,48510028,286019486,285222414,48510028,285222414,350675490,48510028,350675490,55609974,48510028,55609974,347745552,48510028,347745552,32333983,48510028,32333983,24767448,48510028,24767448,326489169,48510028,326489169,23073656,48510028,23073656,324322635,48510028,324322635,
制药		45499323,45499323,350847077,350847077,350927202,350927202,350639419,350639419,348472784,348472784,348387900,348387900,346785643,346785643,346128520,346128520,344431586,344431586,341317098,341317098,
高等教育	北京	335692352,48509984,335692352,337831563,48509984,337831563,320378915,48509984,320378915,335031050,48509984,335031050,321350020,48509984,321350020,286845638,48509984,286845638,24038880,48509984,24038880,67313289,48509984,67313289,303253626,48509984,303253626,303543686,48509984,303543686,
计算机硬件	上海	348237008,48509984,348237008,28377375,48509984,28377375,61001573,48509984,61001573,349788615,48509984,349788615,338215845,48509984,338215845,21981280,48509984,21981280,341311909,48509984,341311909,338039138,48509984,338039138,21672895,48509984,21672895,329859138,48509984,329859138,
	网易看客	329692400,48510028,329692400,320784313,48510028,320784313,340882059,48510028,340882059,31937124,48510028,31937124,40378429,48510028,40378429,345031012,48510028,345031012,308558976,48510028,308558976,283049200,48510028,283049200,19683263,48510028,19683263,339253435,48510028,339253435,
	北京	328103041,48510028,328103041,321773825,48510028,321773825,312784161,48510028,312784161,38827553,48510028,38827553,56477060,48510028,56477060,265637604,48510028,265637604,277083681,48510028,277083681,36142964,48510028,36142964,51459956,48510028,51459956,39655593,48510028,39655593,
民用航空业	普渡大学 (Purdue University)	351948626,351948626,345317997,345317997,335219025,335219025,36961826,36961826,329964983,329964983,21248688,21248688,320757143,320757143,61108099,61108099,299270214,299270214,312733243,312733243,
	慢火车阅读	303827708,303827708,295124584,295124584,33492765,33492765,56464818,56464818,20589740,20589740,338891631,338891631,38585483,38585483,22773525,22773525,57479753,57479753,304157314,304157314,
临床医疗	北京	62681154,48510028,62681154,338977060,48510028,338977060,343862428,48510028,343862428,346343669,48510028,346343669,340923924,48510028,340923924,345806146,48510028,345806146,345105751,48510028,345105751,342453466,48510028,342453466,344435660,48510028,344435660,343085338,48510028,343085338,
科研	日本	351766115,48509984,351766115,348029701,48509984,348029701,352077900,48509984,352077900,352082410,48509984,352082410,350654168,48509984,350654168,349697452,48509984,349697452,347913431,48509984,347913431,344795065,48509984,344795065,344557158,48509984,344557158,319997919,48509984,319997919,
	美国	325519662,48510028,325519662,40502804,48510028,40502804,26156622,48510028,26156622,292673123,48510028,292673123,295258140,48510028,295258140,62954760,48510028,62954760,340726779,48510028,340726779,312747301,48510028,312747301,22739293,48510028,22739293,59984374,48510028,59984374,
医疗服务	北京	20270565,20270565,311405253,311405253,311231959,311231959,303244449,303244449,303327244,303327244,305242427,305242427,306863002,306863002,306865649,306865649,62493383,62493383,288950475,288950475,
互联网	上海	
	北京	21552953,48509984,21552953,19929609,48509984,19929609,21872457,48509984,21872457,49681481,48509984,49681481,22999912,48509984,22999912,26166417,48509984,26166417,41993364,48509984,41993364,34864740,48509984,34864740,21443455,48509984,21443455,32164316,48509984,32164316,
	晨晨	339751998,339751998,21867866,21867866,19563517,19563517,35816238,35816238,273733847,273733847,37088078,37088078,42330433,42330433,56358724,56358724,25914780,25914780,41770893,41770893,
互联网	伦敦市（City of London）	350893744,48510028,350893744,350675490,48510028,350675490,348247446,48510028,348247446,346740833,48510028,346740833,347672970,48510028,347672970,345995399,48510028,345995399,344754554,48510028,344754554,344397424,48510028,344397424,344072428,48510028,344072428,343489112,48510028,343489112,
市场推广	北京	307236773,48510028,307236773,319035949,48510028,319035949,337241381,48510028,337241381,344326630,48510028,344326630,333685511,48510028,333685511,31781807,48510028,31781807,340810964,48510028,340810964,340703902,48510028,340703902,29095100,57604808,338682247,48510028,338682247,278317464,48510028,278317464,
	Minamoto	351934904,351934904,33303537,33303537,351747235,351747235,312698714,312698714,347813497,347813497,281836563,281836563,350460062,350460062,347550597,347550597,350091798,350091798,349599078,349599078,
	吱吱	51287779,51287779,39792267,39792267,26768751,26768751,
渔业	郑州市	345228155,345228155,348957764,348957764,30909236,30909236,341689791,341689791,342318692,342318692,31781807,31781807,340296172,340296172,343396211,343396211,332761242,332761242,341365918,341365918,
科研	上海	349548263,48509984,349548263,347506090,48509984,347506090,348029779,48509984,348029779,348029701,48509984,348029701,345588920,48509984,345588920,341332308,48509984,341332308,344473522,48509984,344473522,344156081,48509984,344156081,343550429,48509984,343550429,333237116,48509984,333237116,
互联网		348083626,348083626,300735799,300735799,337705559,337705559,337536371,337536371,337491873,337491873,337352991,337352991,333282749,333282749,331909470,331909470,327826314,327826314,327541260,327541260,
教育	蒙特利尔 (Montréal)	27029591,48509984,27029591,302136323,48509984,302136323,334508872,48509984,334508872,336145296,48509984,336145296,46246458,48509984,46246458,330129566,48509984,330129566,308133151,48509984,308133151,36289510,48509984,36289510,39090486,48509984,39090486,321946554,48509984,321946554,
互联网	上海	338033916,338033916,352206132,352206132,352405724,352405724,36974407,36974407,352018211,352018211,42721035,42721035,351787265,351787265,349157980,349157980,351948626,351948626,336084702,336084702,
咨询分析	北京	352080473,352080473,351109942,351109942,348970353,348970353,350614145,350614145,350786596,350786596,350529757,350529757,349998035,349998035,343191468,343191468,348370059,348370059,344339517,344339517,
互联网	北京	328480314,328480314,275309881,275309881,329023889,329023889,330858390,330858390,329848902,329848902,329711899,329711899,328909615,328909615,328633610,328633610,271739815,271739815,319177878,319177878,
互联网	北京	20682291,20682291,20775943,20775943,20759605,20759605,20757073,20757073,20750319,20750319,20674972,20674972,19605152,19605152,19560521,19560521,19700965,19700965,20695630,20695630,
非营利组织		338487298,338487298,333199024,333199024,314602619,314602619,314432038,314432038,293612796,293612796,276501675,276501675,277750717,277750717,268152753,268152753,265693578,265693578,39429123,39429123,
	成都	333220171,333220171,34256048,34256048,339513780,339513780,347010460,347010460,344923661,344923661,346204250,346204250,335219025,335219025,337581638,337581638,311582112,311582112,335256830,335256830,
科研	基辅	352616593,352616593,352585765,352585765,352598131,352598131,352605720,352605720,352612318,352612318,352590243,352590243,352605505,352605505,352570644,352570644,352579017,352579017,352513941,352513941,
	德国	38609272,38609272,29029874,29029874,23466934,23466934,26157254,26157254,23391925,23391925,25556051,25556051,
临床医疗	北京	326341014,48510028,326341014,320601080,48510028,320601080,319408284,48510028,319408284,319356601,48510028,319356601,317047165,48510028,317047165,317037382,48510028,317037382,313197160,48510028,313197160,39442988,48510028,39442988,67568497,48510028,67568497,67229386,48510028,67229386,
医疗服务	海淀区	316097668,316097668,316174756,316174756,316144426,316144426,316496835,316496835,316631621,316631621,316741889,316741889,314877822,314877822,314048674,314048674,313222579,313222579,313403423,313403423,
法律	北京市	352031561,48510028,352031561,350483138,48510028,350483138,330521299,48510028,330521299,347760397,48510028,347760397,315465629,48510028,315465629,337880710,48510028,337880710,347487439,48510028,347487439,344810129,48510028,344810129,343307063,48510028,343307063,340197304,48510028,340197304,

	大明慈父朱洪武	316051593,316051593,317199327,317199327,269641909,312597531,312597531,306047842,306047842,20481813,20481813,20636673,20636673,303188259,303188259,300528748,300528748,54582944,54582944,267089040,267089040,
金融	知乎用户	
创意艺术	福州	49160461,49160461,26450555,26450555,
高等教育	上海	19610070,48510028,19610070,348029701,48510028,348029701,23900793,48510028,23900793,62917161,48510028,62917161,324170774,48510028,324170774,320315126,48510028,320315126,318650572,48510028,318650572,41840822,48510028,41840822,67829019,48510028,67829019,67817600,48510028,67817600,
互联网	北京	346801183,346801183,27286682,27286682,285854519,285854519,280469393,280469393,287086780,287086780,283670451,283670451,280107648,280107648,271189004,271189004,270359083,270359083,269575910,269575910,
互联网	北京市	325430383,48510028,325430383,26049547,48510028,26049547,343407669,48510028,343407669,265259044,48510028,265259044,48618004,48510028,48618004,344842656,48510028,344842656,288086121,48510028,288086121,68221670,48510028,68221670,339266482,48510028,339266482,303460311,48510028,303460311,
互联网	China	315425371,315425371,348029701,348029701,282554585,282554585,20362792,20362792,31930926,31930926,287762220,287762220,47196497,47196497,326216174,326216174,316024645,316024645,309386443,309386443,
	武汉大学	343969834,343969834,338925236,338925236,315037970,315037970,22246578,22246578,23774867,23774867,
	
	盐选推荐	23830176,48510028,23830176,307959368,48510028,307959368,321199799,48510028,321199799,43128864,48510028,43128864,345589253,48510028,345589253,20288517,48510028,20288517,347334622,48510028,347334622,306841725,48510028,306841725,27292056,48510028,27292056,277221676,48510028,277221676,
	
互联网	北京	351725547,351725547,349942003,349942003,350809415,350809415,350079196,350079196,350550051,350550051,350243609,350243609,345301305,345301305,334508011,334508011,345317655,345317655,346415171,346415171,
高等教育	广州芭蕾舞团	308893412,48510028,308893412,298341204,48510028,298341204,296926453,48510028,296926453,277061121,48510028,277061121,264235730,48510028,264235730,263464353,48510028,263464353,68057147,48510028,68057147,35178614,48510028,35178614,64737169,48510028,64737169,64411148,48510028,64411148,
	青翎	337662152,337662152,333660301,333660301,313039353,313039353,19931695,19931695,310182162,310182162,304606956,304606956,24708380,24708380,288871639,288871639,55713227,55713227,290981806,290981806,
科研	重庆	348557383,348557383,61920096,61920096,266090769,266090769,336697038,336697038,335650927,335650927,333483446,333483446,305507128,305507128,310512031,310512031,310650835,310650835,310255903,310255903,
	Nature自然科研	351859700,48510028,351859700,352209529,48510028,352209529,343550429,48510028,343550429,349665617,48510028,349665617,348424443,48510028,348424443,345628210,48510028,345628210,345467073,48510028,345467073,344039567,48510028,344039567,341336919,48510028,341336919,339138223,48510028,339138223,
	网络安全	285653779,48509984,285653779,59765277,48509984,59765277,41233342,48509984,41233342,48617855,48509984,48617855,19575248,48509984,19575248,40820305,48509984,40820305,39139558,48509984,39139558,40140393,48509984,40140393,36685866,48509984,36685866,35746231,48509984,35746231,
服装业	深圳市	61824705,61824705,349025160,349025160,26607864,26607864,350346859,350346859,299641596,299641596,349898069,349898069,348142272,348142272,349598228,349598228,349482593,349482593,38804779,38804779,
	北京	27872660,27872660,307000326,307000326,264907372,264907372,63927492,63927492,266645318,266645318,35713301,35713301,53487942,53487942,56551627,56551627,
	Idk Idk	297252944,297252944,296262371,296262371,267170254,267170254,279190348,279190348,268706011,268706011,263998599,263998599,35809103,35809103,64466740,64466740,22691628,22691628,22796513,22796513,
房地产	西安	282481174,282481174,267920654,267920654,266722573,266722573,266912339,266912339,21388193,21388193,
临床医疗	北京	350495618,48510028,350495618,337511683,48510028,337511683,336431847,48510028,336431847,342729323,48510028,342729323,333864736,48510028,333864736,333835519,48510028,333835519,331208702,48510028,331208702,329747135,48510028,329747135,59070934,48510028,59070934,320315968,48510028,320315968,
互联网	交互设计	41281274,41281274,24656808,24656808,52406940,52406940,22347626,22347626,26597391,26597391,36255080,36255080,25443917,25443917,22055721,22055721,31409636,31409636,26809506,26809506,
	法学	352082410,48509984,352082410,47897170,48509984,47897170,351487116,48509984,351487116,339414614,48509984,339414614,350990585,48509984,350990585,350636545,48509984,350636545,350612324,48509984,350612324,349539392,48509984,349539392,350068974,48509984,350068974,347219825,48509984,347219825,
互联网	LoveBlue	313825759,313825759,329475849,329475849,318346341,318346341,313597256,313597256,296274852,296274852,309393188,309393188,307567200,307567200,305488308,305488308,298645261,298645261,292870869,292870869,
体育健身	上海	348508659,48510028,348508659,348456802,48510028,348456802,348412287,48510028,348412287,345199894,48510028,345199894,341679919,48510028,341679919,343474432,48510028,343474432,344110017,48510028,344110017,337893197,48510028,337893197,338484750,48510028,338484750,341289874,48510028,341289874,
临床医疗	北京生活	351207376,351207376,351990157,351990157,352163098,352163098,351680331,351680331,352457789,352457789,50138641,50138641,352228356,352228356,348525970,348525970,293918466,293918466,60792245,60792245,
教育	北京	351813445,351813445,350040094,350040094,348244543,348244543,349480444,349480444,347336500,347336500,348207962,348207962,351024580,351024580,350335366,350335366,345588772,345588772,343821102,343821102,
汽车	英国	280335432,48509984,280335432,270269861,48509984,270269861,25684005,48509984,25684005,28145922,48509984,28145922,68169209,48509984,68169209,27001647,48509984,27001647,25079917,48509984,25079917,24489730,48509984,24489730,67380421,48509984,67380421,25955545,48509984,25955545,
互联网	北京	350721882,350721882,352173424,352173424,59409801,59409801,349423336,349423336,351948626,351948626,346209594,346209594,351106925,351106925,350804592,350804592,348508571,348508571,350283581,350283581,
金融	上海	67449839,67449839,67366909,67366909,66089611,66089611,65645592,65645592,37001505,37001505,65125008,65125008,64526083,64526083,36733325,31206273,31206273,61762558,61762558,34425386,34425386,
	会飞的小饼干	319952294,319952294,274765997,274765997,319260975,319260975,297451480,297451480,264398814,264398814,280641411,280641411,59825832,59825832,40778754,40778754,264683518,264683518,277141294,277141294,
	
	
临床医疗	北京高校	275860044,48510028,275860044,348029595,48510028,348029595,349705396,48510028,349705396,349548263,48510028,349548263,265259044,48510028,265259044,347699747,48510028,347699747,27867581,48510028,27867581,345435312,48510028,345435312,345385657,48510028,345385657,26766288,48510028,26766288,
互联网	上海	350940491,350940491,348882312,348882312,314235326,314235326,302064560,302064560,31937124,31937124,321084859,321084859,348007522,348007522,348315251,348315251,319637812,319637812,346152018,346152018,
特殊教育	南京	352173424,352173424,292443025,292443025,310047439,310047439,308945681,308945681,52487454,52487454,342881953,342881953,297649276,297649276,59841831,59841831,349747351,349747351,29264773,29264773,
通信	广州市白云区嘉禾望岗	
	老金	56370058,56370058,264024467,264024467,
	会计	348425463,48509984,348425463,336857426,48509984,336857426,341916833,48509984,341916833,341459240,48509984,341459240,345134285,48509984,345134285,339765877,48509984,339765877,342334247,48509984,342334247,291375084,341292461,48509984,341292461,341817684,48509984,341817684,341504796,341504796,48509984,341504796,
互联网	北京	
	巴黎（Paris）	28014556,28014556,25583089,25583089,65175797,65175797,
临床医疗	上海市	351897906,48510028,351897906,351583622,48510028,351583622,352231492,48510028,352231492,352270843,48510028,352270843,351479801,48510028,351479801,351341267,48510028,351341267,350724508,48510028,350724508,351330539,48510028,351330539,349412723,48510028,349412723,351398961,48510028,351398961,
金融	天津	
政府	上海	352173424,352173424,338381574,338381574,275605748,275605748,350072008,350072008,349698023,349698023,327749631,327749631,343685354,343685354,346724474,346724474,346054747,346054747,21032919,21032919,
互联网	鲁西西	352361530,352361530,351925201,351925201,351036370,351036370,48277578,48277578,345843084,345843084,333220171,333220171,346018179,346018179,20289916,20289916,308569664,308569664,342318692,342318692,
计算机软件	知乎用户	
		25000227,25000227,269385178,269385178,271035254,271035254,22081328,22081328,22200629,22200629,267841643,267841643,266589982,266589982,38216063,38216063,265081002,265081002,22725956,22725956,
互联网	秋葫芦	328276301,328276301,330301506,330301506,312103193,312103193,305866252,305866252,305342433,305342433,301753419,301753419,301540141,301540141,300850968,300850968,300559499,300559499,299721064,299721064,
	Ersu.w	23494054,23494054,22904313,22904313,
临床医疗	北京	350495618,350495618,349445967,349445967,335939587,335939587,333103282,333103282,49265358,49265358,342453466,342453466,344779377,344779377,343110355,343110355,344207653,344207653,344435660,344435660,
临床医疗	CEO	264077475,264077475,55762781,55762781,57281547,57281547,57292407,57292407,56548238,56548238,56608271,56608271,56380384,56380384,56273818,56273818,56026940,56026940,55737585,55737585,
法律	江西	344388143,48509984,344388143,350842645,48509984,350842645,344132998,48509984,344132998,318536957,48509984,318536957,322641955,48509984,322641955,312225634,48509984,312225634,307874119,48509984,307874119,307672076,48509984,307672076,304300578,48509984,304300578,303444379,48509984,303444379,
	云游四海	35590295,35590295,20941730,20941730,37643340,37643340,

	知乎用户	
计算机硬件	河外星系	322175199,322175199,31850351,31850351,339921555,339921555,331820380,331820380,307956882,307956882,62749917,62749917,290790103,290790103,288624650,288624650,287794450,287794450,21224146,21224146,
	西南政法大学	310612434,310612434,330502364,330502364,350484557,350484557,20938255,20938255,347792456,347792456,350111906,350111906,344173309,344173309,349046995,349046995,348082881,348082881,347575310,347575310,
人力资源	浙江省	
科研	华盛顿哥伦比亚特区（Washington, D.C.）	54035738,48510028,54035738,318595867,48510028,318595867,66558344,48510028,66558344,303761384,48510028,303761384,67606068,48510028,67606068,268390657,48510028,268390657,264686461,48510028,264686461,38921189,48510028,38921189,36527601,48510028,36527601,67241811,48510028,67241811,
艺术娱乐	City of Springs	351988650,351988650,348392595,348392595,348284652,348284652,340799506,340799506,339879955,339879955,29625120,29625120,330111371,330111371,336963792,336963792,334792404,334792404,277235954,277235954,
	
非营利组织	中国	
	一箭风雨任平生	309323393,309323393,284489916,284489916,277359307,277359307,265620419,265620419,276481621,276481621,269917077,269917077,270391664,270391664,
医疗服务	北京	351907602,351907602,352383717,352383717,347976893,347976893,343493909,343493909,343319940,343319940,343163231,343163231,342828234,342828234,342843759,342843759,342985862,342985862,342845372,342845372,
高新科技	北京	
法律	重庆	344865142,344865142,338250156,338250156,338057664,338057664,334731954,334731954,281010820,281010820,323801769,323801769,319839951,319839951,317670778,317670778,316886383,316886383,28248783,28248783,
法律		349191261,349191261,351923475,351923475,350357913,350357913,349852529,349852529,349758275,349758275,351011073,351011073,27136527,27136527,349841620,349841620,348181968,348181968,346550601,346550601,
保健	上海	286085031,48509984,286085031,328986403,48509984,328986403,328163734,48509984,328163734,327406649,48509984,327406649,19664333,48509984,19664333,304152636,48509984,304152636,21055160,48509984,21055160,300725235,48509984,300725235,21984173,48509984,21984173,298241045,48509984,298241045,
出版业	time咙咚呛	46703812,46703812,30210517,30210517,22656925,22656925,336719951,336719951,20760876,20760876,20181996,20181996,24059008,24059008,281992632,281992632,56017936,56017936,21672013,21672013,
互联网	深圳市	
	香港大学(HKU)	27593812,48510028,27593812,41435689,48510028,41435689,348541052,48510028,348541052,335226096,48510028,335226096,341127721,48510028,341127721,284091176,48510028,284091176,343283845,48510028,343283845,339206096,48510028,339206096,294915231,48510028,294915231,42304174,48510028,42304174,
高等教育	新西兰	51480314,51480314,
互联网	NLP 魔法使	282006078,282006078,275611095,275611095,274711258,274711258,278062341,278062341,277506898,277506898,20684827,20684827,277221710,277221710,265470945,265470945,58300302,58300302,276677552,276677552,53146136,
临床医疗	深圳市	
	Kristy	322851671,322851671,320287107,320287107,340321099,340321099,296688834,296688834,283213405,283213405,
	奶酪	26408197,26408197,61293031,61293031,38371080,38371080,282279461,282279461,290145779,290145779,334480205,334480205,19584237,19584237,26379660,26379660,266231149,266231149,35251600,35251600,
	帐中妖	305960498,305960498,315020696,315020696,60293884,60293884,
非营利组织	火星	
	snowwolf007cn	286326453,286326453,350602467,350602467,348181968,348181968,263984060,263984060,345607722,345607722,345564963,345564963,345016230,345016230,343932938,343932938,320935685,320935685,337290738,337290738,
	北海道	38549630,38549630,28912292,55771242,55771242,347674880,347674880,349963557,349963557,350604787,350604787,264941789,264941789,347346891,347346891,55122724,55122724,349006208,349006208,348746876,348746876,
计算机软件	新泽西	349756939,48509984,349756939,349203766,48509984,349203766,332293687,48509984,332293687,322628956,48509984,322628956,310485097,48509984,310485097,305246119,48509984,305246119,301860721,48509984,301860721,301791037,48509984,301791037,294210442,48509984,294210442,277094266,48509984,277094266,
	遥愧	21564245,21564245,
	小大夫漫画	276209671,276209671,
	厚大法硕	310186247,48510028,310186247,326492885,48510028,326492885,326108233,48510028,326108233,324699684,48510028,324699684,311872862,48510028,311872862,28164222,48510028,28164222,32675304,48510028,32675304,273617947,48510028,273617947,291956480,48510028,291956480,291602979,48510028,291602979,
	狮子座小阳光	
出版业	北京市	
临床医疗	上海	301058776,48510028,301058776,300848122,48510028,300848122,300123382,48510028,300123382,22528990,48510028,22528990,267789661,48510028,267789661,295369719,48510028,295369719,294440266,48510028,294440266,292914857,48510028,292914857,290905915,48510028,290905915,294038446,48510028,294038446,
	杭州	56358167,56358167,22737806,22737806,39917930,39917930,40213077,40213077,25271623,25271623,
科研		335397255,48510028,335397255,330671869,48510028,330671869,329794288,48510028,329794288,327550866,48510028,327550866,27703886,48510028,27703886,26789754,48510028,26789754,27454998,48510028,27454998,26452433,48510028,26452433,327998889,48510028,327998889,31639009,48510028,31639009,
	KnowYourself	290935221,48510028,290935221,319158572,48510028,319158572,347672970,48510028,347672970,51158139,48510028,51158139,21145236,48510028,21145236,349833803,48510028,349833803,349834304,48510028,349834304,349834015,48510028,349834015,52593826,48510028,52593826,324702775,48510028,324702775,
	经济学	352171277,48509984,352171277,349870265,48509984,349870265,339505458,48509984,339505458,30278622,48509984,30278622,54244634,48509984,54244634,275575256,48509984,275575256,335393307,48509984,335393307,301846636,48509984,301846636,319586111,48509984,319586111,333217804,48509984,333217804,
	阿里云云栖社区	61624754,48510028,61624754,31686950,48510028,31686950,335134067,48510028,335134067,348386359,48510028,348386359,349766655,48510028,349766655,330095153,48510028,330095153,36776619,48510028,36776619,30089968,48510028,30089968,36507081,48510028,36507081,295038449,48510028,295038449,
高等教育		315745653,48510028,315745653,333830284,48510028,333830284,321782069,48510028,321782069,313312973,48510028,313312973,288488900,48510028,288488900,313856073,48510028,313856073,309330395,48510028,309330395,278030114,48510028,278030114,306958528,48510028,306958528,297975975,48510028,297975975,
	北京	337775541,48510028,337775541,342847469,48510028,342847469,348570633,48510028,348570633,331314009,48510028,331314009,30097964,48510028,30097964,27867581,48510028,27867581,326623299,48510028,326623299,49542975,48510028,49542975,280597361,48510028,280597361,27641678,48510028,27641678,
	多说先生	322745046,322745046,346049678,346049678,316317489,316317489,349348788,349348788,307071947,307071947,35079098,35079098,333501198,333501198,329056193,329056193,314472784,314472784,347088259,347088259,
广播电视	会长	352211856,352211856,352481584,352481584,352285995,352285995,351958376,351958376,352060806,352060806,352026526,352026526,351185742,351185742,282077362,282077362,349262750,349262750,349172813,349172813,
汽车		350291032,350291032,28340072,28340072,328818853,328818853,293301621,293301621,293746477,293746477,267940106,267940106,65919234,65919234,64048498,64048498,61430387,61430387,61483844,61483844,
	北京市	52891587,48510028,52891587,
互联网	青岛	
	无穷小亮	47718490,48510028,47718490,47639925,48510028,47639925,24707923,48510028,24707923,
互联网	深圳南山区科技园	288300430,48510028,288300430,340577005,48510028,340577005,311986233,48510028,311986233,38532723,48510028,38532723,323490749,48510028,323490749,305771674,48510028,305771674,28479040,48510028,28479040,309155793,48510028,309155793,26932400,48510028,26932400,332518692,48510028,332518692,27391584,
电子游戏	西安	36196467,36196467,351835380,351835380,349385305,349385305,265885322,265885322,352231492,352231492,352047773,352047773,350631722,350631722,351725547,351725547,352085312,352085312,351976514,351976514,
计算机软件	西雅图（Seattle）	337481109,337481109,352498895,352498895,352171277,352171277,351386257,351386257,350801376,350801376,343979039,343979039,352116266,352116266,351820283,351820283,347670274,347670274,341544600,341544600,
互联网	黄海均	55267244,55267244,22726981,22726981,22081835,22081835,21791071,21791071,19566885,19566885,37675758,37675758,51311737,51311737,25546463,25546463,36984543,36984543,26109212,26109212,
互联网	上海	343670614,48509984,343670614,350875999,48509984,350875999,348223963,48509984,348223963,349694283,48509984,349694283,347870101,48509984,347870101,348038659,48509984,348038659,345751353,48509984,345751353,321856811,48509984,321856811,320167250,48509984,320167250,345035074,48509984,345035074,
高等教育	法国	31997695,48510028,31997695,351823377,48510028,351823377,27136527,48510028,27136527,20884233,48510028,20884233,23819007,48510028,23819007,268022081,48510028,268022081,349852529,48510028,349852529,350636234,48510028,350636234,349568449,48510028,349568449,30602857,48510028,30602857,
医疗服务	上海	25535997,48510028,25535997,59750519,48510028,59750519,267734074,48510028,267734074,327888873,48510028,327888873,58276101,48510028,58276101,279665681,48510028,279665681,24321386,48510028,24321386,59957721,48510028,59957721,21002317,48510028,21002317,28699455,48510028,28699455,
石油工业	知乎用户	
旅游	
创意艺术	杭州	344631318,344631318,28650262,28650262,21188965,21188965,328627075,328627075,323978808,323978808,323508531,323508531,315314860,315314860,305507128,305507128,314210261,314210261,34786516,34786516,
互联网	宁波	21480666,21480666,21183629,21183629,269429538,269429538,24648982,24648982,65037531,35931586,36144261,36144261,65037531,35931586,35931586,35931586,67960943,67960943,48469723,48469723,52236656,52236656,66580856,66580856,
	咏梅	51295667,48510028,51295667,290466921,48510028,290466921,264993590,48510028,264993590,55049839,48510028,55049839,25499211,48510028,25499211,
高等教育	南京市	350015829,48510028,350015829,293916240,48510028,293916240,276113693,48510028,276113693,269081994,48510028,269081994,266410399,48510028,266410399,266133478,48510028,266133478,265903085,48510028,265903085,25336205,48510028,25336205,265814485,48510028,265814485,265766118,48510028,265766118,
培训	Greater New York Area  \u002F 大纽约地区	341180863,341180863,20157069,347945111,347945111,348223963,348223963,300242053,300242053,346862079,346862079,318339922,318339922,57995821,57995821,347237272,347237272,347261402,347261402,20162691,347454170,347454170,
临床医疗	上海	274300927,48510028,274300927,350351013,48510028,350351013,350383254,48510028,350383254,350072008,48510028,350072008,300402295,48510028,300402295,348272484,48510028,348272484,349598228,48510028,349598228,349482593,48510028,349482593,304371286,48510028,304371286,349049820,48510028,349049820,
保健		351367430,351367430,20875187,20875187,347021092,347021092,343275456,343275456,337394861,337394861,335877616,335877616,332524172,332524172,330784726,330784726,38587067,38587067,330053774,330053774,
咨询分析	深圳市	
互联网	浮萍聊耳机	324620676,324620676,347108878,347108878,35414364,35414364,20469863,20469863,274654146,274654146,298562372,298562372,50101909,50101909,51061773,51061773,304087708,304087708,21861871,21861871,
公共服务	江苏	285582279,285582279,346774524,346774524,341749196,341749196,343273300,343273300,347744137,347744137,347826586,347826586,346845348,346845348,344974695,344974695,295437279,295437279,266485393,266485393,
政府		339414666,339414666,340162144,340162144,340120562,340120562,339198117,339198117,339553920,339553920,59697770,59697770,338245522,338245522,56181738,56181738,270451769,270451769,337174273,337174273,
银行		349598228,349598228,347631201,347631201,335130918,335130918,324396339,324396339,323420758,323420758,321381161,321381161,306974736,306974736,306307780,306307780,305937114,305937114,303420956,303420956,
	微信支付	345532987,345532987,294987093,294987093,344653850,344653850,343878497,343878497,301599751,301599751,22388144,22388144,19855176,19855176,21096980,21096980,54880764,54880764,300076904,300076904,
电子游戏	116	268229769,268229769,283614795,283614795,39245363,39245363,64210021,64210021,
	李开复	66861459,48510028,66861459,53416912,48510028,53416912,39906815,48510028,39906815,32190812,48510028,32190812,39420364,48510028,39420364,31787038,48510028,31787038,21323240,48510028,21323240,20566600,48510028,20566600,20739844,48510028,20739844,20791797,48510028,20791797,
信息传媒	卑鄙的我	328457531,328457531,312858530,312858530,57167569,57167569,
出版业	北京	351487116,351487116,351515685,351515685,333864736,333864736,351029740,351029740,307986883,307986883,349929223,349929223,350399058,350399058,349025585,349025585,23391170,23391170,340031416,340031416,
	丁香医生	352173424,48510028,352173424,22464016,48510028,22464016,28122777,48510028,28122777,351752346,48510028,351752346,265147990,48510028,265147990,24868333,48510028,24868333,20699792,48510028,20699792,293238750,48510028,293238750,31161293,48510028,31161293,29366882,48510028,29366882,
军火	宁南山	64149907,64149907,61953504,61953504,60022098,60022098,26864519,26864519,23799890,23799890,53551484,53551484,38708083,38708083,57574747,57574747,58615347,58615347,33241584,58601026,58601026,
	赵浩均	300996308,300996308,306687386,306687386,303893970,303893970,302224468,302224468,285989317,285989317,294200448,294200448,301459876,301459876,300656169,300656169,58846658,58846658,
培训	北京	22148530,22148530,20244284,20244284,19550362,19550362,37298981,37298981,20668955,20668955,31651946,31651946,21601681,21601681,20107558,20107558,
制造加工	东莞	
法律	清华大学	338978365,338978365,25559019,25559019,29183631,29183631,327612091,327612091,324322635,324322635,40757744,40757744,22293427,22293427,30293404,30293404,305507128,305507128,288622510,288622510,
	上海	280651361,48509984,280651361,47581654,48509984,47581654,307263436,48509984,307263436,333436260,48509984,333436260,68480751,48509984,68480751,50895523,48509984,50895523,323763825,48509984,323763825,322844188,48509984,322844188,296753623,48509984,296753623,19866749,48509984,19866749,
	豆瓣阅读	327421935,48510028,327421935,54206501,48510028,54206501,308870489,48510028,308870489,55691963,48510028,55691963,29174460,48510028,29174460,334390853,48510028,334390853,338188244,48510028,338188244,333955969,48510028,333955969,340429771,48510028,340429771,338930063,48510028,338930063,
互联网	西雅图（Seattle）	318961707,48509984,318961707,28924917,48509984,28924917,280287021,48509984,280287021,20025857,48509984,20025857,28060171,48509984,28060171,295132819,48509984,295132819,280360266,48509984,280360266,58687289,48509984,58687289,270650045,48509984,270650045,268266881,48509984,268266881,
	刘金辉	351033360,351033360,343367406,343367406,37292417,37292417,27074797,27074797,
科研	北京	338117667,338117667,282157161,282157161,304133330,304133330,276620696,276620696,61003967,61003967,57135026,57135026,57068854,57068854,41945801,41945801,49200916,49200916,39907480,39907480,
银行	贵州	38856276,38856276,34588304,34588304,19668573,19668573,
	杜蕾斯	273982054,48510028,273982054,31124548,48510028,31124548,320864223,48510028,320864223,24560066,48510028,24560066,331830864,48510028,331830864,22773968,48510028,22773968,301884603,48510028,301884603,314617726,48510028,314617726,280272233,48510028,280272233,302006156,48510028,302006156,
高等教育	北京	334381753,48510028,334381753,351831750,48510028,351831750,351903401,48510028,351903401,351706847,48510028,351706847,346057428,48510028,346057428,349906386,48510028,349906386,319207240,48510028,319207240,348127678,48510028,348127678,28987052,48510028,28987052,53318666,48510028,53318666,
互联网	上海	351794155,351794155,351859603,351859603,337090932,337090932,351249318,351249318,349146314,349146314,349852529,349852529,348859803,348859803,350931231,350931231,299686758,299686758,350068974,350068974,
	半吊子先生	350557435,350557435,341489980,341489980,347460099,347460099,28611994,28611994,28612939,28612939,
	圣斗士、希腊神话的雅典娜粉，世界各地神话爱好者	351430089,351430089,351081095,351081095,348329994,348329994,347782033,347782033,347099444,347099444,344485267,344485267,344329070,344329070,341000877,341000877,340786259,340786259,340612602,340612602,
37793653,37793653,
互联网	北京	345983237,48509984,345983237,332459884,48509984,332459884,343968334,48509984,343968334,338484877,48509984,338484877,343583371,48509984,343583371,342009289,48509984,342009289,341356587,48509984,341356587,307320425,48509984,307320425,330292476,48509984,330292476,294224642,48509984,294224642,
	Victoria	63860375,63860375,63871436,63871436,63883258,63883258,55459187,55459187,51047968,51047968,54976915,54976915,54864063,54864063,54807605,54807605,54503408,54503408,54210769,54210769,
	Elena	279478300,279478300,264956816,264956816,
	精读君	284519710,48510028,284519710,
旅游	孟德尔	352451632,48509984,352451632,343686349,48509984,343686349,352382723,48509984,352382723,351829502,48509984,351829502,352327345,48509984,352327345,351615531,48509984,351615531,40530742,48509984,40530742,351676519,48509984,351676519,312102198,48509984,312102198,339537131,48509984,339537131,
	RDJY	347662624,347662624,39540782,39540782,349716091,349716091,348610272,348610272,349220228,349220228,348943411,348943411,321006607,321006607,349092597,349092597,345785823,345785823,348893987,348893987,
教育	老师	351738195,351738195,35716337,35716337,345606113,345606113,345589253,345589253,299203094,299203094,348783386,348783386,344208928,344208928,350713775,350713775,350822572,350822572,348740354,348740354,
	英国	39996448,39996448,63555308,63555308,32210359,32210359,55454723,55454723,52533563,52533563,47410135,47410135,49266846,49266846,44188299,44188299,35337595,35337595,39122850,33593693,33593693,41241623,
科研	携爱同行	264816552,264816552,264716511,264716511,264736083,264736083,264485956,264485956,264493957,264493957,264507983,264507983,264364989,264364989,264289781,264289781,264222715,264222715,264253606,264253606,
政府	上海	58488687,58488687,56957544,56957544,52116246,52116246,56536516,56536516,56463579,56463579,56479529,56479529,52433709,52433709,36457051,36457051,46808784,46808784,46477180,46477180,
咨询分析	悉尼	350126182,48510028,350126182,20119015,48510028,20119015,350336215,48510028,350336215,25385811,48510028,25385811,349049820,48510028,349049820,346949677,48510028,346949677,344156081,48510028,344156081,343202978,48510028,343202978,341976823,48510028,341976823,340948233,48510028,340948233,
计算机硬件	JoJo王颀	51983311,51983311,312596190,312596190,19719224,19719224,313080840,313080840,297975975,297975975,303363551,303363551,296894584,296894584,301891579,301891579,301095266,301095266,36031044,36031044,
银行	北京	334574936,334574936,331205681,331205681,320344434,320344434,277319278,277319278,324330566,324330566,300469985,300469985,329919706,329919706,48973798,48973798,328632679,328632679,328728440,328728440,
临床医疗		
	不告诉你	348084838,348084838,276486576,276486576,40039062,40039062,316499640,316499640,25105601,25105601,351976514,351976514,346690458,346690458,347674880,347674880,351608375,351608375,27459453,27459453,
高等教育		
计算机硬件		
高等教育	Chapel Hill	
	神经病不是神经病	343923825,343923825,345186036,345186036,332578083,332578083,318651702,318651702,316979063,316979063,328754692,328754692,320816479,320816479,324894309,324894309,316900237,316900237,309979362,309979362,
	小牛哥哥	349971213,349971213,277206344,277206344,350068777,350068777,348125918,348125918,347838233,347838233,349630467,349630467,264957009,264957009,346938166,346938166,345105850,345105850,46483002,46483002,
	安妮	306207111,306207111,28460608,28460608,276543399,276543399,51416230,51416230,51873093,51873093,
	[已重置]	19673304,19673304,20291917,20291917,19773118,19773118,19870145,19870145,19862618,19862618,
