
图书馆		348997776,348997776,351105515,351105515,349763770,349763770,348582970,348582970,351200081,351200081,349936363,349936363,339473990,339473990,334282916,334282916,348115174,348115174,284621059,284621059,
特殊教育		277810463,277810463,276488630,276488630,51961786,51961786,275433741,275433741,48268466,48268466,65273116,65273116,270858386,270858386,271022199,271022199,276052326,276052326,26985993,26985993,
信息传媒	辽宁省沈阳市浑南二路6-11号1-20-3	345603750,345603750,61105715,61105715,36882741,36882741,36255080,36255080,30188857,30188857,348928826,348928826,20784862,20784862,322629930,322629930,41091310,41091310,21016383,21016383,
教育	北京	40668735,40668735,39004841,39004841,29601329,29601329,27331431,27331431,23483842,23483842,24670941,24670941,27897924,27897924,26908009,26908009,23312988,23312988,23079663,23079663,
信息传媒	上海	23415480,23415480,284414564,284414564,283946678,283946678,265895347,265895347,281395658,281395658,282186513,282186513,282331322,282331322,282683608,282683608,272102737,272102737,281637180,281637180,
互联网		
互联网	Azeroth	
证券投资	北京	29355263,48510028,29355263,287792506,48510028,287792506,290031370,48510028,290031370,288962430,48510028,288962430,28793652,48510028,28793652,53768802,48510028,53768802,39991737,48510028,39991737,267316059,48510028,267316059,285615835,48510028,285615835,276584426,48510028,276584426,
电子游戏	上海	296598731,296598731,348770469,348770469,347250899,347250899,346238983,346238983,309687404,309687404,343824912,343824912,342412592,342412592,339296584,339296584,338483592,338483592,338528021,338528021,
互联网	黄猫	303539827,303539827,281179300,281179300,21901731,21901731,22082457,22082457,20337411,20337411,20454315,20454315,27739717,27739717,24674958,24674958,20398841,20398841,19764746,19764746,
	野兽生活研究所	298554796,48510028,298554796,44945488,48510028,44945488,30634846,48510028,30634846,311294946,48510028,311294946,19645610,48510028,19645610,303672817,48510028,303672817,311297911,48510028,311297911,19797264,48510028,19797264,314637527,48510028,314637527,297324329,48510028,297324329,
	混沌大学	20281460,48510028,20281460,22818974,48510028,22818974,321219463,48510028,321219463,19727047,48510028,19727047,318657727,48510028,318657727,321317538,48510028,321317538,306249128,48510028,306249128,23524562,48510028,23524562,19551084,48510028,19551084,21733358,48510028,21733358,
	知乎用户	
	连乔	65437198,65437198,65098412,65098412,19777893,19777893,43304486,43304486,55318807,55318807,54682122,54682122,54217494,54217494,23553795,23553795,53832840,53832840,53373794,53373794,
政府		40183780,40183780,342521941,342521941,299806452,299806452,285292342,285292342,278784992,278784992,29295145,29295145,64793823,64793823,65225280,65225280,65225280,64488498,64488498,62309279,62309279,

电子游戏	永州	352361530,352361530,350706759,350706759,335183322,335183322,352173424,352173424,352116978,352116978,352076986,352076986,351900452,351900452,350868589,350868589,351525979,351525979,351508151,351508151,
职业教育	上海	24399025,24399025,63178949,63178949,324250123,324250123,323441147,323441147,317702983,317702983,318937234,318937234,22267300,22267300,323459753,323459753,320563730,320563730,22187212,22187212,
互联网		
	
互联网	北京	325274459,325274459,270791770,270791770,65876077,65876077,63550626,63550626,62261547,62261547,59972983,59972983,60061615,60061615,29989174,29989174,19555837,19555837,52293685,52293685,
餐饮	四川	352231492,352231492,352143972,352143972,351190633,351190633,302479879,302479879,339489489,339489489,348508571,348508571,350823185,350823185,350336215,350336215,349022103,349022103,343141235,343141235,
	roaR	
食品饮料业	上海	21738443,48510028,21738443,343850790,48510028,343850790,344865142,48510028,344865142,344788683,48510028,344788683,342272475,48510028,342272475,338376650,48510028,338376650,336253512,48510028,336253512,333463946,48510028,333463946,323400514,48510028,323400514,321107584,48510028,321107584,
	云米全屋互联网家电	59390509,48510028,59390509,275630227,48510028,275630227,326312782,48510028,326312782,319714678,48510028,319714678,315826165,48510028,315826165,274148333,48510028,274148333,326778298,48510028,326778298,
	知乎用户	
互联网	北京	350509755,350509755,345584653,345584653,348270901,348270901,273897897,273897897,21297871,21297871,337652398,337652398,337128929,337128929,334701029,334701029,333812385,333812385,331574579,331574579,

科研	少司命	346999432,48510028,346999432,291597382,48510028,291597382,52579481,48510028,52579481,338619329,48510028,338619329,334681627,48510028,334681627,332903563,48510028,332903563,268218579,48510028,268218579,332837918,48510028,332837918,329510875,48510028,329510875,301668691,48510028,301668691,
互联网	北京	350675490,350675490,350030635,350030635,322801304,322801304,318242719,318242719,312461744,312461744,299970574,299970574,21105795,21105795,21606264,21606264,298780005,298780005,296975344,296975344,
政府	北京	351122226,351122226,352080473,352080473,318850670,318850670,51657224,51657224,23713916,23713916,350711751,350711751,39369539,39369539,346817505,346817505,301768678,301768678,348773626,348773626,
互联网	北京	59156172,59156172,37030799,37030799,50614384,50614384,25285786,25285786,21149815,21149815,47908832,47908832,24572110,41330677,41330677,41322180,41322180,41238266,41238266,41213792,41213792,
艺术娱乐	上海	351145503,48509984,351145503,28247984,48509984,28247984,350126182,48509984,350126182,322990786,48509984,322990786,348181962,48509984,348181962,347358765,48509984,347358765,327906843,48509984,327906843,346215062,48509984,346215062,317516405,48509984,317516405,345293594,48509984,345293594,
	悟道	343052572,343052572,344891586,344891586,341397173,341397173,335365056,335365056,344881714,344881714,338787598,338787598,
资本投资	北京	351122226,351122226,265660805,265660805,351470445,351470445,351074765,351074765,349942003,349942003,350605172,350605172,350113338,350113338,343995371,343995371,349998035,349998035,349712935,349712935,
	除以一	299038204,299038204,34504406,34504406,30499188,30499188,40190886,40190886,268450915,268450915,29233978,29233978,61917117,61917117,53527823,53527823,263880060,263880060,30411711,30411711,
创意艺术	深圳市	346827077,346827077,346965791,346965791,264213676,264213676,306036087,306036087,309460482,309460482,327413818,327413818,22227462,22227462,322450073,322450073,41523327,41523327,36508400,36508400,
服务业		281271203,281271203,35713301,35713301,266486155,266486155,20982901,20982901,45813597,45813597,265650396,265650396,265420516,265420516,266589825,266589825,30153982,30153982,266192035,266192035,
	
高等教育	年少不知青衫薄	326169208,326169208,329873501,329873501,327035700,327035700,324511206,324511206,
高等教育	英国	352473175,48510028,352473175,351920965,48510028,351920965,346862321,48510028,346862321,23448791,48510028,23448791,349870265,48510028,349870265,346198994,48510028,346198994,348916228,48510028,348916228,345282592,48510028,345282592,334189586,48510028,334189586,340516766,48510028,340516766,
娱乐休闲		351835459,351835459,350743643,350743643,344074998,344074998,343775372,343775372,343245891,343245891,342539481,342539481,339944846,339944846,341473529,341473529,341253566,341253566,64098717,64098717,
机械设备	上海	351110533,48510028,351110533,347495742,48510028,347495742,39782227,48510028,39782227,306237048,48510028,306237048,307567200,48510028,307567200,302951061,48510028,302951061,19849503,48510028,19849503,273646648,48510028,273646648,270958521,48510028,270958521,269724779,48510028,269724779,
保险	幼儿园闺女同班	290727512,48510028,290727512,351810026,48510028,351810026,49219767,48510028,49219767,345103139,48510028,345103139,343411933,48510028,343411933,345307809,48510028,345307809,339171032,48510028,339171032,30909236,48510028,30909236,342136337,48510028,342136337,341123957,48510028,341123957,
互联网	北京市	297726264,48509984,297726264,339495165,48509984,339495165,302242038,48509984,302242038,23900793,48509984,23900793,335092172,48509984,335092172,35186326,48509984,35186326,266233586,48509984,266233586,26290994,48509984,26290994,31149968,48509984,31149968,53675464,48509984,53675464,
互联网	上海	346805059,48509984,346805059,345431917,48509984,345431917,42108357,48509984,42108357,19575248,48509984,19575248,338378919,48509984,338378919,333022816,48509984,333022816,28498235,48509984,28498235,325164812,48509984,325164812,324121374,48509984,324121374,323488800,48509984,323488800,
	小暖橙	
	
	仙境里的小屋	32300010,32300010,352074184,352074184,35103080,35103080,335807213,335807213,351139751,351139751,279262202,279262202,23819007,23819007,35046637,35046637,300656169,300656169,40207910,40207910,
养老服务	乌苏里斯克	277807298,48509984,277807298,31639400,48509984,31639400,19565754,48509984,19565754,23553937,48509984,23553937,281768686,48509984,281768686,19912844,48509984,19912844,291361863,48509984,291361863,27198493,48509984,27198493,27996454,48509984,27996454,26771121,48509984,26771121,
	数码反欺诈联盟	288321140,288321140,286962650,286962650,282690578,282690578,267714994,267714994,
互联网	北京	346999432,346999432,340386428,340386428,339266482,339266482,342016897,342016897,339620495,339620495,337543590,337543590,337906349,337906349,337251486,337251486,310186247,310186247,335057545,335057545,
银行	熠熠	344960724,344960724,337397238,337397238,63111392,63111392,345030609,345030609,335164562,335164562,337860616,337860616,336073998,336073998,336959797,336959797,336221871,336221871,
互联网	北京	
法律	上海市	351779111,48509984,351779111,351118441,48509984,351118441,350655387,48509984,350655387,29861427,48509984,29861427,348350686,48509984,348350686,349120697,48509984,349120697,346897709,48509984,346897709,61427887,48509984,61427887,347354112,48509984,347354112,345411976,48509984,345411976,
互联网	北京	348029701,48510028,348029701,318496731,48510028,318496731,304499020,
出版业	报道总监	
铁路运输	沈阳	332196494,332196494,22841011,22841011,297696478,297696478,315114263,315114263,321745341,321745341,306229102,306229102,274958619,274958619,318057019,318057019,60710781,60710781,46771393,46771393,
艺术娱乐	南京	
	科技美学	345385657,48510028,345385657,330298350,48510028,330298350,344295125,48510028,344295125,342158751,48510028,342158751,324419036,48510028,324419036,316118431,48510028,316118431,319644966,48510028,319644966,321575519,48510028,321575519,320825895,48510028,320825895,321625669,48510028,321625669,
	小英	304991960,304991960,340813181,340813181,340134331,340134331,342858027,342858027,343074841,343074841,342878830,342878830,290203974,290203974,340973060,340973060,342531557,342531557,338456152,338456152,
咨询分析	到处跑半年以上的：北京、河北、湖北、四川、江西、山东	352293340,352293340,59727369,59727369,265881066,265881066,293971377,293971377,351445658,351445658,288903436,288903436,40173466,40173466,351068508,351068508,315676828,315676828,266090769,266090769,
咨询分析	杭州	351916794,351916794,352387157,352387157,343248066,343248066,351960767,351960767,343102702,343102702,351939638,351939638,351700344,351700344,350696145,350696145,36904508,36904508,351239055,351239055,
	淘宝	315017496,48510028,315017496,303227658,48510028,303227658,68484929,48510028,68484929,28204924,48510028,28204924,
互联网	南京	351863729,48509984,351863729,324736734,48509984,324736734,267050849,48509984,267050849,311248723,48509984,311248723,297302428,48509984,297302428,282931198,48509984,282931198,274929865,48509984,274929865,24001068,37095367,48509984,37095367,266448599,48509984,266448599,59598299,48509984,59598299,
互联网	北京市	342172376,342172376,326125696,326125696,310186247,310186247,311827320,311827320,321423286,321423286,330014058,330014058,330135947,330135947,330209011,330209011,57232418,57232418,296306547,296306547,
高新科技	深圳市	48163604,48163604,22056195,22056195,30805639,30805639,
	小白白白	351745890,351745890,349091314,349091314,349131207,349131207,342187779,342187779,340950097,340950097,342243285,342243285,341056939,341056939,340432511,340432511,338548890,338548890,335620272,335620272,
互联网	乌克兰哈尔克夫大学	
	
互联网	北京	
高新科技	北京	351806204,48510028,351806204,25380930,48510028,25380930,351247075,48510028,351247075,20658173,48510028,20658173,309137113,48510028,309137113,35586082,48510028,35586082,340191253,48510028,340191253,20769573,48510028,20769573,36909138,48510028,36909138,336904782,48510028,336904782,
	中国海洋大学	266586355,266586355,63580454,63580454,19829805,19829805,275533710,275533710,35858491,35858491,30835865,30835865,47194806,47194806,20270540,20270540,268233513,268233513,264295909,264295909,
广播电视	武汉市	317944434,317944434,273982054,273982054,21217244,21217244,28552222,28552222,266876596,266876596,309141897,309141897,308886880,308886880,29929062,29929062,35682153,35682153,29298001,29298001,
互联网	北京	352389016,352389016,330402365,330402365,351574168,351574168,29122083,29122083,350993224,350993224,46693101,46693101,271661899,271661899,350171737,350171737,56740436,56740436,49432258,49432258,
教育	北京	351431356,48510028,351431356,349569677,48510028,349569677,37220763,48510028,37220763,25042551,48510028,25042551,346203938,48510028,346203938,29388272,48510028,29388272,344040780,48510028,344040780,20106125,48510028,20106125,338352493,48510028,338352493,335600797,48510028,335600797,
高等教育	济南	
	阿里健康	
互联网	郑州	
创意艺术	上海	340670848,48510028,340670848,340823422,48510028,340823422,340424050,48510028,340424050,289194119,48510028,289194119,24266800,48510028,24266800,271362788,48510028,271362788,37952141,48510028,37952141,22653788,48510028,22653788,23424798,48510028,23424798,283621627,48510028,283621627,
	知乎求职	
审计	多伦多	
出版业	北京	350738975,350738975,288688040,288688040,320786240,320786240,320686059,320686059,319774219,319774219,318322067,318322067,308232247,308232247,288747253,288747253,275392685,275392685,277788710,277788710,
科研	知乎用户	
旅游		280082795,280082795,64011110,64011110,55439840,55439840,35704087,35704087,54104076,54104076,41875162,41875162,49280834,49280834,19950216,19950216,37954732,37954732,40058216,40058216,
互联网	朝阳区	266852628,48510028,266852628,297726264,48510028,297726264,19727047,48510028,19727047,37887465,48510028,37887465,299562292,48510028,299562292,25334262,48510028,25334262,306718572,48510028,306718572,56716848,48510028,56716848,298935771,48510028,298935771,26111395,48510028,26111395,
	
互联网	北京	
种植业	但丁sdust	316700186,316700186,341965250,341965250,28509001,28509001,347466300,347466300,57087566,57087566,344776308,344776308,23598221,23598221,62097636,62097636,333984185,333984185,329151995,329151995,
互联网	小羊同学	30944602,30944602,27429482,27429482,63331055,63331055,307578806,307578806,292497918,292497918,310418039,310418039,333378702,333378702,330457085,330457085,332929187,332929187,61421624,61421624,
信息传媒	北京	19886355,19886355,20034178,20034178,
科研	日本	350292725,48510028,350292725,350294008,48510028,350294008,350070973,48510028,350070973,347405494,48510028,347405494,292443025,48510028,292443025,343396567,48510028,343396567,22807493,48510028,22807493,22265672,48510028,22265672,294544783,48510028,294544783,24171042,48510028,24171042,
市场推广	重庆	
地产建筑	同济大学	264996512,264996512,266794570,266794570,60997371,60997371,
证券投资	
餐饮	北京	19904540,19904540,20955299,20955299,
幼儿教育		
	知乎电影	344019917,48510028,344019917,333519959,48510028,333519959,341994002,48510028,341994002,342936488,48510028,342936488,
互联网	上海	348079217,48510028,348079217,351741173,48510028,351741173,351122226,48510028,351122226,352085186,48510028,352085186,352076986,48510028,352076986,352080473,48510028,352080473,351878598,48510028,351878598,348101584,48510028,348101584,351008278,48510028,351008278,350806549,48510028,350806549,
互联网	北京	351806204,351806204,297890831,297890831,268781538,268781538,51286955,51286955,341386545,341386545,28478371,28478371,19817783,19817783,24150630,24150630,40370147,40370147,287451923,287451923,
	
互联网		321300873,321300873,325976130,325976130,37644888,37644888,325602627,325602627,305452167,305452167,279910987,279910987,307185042,307185042,34879940,34879940,33079763,33079763,313138365,313138365,
法律	鄂东南雨水充足的地方	351334782,48510028,351334782,280706855,48510028,280706855,350936895,48510028,350936895,350251913,48510028,350251913,346423654,48510028,346423654,349511219,48510028,349511219,347836139,48510028,347836139,267001697,48510028,267001697,327446155,48510028,327446155,22430380,48510028,22430380,
创意艺术	西安	321651085,321651085,319571517,319571517,316532853,316532853,298058523,298058523,37700504,37700504,62277155,62277155,56003599,56003599,59151912,59151912,58805865,58805865,38957037,38957037,
法律	上海	266713362,266713362,351889709,351889709,345211675,345211675,330994581,330994581,350631177,350631177,349423754,349423754,347311304,347311304,323337494,323337494,348943051,348943051,27188550,27188550,
	大梦想程序商店	29147727,48510028,29147727,21940510,48510028,21940510,36546814,48510028,36546814,265726340,48510028,265726340,277398226,48510028,277398226,47045516,48510028,47045516,266021832,48510028,266021832,55262852,48510028,55262852,272485925,48510028,272485925,54580383,48510028,54580383,
	广州市	349872638,349872638,340745974,340745974,338904971,338904971,24972957,24972957,286733591,286733591,330140084,330140084,21324597,21324597,327053942,327053942,325011307,325011307,326780069,326780069,
	
电子游戏	上海	300267643,48509984,300267643,329315479,48509984,329315479,301323770,48509984,301323770,265343815,48509984,265343815,264826607,48509984,264826607,67386025,48509984,67386025,56777908,48509984,56777908,47890965,48509984,47890965,47686557,48509984,47686557,41303504,48509984,41303504,
民用航空业	上海市	349594333,349594333,349425744,349425744,346319937,346319937,348589989,348589989,63453203,63453203,339629290,339629290,336124947,336124947,335121729,335121729,334631054,334631054,334811168,334811168,
	梦娃	293865460,293865460,291334014,291334014,291787418,291787418,275476790,275476790,274033994,274033994,22772515,22772515,268555223,268555223,46181271,46181271,39699936,39699936,268460335,268460335,
民用航空业	Gentle	275359100,275359100,

	
创意艺术	北京	344898179,48509984,344898179,344970504,48509984,344970504,342936488,48509984,342936488,336025623,48509984,336025623,339845901,48509984,339845901,335838124,48509984,335838124,33553940,48509984,33553940,54519924,48509984,54519924,264788988,48509984,264788988,68399537,48509984,68399537,
非营利组织	成都	339833654,339833654,331208702,331208702,321291099,321291099,281968001,281968001,303893763,303893763,301519783,301519783,297225697,297225697,297510892,297510892,278526058,278526058,268446042,268446042,
	一只哇塞的女孩	
法律	厦门	350978456,48510028,350978456,350655387,48510028,350655387,315465629,48510028,315465629,349976414,48510028,349976414,26789831,48510028,26789831,333220171,48510028,333220171,348032762,48510028,348032762,347340847,48510028,347340847,27603479,48510028,27603479,276000271,48510028,276000271,
	浙江	31895153,31895153,290053736,290053736,289739383,289739383,288217551,288217551,279976028,279976028,278912949,278912949,278165375,278165375,
	驴驴驴驴驴努力	19563517,19563517,25365330,25365330,268769071,268769071,290769412,290769412,283692070,283692070,28793652,28793652,283371654,283371654,
创意艺术	吃不胖娘	51983022,51983022,319463689,319463689,276140235,276140235,269699980,269699980,66342367,66342367,323636805,323636805,41759135,41759135,25849804,25849804,275889588,275889588,26601522,26601522,
互联网	北京市宣武区	352389016,48510028,352389016,350918572,48510028,350918572,350329620,48510028,350329620,338195759,48510028,338195759,338637564,48510028,338637564,348626937,48510028,348626937,348973204,48510028,348973204,346435901,48510028,346435901,347108878,48510028,347108878,346300721,48510028,346300721,
娱乐休闲	杭州市	32243590,32243590,27556899,27556899,20527062,20527062,333167429,333167429,314408998,314408998,321497885,321497885,20767810,20767810,318657727,318657727,320308859,320308859,313720236,313720236,
	冯白白	29313118,29313118,40103475,40103475,333220171,333220171,343632778,343632778,46317778,46317778,302310433,302310433,267104067,267104067,314029277,314029277,305011385,305011385,313269747,313269747,
互联网	北京市	352048828,48509984,352048828,352171277,48509984,352171277,352108632,48509984,352108632,352222192,48509984,352222192,21818075,48509984,21818075,351706516,48509984,351706516,351920965,48509984,351920965,351413532,48509984,351413532,27058325,48509984,27058325,351316749,48509984,351316749,
	德国，斯图加特	38317174,38317174,62472660,62472660,57852890,57852890,56426334,56426334,43304486,43304486,35236669,35236669,23252705,23252705,19772767,19772767,30687810,30687810,30204429,30204429,
电子游戏	上海	54978497,54978497,39974035,39974035,35115386,35115386,47684154,47684154,47437599,47437599,41173258,41173258,46888950,46888950,46645800,46645800,46258766,46258766,42034871,42034871,
	TCL智能终端	342561377,48510028,342561377,337545390,48510028,337545390,332464444,48510028,332464444,332867552,48510028,332867552,332901396,48510028,332901396,329537006,48510028,329537006,326890037,48510028,326890037,327782015,48510028,327782015,326890160,48510028,326890160,327084585,48510028,327084585,
高等教育	哈尔滨市南岗区	351595687,351595687,51519217,51519217,351106143,351106143,350443247,350443247,347744137,347744137,347873488,347873488,337662152,337662152,347404761,347404761,266355228,266355228,283644488,283644488,
	AC建筑创作	346369886,48510028,346369886,22663753,48510028,22663753,34898271,48510028,34898271,316826671,48510028,316826671,334906859,48510028,334906859,337554161,48510028,337554161,68209132,48510028,68209132,26106843,48510028,26106843,332128148,48510028,332128148,326923936,48510028,326923936,
高新科技	
	成都	269932484,269932484,38606173,38606173,38717682,38717682,25958782,25958782,348370059,348370059,344750899,344750899,344079431,344079431,342505543,342505543,25564898,25564898,29764861,29764861,
互联网	刁小韵	
	北京	264888074,264888074,47451561,47451561,39508731,39508731,51974238,51974238,41182911,41182911,24906516,24906516,27726057,27726057,23171083,23171083,59843383,59843383,57783756,57783756,
	苏州大学	
进出口贸易	Anson	301519027,301519027,277270207,277270207,294473729,294473729,298323267,298323267,298586374,298586374,300035888,300035888,300126329,300126329,300438681,300438681,301352904,301352904,301526276,301526276,
	Glory荣耀格斗	271883399,271883399,
科研		336330508,48510028,336330508,338686171,48510028,338686171,21314569,48510028,21314569,50405427,48510028,50405427,296480336,48510028,296480336,308701403,48510028,308701403,307202265,48510028,307202265,62416327,48510028,62416327,273161292,48510028,273161292,22429966,48510028,22429966,
医疗服务	成都	20009938,20009938,24000005,24000005,268979620,268979620,37884792,37884792,264422252,264422252,36628976,36628976,36903804,36903804,61504501,61504501,36681166,36681166,26572336,26572336,
	曹克楠	
	
民用航空业	钟绿	54842132,54842132,349275910,349275910,329056193,329056193,333864736,333864736,294213474,294213474,292443025,292443025,291637565,291637565,299256126,299256126,349137921,349137921,346204250,346204250,
非营利组织		35746524,35746524,349911273,349911273,347335126,347335126,350096978,350096978,333395993,333395993,56870243,56870243,314489464,314489464,22352790,22352790,350045277,350045277,349559573,349559573,
	东京	268083827,268083827,341885869,341885869,325659020,325659020,20208693,20208693,264649422,264649422,321006089,321006089,318351978,318351978,27230749,27230749,307505644,307505644,302997613,302997613,
互联网	武汉	32065881,32065881,350407919,350407919,350363696,350363696,350151039,350151039,341267140,341267140,350656338,350656338,349259458,349259458,31964355,31964355,335094537,335094537,345007754,345007754,
航天	北京	20495845,20495845,318144086,318144086,
互联网	北京	
互联网	郑州	22805396,22805396,25343481,25343481,291506148,291506148,23289709,23289709,31325499,31325499,340604965,340604965,26684822,26684822,325648700,325648700,51861054,51861054,28417938,28417938,
	中国人民大学	307236986,307236986,312509213,312509213,21540418,21540418,311371787,311371787,
体育健身	北京	38455082,48510028,38455082,264049431,48510028,264049431,30844773,48510028,30844773,
	宁浩	305188717,48510028,305188717,27316773,48510028,27316773,
	湖南省	352108632,352108632,339560266,339560266,325430383,325430383,350675490,350675490,350290829,350290829,345301305,345301305,350215777,350215777,347832922,347832922,347520333,347520333,31700790,31700790,
电子商务	上海	350823185,350823185,28467945,28467945,339254105,339254105,337638737,337638737,26683557,26683557,329782927,329782927,20085254,20085254,269867617,269867617,61541792,61541792,320650054,320650054,
创意艺术	杭州	351312949,48510028,351312949,350298815,48510028,350298815,349675424,48510028,349675424,347489182,48510028,347489182,343348904,48510028,343348904,343033809,48510028,343033809,340697469,48510028,340697469,337696478,48510028,337696478,336777001,48510028,336777001,57183057,48510028,57183057,
军火	香港	21756417,21756417,24950833,24950833,29583943,29583943,39845930,39845930,38834791,38834791,36576039,36576039,28216751,28216751,24407549,24407549,22671856,22671856,31153866,31153866,
法律	北京	271618627,48510028,271618627,267713450,48510028,267713450,60113195,48510028,60113195,57961848,48510028,57961848,66770322,48510028,66770322,59614208,48510028,59614208,50832573,55642773,48510028,55642773,48840916,48510028,48840916,52959387,48510028,52959387,21140914,48510028,21140914,26840075,
计算机软件	深圳市	20212145,20212145,278233359,278233359,39953134,39953134,28886671,28886671,19585215,19585215,27133208,27133208,27158546,27158546,26379660,26379660,
	网易美学	29497354,29497354,36599714,36599714,55192940,55192940,41220998,41220998,22514991,22514991,27368164,27368164,24317199,24317199,57038869,57038869,40784579,40784579,271687874,271687874,
	泛为科技	31844162,48510028,31844162,304061664,48510028,304061664,303147079,48510028,303147079,301499138,48510028,301499138,38183501,48510028,38183501,23720684,48510028,23720684,35527527,48510028,35527527,20911489,48510028,20911489,22480687,48510028,22480687,28201616,57646493,48510028,57646493,
互联网	北京	351782671,351782671,341938727,341938727,24700472,24700472,337970710,337970710,349513003,349513003,329695005,329695005,310278668,310278668,347864486,347864486,343918658,343918658,346932256,346932256,
互联网	上海	324441880,324441880,279097731,279097731,38343713,38343713,48935549,48935549,37490497,37490497,23016426,23016426,20996501,20996501,22474701,22474701,52452962,52452962,24526559,24526559,
互联网	西安交通大学	325416387,325416387,323419310,323419310,318267715,318267715,289638238,289638238,305383465,305383465,304263105,304263105,300890652,300890652,292198007,292198007,68590805,68590805,277753549,277753549,
咨询分析	纽约	299700466,48510028,299700466,349685679,48510028,349685679,349942003,48510028,349942003,292091101,48510028,292091101,318913382,48510028,318913382,63936962,48510028,63936962,347835822,48510028,347835822,348131574,48510028,348131574,344080799,48510028,344080799,348028641,48510028,348028641,
	
	北京	21552953,48509984,21552953,19929609,48509984,19929609,21872457,48509984,21872457,49681481,48509984,49681481,22999912,48509984,22999912,26166417,48509984,26166417,41993364,48509984,41993364,34864740,48509984,34864740,21443455,48509984,21443455,32164316,48509984,32164316,
	博士在读	351752346,48509984,351752346,266586355,48509984,266586355,350779983,48509984,350779983,350595678,48509984,350595678,336175189,48509984,336175189,295108216,48509984,295108216,348890232,48509984,348890232,347495742,48509984,347495742,264476156,48509984,264476156,345124567,48509984,345124567,
政府	大俄亥俄首府	351875084,351875084,351165549,351165549,315745653,315745653,349629354,349629354,349373671,349373671,49219202,49219202,54957651,54957651,349545655,349545655,348608210,348608210,346253906,346253906,
教育	北京	
科研	伦敦（Greater London）	348067123,48510028,348067123,338980186,48510028,338980186,334381036,327614103,48510028,327614103,50465242,48510028,50465242,327357864,48510028,327357864,327563015,48510028,327563015,46883195,48510028,46883195,318346341,48510028,318346341,58018004,48510028,58018004,19583765,48510028,19583765,
互联网	成都	54061000,54061000,51671791,51671791,53144742,53144742,50608658,50608658,22143863,22143863,43468681,43468681,40332313,40332313,38152193,38152193,37449128,37449128,37056256,37056256,
服务业	北京	349100948,349100948,343930920,343930920,343965012,343965012,23325996,23325996,20445208,20445208,41029504,41029504,40979165,40979165,20295182,20295182,40008626,40008626,39057717,39057717,
	
咨询分析	香港特别行政区	300764109,300764109,41258743,41258743,263391258,263391258,300404381,300404381,295484346,295484346,67951222,67951222,21084589,21084589,52439449,52439449,64237581,64237581,20458201,20458201,
咨询分析	北京	352080473,352080473,351109942,351109942,348970353,348970353,350614145,350614145,350786596,350786596,350529757,350529757,349998035,349998035,343191468,343191468,348370059,348370059,344339517,344339517,
科研	美国	
教育	西雅图（Seattle）	346908676,48510028,346908676,338528528,48510028,338528528,323480330,48510028,323480330,319952294,48510028,319952294,321083459,48510028,321083459,320650054,48510028,320650054,306118688,48510028,306118688,265242751,48510028,265242751,286792173,48510028,286792173,38334372,48510028,38334372,
高等教育	爱丁堡	38984755,48510028,38984755,33200522,48510028,33200522,332223799,48510028,332223799,346054747,48510028,346054747,329105449,48510028,329105449,30688455,48510028,30688455,342192363,48510028,342192363,339460702,48510028,339460702,318360535,48510028,318360535,318238512,48510028,318238512,
广播电视		20063097,48510028,20063097,310113748,48510028,310113748,27668413,48510028,27668413,333123808,48510028,333123808,321324684,48510028,321324684,345648360,48510028,345648360,292685367,48510028,292685367,336840672,48510028,336840672,344546627,48510028,344546627,345638067,48510028,345638067,
培训	浦东新区（上海）	30571683,48510028,30571683,22869303,48510028,22869303,20184884,48510028,20184884,65682883,48510028,65682883,57118572,48510028,57118572,63500994,48510028,63500994,35368913,48510028,35368913,23721701,48510028,23721701,21385791,48510028,21385791,23165224,48510028,23165224,
政府	武汉	40315645,40315645,349598228,349598228,310626210,310626210,32237866,32237866,341470490,341470490,271212996,271212996,340534076,340534076,315370573,315370573,346522169,346522169,318163620,318163620,
互联网	申公子的小草屋	
	汽车	24629154,48510028,24629154,325362108,48510028,325362108,309519538,48510028,309519538,34331228,48510028,34331228,299152467,48510028,299152467,57325310,48510028,57325310,295374351,48510028,295374351,295279030,48510028,295279030,26613082,48510028,26613082,271501672,48510028,271501672,51150780,
教育		
高等教育	北京	341336919,48510028,341336919,23713916,48510028,23713916,348029701,48510028,348029701,306249128,341845058,48510028,341845058,19560612,48510028,19560612,336410972,48510028,336410972,22700005,48510028,22700005,264763117,48510028,264763117,329069499,48510028,329069499,325144561,48510028,325144561,
	美食	321894996,48510028,321894996,25374923,48510028,25374923,31837676,48510028,31837676,20466683,48510028,20466683,283796731,48510028,283796731,48339054,48510028,48339054,309433961,48510028,309433961,30679600,48510028,30679600,20034102,48510028,20034102,22473004,48510028,22473004,
	简十一	301793024,301793024,321905909,321905909,19581185,19581185,25056214,25056214,35471739,35471739,37708264,37708264,304087708,304087708,36091285,36091285,47908341,47908341,24317568,24317568,
	丁一頡	27849779,27849779,20228128,20228128,29901006,29901006,29054726,29054726,51241456,51241456,49471817,49471817,51509993,51509993,26099652,26099652,
	上海	341656876,48509984,341656876,339705728,48509984,339705728,293488192,48509984,293488192,312960163,48509984,312960163,314633067,48509984,314633067,311623457,48509984,311623457,308167678,48509984,308167678,24070983,48509984,24070983,284286080,48509984,284286080,301594482,48509984,301594482,
	上海科技大学	34583460,34583460,49519516,49519516,33310955,33310955,54379555,54379555,29998237,29998237,40212834,40212834,31847585,31847585,29523303,29523303,
	Midgard Serpent	57493586,57493586,25150607,25150607,63258727,63258727,352376347,352376347,35679217,35679217,351610322,351610322,53092721,53092721,40082058,40082058,351165549,351165549,46448910,46448910,
博物馆	北京市	343366307,48510028,343366307,342658585,48510028,342658585,338705766,48510028,338705766,312706857,48510028,312706857,312980482,48510028,312980482,276438817,48510028,276438817,269339532,48510028,269339532,60487154,48510028,60487154,60880564,48510028,60880564,65074012,48510028,65074012,
	默默	31572284,31572284,28625802,28625802,
	绾绾	25079037,25079037,348807807,348807807,320912326,320912326,20270353,20270353,336840672,336840672,46842994,46842994,29693434,29693434,36358901,36358901,331743255,331743255,67897471,67897471,
互联网	北京	302402544,48510028,302402544,48618004,48510028,48618004,28923765,48510028,28923765,288026861,48510028,288026861,25539779,48510028,25539779,40223190,48510028,40223190,271314820,48510028,271314820,339254105,48510028,339254105,27775308,48510028,27775308,41476888,48510028,41476888,
互联网	吃梨	352321860,352321860,334587481,334587481,35399883,35399883,350674658,350674658,335432228,335432228,346554006,346554006,268216399,268216399,347337703,347337703,20932968,20932968,345943752,345943752,
互联网	成都	351626772,351626772,322314569,322314569,351083313,351083313,344511249,344511249,350309258,350309258,349787207,349787207,347919479,347919479,346819271,346819271,345381314,345381314,340418626,340418626,
创意艺术	深圳公司	350997895,350997895,351089092,351089092,349289676,349289676,349244772,349244772,349217816,349217816,349193888,349193888,349146972,349146972,349145303,349145303,348770378,348770378,339095354,339095354,
	完美世界教育	33944400,48510028,33944400,59277948,48510028,59277948,63401377,48510028,63401377,21675314,48510028,21675314,28304163,48510028,28304163,46508954,48510028,46508954,263581962,48510028,263581962,303137080,48510028,303137080,28569572,48510028,28569572,267256595,48510028,267256595,
	
	波尔多	342936488,342936488,340096565,340096565,328870392,328870392,299152467,299152467,41535854,41535854,67117799,67117799,48765238,48765238,20390143,20390143,277636394,277636394,23988948,23988948,
	真实故事计划	26765834,48510028,26765834,23716039,48510028,23716039,51690276,48510028,51690276,350996756,48510028,350996756,23969756,48510028,23969756,290210695,48510028,290210695,323446334,48510028,323446334,31421459,48510028,31421459,54619234,48510028,54619234,286175714,48510028,286175714,
	小兰	350310407,350310407,40980165,40980165,352077900,352077900,345548300,345548300,350166034,350166034,20743279,20743279,348264378,348264378,349690215,349690215,313462176,313462176,348608515,348608515,
房地产	上海	310431658,310431658,264768847,264768847,302486582,302486582,284287480,284287480,299641618,299641618,301806892,301806892,297452172,297452172,298534734,298534734,301176829,301176829,299806452,299806452,
	上海	64576355,48510028,64576355,64573086,48510028,64573086,64576416,48510028,64576416,64551182,48510028,64551182,64478015,48510028,64478015,63911169,48510028,63911169,63918404,48510028,63918404,63970500,48510028,63970500,63975237,48510028,63975237,64018662,48510028,64018662,
金融	香港	352473175,352473175,304837627,304837627,43572793,43572793,65333009,65333009,283798564,283798564,268165456,268165456,269084161,269084161,272073153,272073153,265438463,265438463,270141810,270141810,
	Yiqin Fu	317066560,317066560,306337989,306337989,26677313,26677313,24821978,24821978,23185101,23185101,264617775,264617775,32164316,32164316,34897210,34897210,41854964,41854964,41365485,41365485,
教育	北京	24189696,48509984,24189696,22740007,48509984,22740007,26044440,48509984,26044440,30602857,48509984,30602857,280525031,48509984,280525031,327648566,48509984,327648566,24821622,48509984,24821622,66337727,48509984,66337727,28826602,48509984,28826602,19670995,48509984,19670995,
	一席鸡毛	306870986,306870986,305983847,305983847,304138765,304138765,303842384,303842384,67371213,67371213,302666887,302666887,302183107,302183107,301238182,301238182,
	中国人民大学	351407397,351407397,348318313,348318313,54566778,54566778,342936488,342936488,277634079,277634079,297424971,297424971,309079884,309079884,313684963,313684963,289147226,289147226,310234600,310234600,
	春雨医生	341593958,48510028,341593958,41854964,48510028,41854964,268371898,48510028,268371898,20713319,48510028,20713319,302385580,48510028,302385580,20115669,48510028,20115669,48492087,48510028,48492087,321403688,48510028,321403688,20141423,48510028,20141423,315801030,48510028,315801030,
高等教育	徐州	296480612,296480612,26100054,26100054,304914129,304914129,268740381,268740381,304412824,304412824,40028261,40028261,303916879,303916879,304205567,304205567,303944526,303944526,28221747,28221747,
	果老兄	
	奶糖	293990901,293990901,292924535,292924535,297715922,297715922,281532727,281532727,58814063,58814063,280646174,280646174,279862410,279862410,59413052,59413052,30064122,30064122,26297181,26297181,297715922,
	学英语那点事	27054706,27054706,20997145,20997145,31879038,31879038,30010198,30010198,36237369,36237369,22613022,22613022,24327190,24327190,26822030,26822030,27702564,27702564,20574837,20574837,
法律	北京	331495983,331495983,63085637,63085637,323328730,323328730,283588888,283588888,282632622,282632622,265697697,265697697,68425169,68425169,63107060,63107060,33514597,33514597,28184560,28184560,
金融	北京	30183582,30183582,36217733,36217733,34962728,34962728,34907331,34907331,31227491,31227491,28672118,28672118,26600555,26600555,
高等教育	Boston	309141897,48510028,309141897,271934519,48510028,271934519,351744093,48510028,351744093,351133593,48510028,351133593,345606113,48510028,345606113,299203094,48510028,299203094,333374142,48510028,333374142,351646498,48510028,351646498,351312949,48510028,351312949,351336288,48510028,351336288,
体育健身	上海	348508659,48510028,348508659,348456802,48510028,348456802,348412287,48510028,348412287,345199894,48510028,345199894,341679919,48510028,341679919,343474432,48510028,343474432,344110017,48510028,344110017,337893197,48510028,337893197,338484750,48510028,338484750,341289874,48510028,341289874,
	临界Hashgard	309459717,309459717,
教育	剑明	340083676,340083676,21961293,21961293,53372229,53372229,24153573,24153573,334983539,334983539,68587934,68587934,314283643,314283643,298766327,298766327,20089978,20089978,28893681,28893681,
		
	
互联网	北京	350206088,48510028,350206088,345701163,48510028,345701163,345283912,48510028,345283912,344763924,48510028,344763924,340134550,48510028,340134550,332699841,48510028,332699841,19568396,302311885,48510028,302311885,315361987,48510028,315361987,297841881,48510028,297841881,25332314,48510028,25332314,
政府	浙江省	303832773,303832773,296436824,296436824,286048966,286048966,31639411,31639411,40885343,40885343,67596073,67596073,62897019,62897019,65767211,65767211,63452489,63452489,48851124,48851124,
食品饮料业	上海	307512002,48509984,307512002,293453115,48509984,293453115,23978853,48509984,23978853,42004753,48509984,42004753,68546899,48509984,68546899,64218326,48509984,64218326,38624160,48509984,38624160,36560129,48509984,36560129,33977129,48509984,33977129,51869681,48509984,51869681,
	仙人球君	277915731,277915731,279910729,279910729,280470310,280470310,279372409,279372409,277897010,277897010,278086066,278086066,278355255,278355255,274748521,274748521,34395388,34395388,270621326,270621326,
临床医疗	上海市	351897906,48510028,351897906,351583622,48510028,351583622,352231492,48510028,352231492,352270843,48510028,352270843,351479801,48510028,351479801,351341267,48510028,351341267,350724508,48510028,350724508,351330539,48510028,351330539,349412723,48510028,349412723,351398961,48510028,351398961,
高等教育	哈尔滨	350723383,350723383,350129846,350129846,348928508,348928508,350292725,350292725,19644892,19644892,349201227,349201227,347435892,347435892,349245479,349245479,346415171,346415171,342318692,342318692,
博物馆	北京	40028642,40028642,47045516,47045516,263678290,263678290,68014919,68014919,29183631,29183631,273866042,273866042,22866524,22866524,321211386,321211386,46680759,46680759,25368703,25368703,
互联网	北京	21490596,21490596,30541572,30541572,58976222,58976222,58952776,58952776,33504282,33504282,33043847,33043847,28014392,28014392,20024970,20024970,28117160,28117160,22149480,22149480,
互联网	北京	276772445,276772445,320125538,320125538,49502870,49502870,287052273,287052273,67826341,67826341,67272530,67272530,
	APP下载：https:\u002F\u002Ftheblockbeats.com\u002Fdownload?from=3	344963143,344963143,348292367,348292367,348416708,348416708,349423045,349423045,343312583,343312583,347693927,347693927,344145155,344145155,340718523,340718523,265072903,265072903,340920604,340920604,
	Airbnb爱彼迎	39388689,39388689,23810529,23810529,290431408,290431408,286889053,286889053,264239372,264239372,271136542,271136542,39167242,39167242,50548488,50548488,265765381,265765381,33913345,33913345,
科研	北京	268861146,268861146,301892767,301892767,38692339,38692339,30688534,30688534,24354668,24354668,288871639,288871639,286902745,286902745,41822206,41822206,40646841,40646841,269415715,269415715,
电影录音	柏邦妮	276839640,48510028,276839640,303601063,48510028,303601063,26024602,48510028,26024602,300633395,48510028,300633395,29064178,48510028,29064178,67223616,48510028,67223616,37927520,48510028,37927520,271959252,48510028,271959252,27066070,48510028,27066070,293876214,48510028,293876214,
娱乐休闲	北京	
高等教育	北京市朝阳区东四环	334627619,48509984,334627619,327311693,48509984,327311693,19819957,48509984,19819957,324137789,48509984,324137789,320663787,48509984,320663787,317383267,48509984,317383267,36756803,48509984,36756803,314262952,48509984,314262952,284128568,48509984,284128568,303489055,48509984,303489055,
互联网	北京	334422876,334422876,331509700,331509700,327394438,327394438,327482363,327482363,321252366,321252366,311436472,311436472,310011363,310011363,310195496,310195496,309647593,309647593,272121785,272121785,
房地产	北京	
	知乎用户	
互联网	杭州	351779854,351779854,19556269,19556269,22570275,22570275,34786516,34786516,23497505,23497505,30240724,30240724,348063843,348063843,342620335,342620335,25531608,25531608,338926338,338926338,
科研	北京市海淀区	349513003,349513003,342526322,342526322,340158433,340158433,313989894,313989894,24551569,24551569,326651866,326651866,325976130,325976130,25742110,25742110,281968001,281968001,319201794,319201794,
广告	上海	345899888,345899888,342016897,342016897,326125696,326125696,19736701,19736701,29442001,29442001,27490957,27490957,330135947,330135947,22259244,22259244,30901993,30901993,20054842,20054842,
	
建筑设备	上海	59442694,59442694,35985901,35985901,28662042,28662042,
广告	Master.Wu	351447926,351447926,348791584,348791584,313901943,313901943,349401276,349401276,347447541,347447541,348378968,348378968,348194106,348194106,348028641,348028641,346762535,346762535,330662858,330662858,
互联网	上海	21332332,48510028,21332332,19819888,48510028,19819888,335051725,48510028,335051725,19776688,48510028,19776688,19615108,48510028,19615108,20075649,48510028,20075649,19644428,48510028,19644428,28629461,48510028,28629461,327280140,48510028,327280140,270391726,48510028,270391726,
科研	华盛顿哥伦比亚特区（Washington, D.C.）	54035738,48510028,54035738,318595867,48510028,318595867,66558344,48510028,66558344,303761384,48510028,303761384,67606068,48510028,67606068,268390657,48510028,268390657,264686461,48510028,264686461,38921189,48510028,38921189,36527601,48510028,36527601,67241811,48510028,67241811,
电子游戏	元帅	
	刘看山福利社	351145503,48510028,351145503,36071560,48510028,36071560,351143845,48510028,351143845,343247440,48510028,343247440,343187633,48510028,343187633,340478420,48510028,340478420,21688284,48510028,21688284,295883762,48510028,295883762,323689116,48510028,323689116,275632612,48510028,275632612,
高等教育	云南	310186247,310186247,61134374,61134374,24314797,24314797,320915043,320915043,320650054,320650054,314704750,314704750,316929777,316929777,275351176,275351176,312611344,312611344,311698899,311698899,
临床医疗	杭州	
	公子V	351133657,351133657,350857182,350857182,347495742,347495742,342318692,342318692,322666481,322666481,285582826,285582826,341049216,341049216,340023541,340023541,308413756,308413756,332507628,332507628,
互联网	北京	352408713,352408713,351122226,351122226,350706759,350706759,352076986,352076986,339169216,339169216,351074765,351074765,350786596,350786596,349998035,349998035,348131574,348131574,347565146,347565146,
	知乎用户	
	
	鸭梨悦读	316365644,316365644,21224788,21224788,19696981,19696981,
互联网	北京	351607398,351607398,352171277,352171277,345606113,345606113,343995869,343995869,344954093,344954093,349944053,349944053,350827215,350827215,23713916,23713916,351188478,351188478,345593418,345593418,
	
高等教育	周玄毅	26444915,26444915,
法律	上海	339250634,48509984,339250634,337395268,48509984,337395268,22869828,48509984,22869828,308820436,48509984,308820436,317627597,48509984,317627597,317991185,48509984,317991185,314383102,48509984,314383102,314233915,48509984,314233915,313323162,48509984,313323162,313074178,48509984,313074178,
	北京	62969615,62969615,35186840,35186840,64060036,64060036,64061457,64061457,63713766,63713766,37672919,37672919,61251316,61251316,61086569,61086569,61086334,61086334,59125485,59125485,
互联网	北京	291554395,291554395,349564403,349564403,344017508,344017508,22594389,22594389,338459750,338459750,336236459,336236459,310186247,310186247,329637546,329637546,20644341,20644341,323764429,323764429,
互联网	武汉	332954550,332954550,346943317,346943317,330081724,330081724,20857343,20857343,347156089,347156089,346364330,346364330,346374140,346374140,345815695,345815695,342676649,342676649,344853040,344853040,
		351137894,351137894,350822473,350822473,350605172,350605172,348028641,348028641,347587075,347587075,347582341,347582341,346965791,346965791,347377635,347377635,346300721,346300721,346937618,346937618,
	保姆\u002F司机\u002F看孩子\u002F陪床护理	
高新科技	何静回来了	349405067,349405067,344313665,344313665,351426844,351426844,309141897,309141897,351886822,351886822,351757732,351757732,351316749,351316749,350788959,350788959,351412702,351412702,351014096,351014096,
旅游	世界	349598228,48509984,349598228,19851528,48509984,19851528,344250849,48509984,344250849,318446058,48509984,318446058,324250123,48509984,324250123,322314853,48509984,322314853,321467115,48509984,321467115,50608844,48509984,50608844,321168776,48509984,321168776,321197042,48509984,321197042,
进出口贸易	深圳市南山区	
证券投资	上海	20865942,20865942,26035910,26035910,269745229,269745229,22640590,22640590,47210678,47210678,266878686,266878686,266865807,266865807,50982661,50982661,30185411,30185411,37058361,37058361,
信息传媒	中科院心理所	350525012,350525012,350045077,350045077,326471975,326471975,27755599,27755599,34021781,34021781,22903927,22903927,54458665,54458665,311684255,311684255,19616127,19616127,298702250,298702250,
互联网	北京市	344724289,48509984,344724289,312190835,48509984,312190835,307538532,48509984,307538532,302310433,48509984,302310433,310426619,48509984,310426619,308114929,48509984,308114929,307643696,48509984,307643696,307968276,48509984,307968276,300415423,48509984,300415423,307155781,48509984,307155781,
互联网	上海	
政府		350706789,350706789,351955380,351955380,350407919,350407919,350401307,350401307,348050221,348050221,351552643,351552643,351157012,351157012,350832950,350832950,347869019,347869019,350847226,350847226,
旅游	欧洲	
旅游		344709168,48509984,344709168,337569315,48509984,337569315,337569001,48509984,337569001,337568690,48509984,337568690,337570515,48509984,337570515,337569594,48509984,337569594,20458496,48509984,20458496,20282544,48509984,20282544,61468641,48509984,61468641,333534690,48509984,333534690,
教育	广州市	268671669,268671669,323292540,323292540,25489801,25489801,333026642,333026642,59600431,59600431,47425849,47425849,321047203,321047203,321166047,321166047,293482116,293482116,310467153,310467153,
互联网	北京市	21422415,21422415,336546067,336546067,327830971,327830971,335925332,335925332,312970427,312970427,313435818,313435818,313300943,313300943,311904828,311904828,311684339,311684339,307383062,307383062,
咨询分析	辽宁	342742209,342742209,341270981,341270981,340153092,340153092,341624958,341624958,340157462,340157462,341399612,341399612,335686178,335686178,288958450,288958450,331671589,331671589,335134802,335134802,
互联网	深圳市	58760865,58760865,286525154,286525154,25749900,25749900,24266716,24266716,24978534,24978534,
法律		
	互联网	352173424,48510028,352173424,352080473,48510028,352080473,349994906,48510028,349994906,349998035,48510028,349998035,349697452,48510028,349697452,349615849,48510028,349615849,349548263,48510028,349548263,347899440,48510028,347899440,347845021,48510028,347845021,346965791,48510028,346965791,
电子游戏	CPY	51517020,51517020,276216403,276216403,
互联网	北京	20655946,48510028,20655946,20473502,48510028,20473502,20243705,48510028,20243705,20153480,48510028,20153480,20001930,48510028,20001930,19976115,48510028,19976115,19973116,48510028,19973116,19946971,48510028,19946971,19861659,48510028,19861659,19852504,48510028,19852504,
策展	北京	342482043,342482043,34587107,34587107,317662677,317662677,310913737,310913737,55330529,55330529,54114510,54114510,65316844,65316844,297798182,297798182,279387872,279387872,280558706,280558706,
互联网	北京	337944212,337944212,293315890,293315890,311934252,311934252,56634562,56634562,313830485,313830485,319823639,319823639,
广播电视	会长	352211856,352211856,352481584,352481584,352285995,352285995,351958376,351958376,352060806,352060806,352026526,352026526,351185742,351185742,282077362,282077362,349262750,349262750,349172813,349172813,
	Hobby	350692548,350692548,350675490,350675490,36049306,36049306,302445845,302445845,61244036,61244036,293910137,293910137,31873624,31873624,
畜牧养殖业	北京	352473175,352473175,33220674,33220674,287524343,287524343,306535168,306535168,352108632,352108632,351787265,351787265,352075702,352075702,334316502,334316502,338967544,338967544,351893135,351893135,
	张洛洛	341926440,341926440,330087017,330087017,336406633,336406633,321010171,321010171,320530290,320530290,316351778,316351778,316355053,316355053,25358744,25358744,21822282,21822282,58753342,58753342,
	湾区（Bay Area）	60950349,48510028,60950349,26019573,48510028,26019573,35312130,48510028,35312130,40107722,48510028,40107722,30687810,65098412,48510028,65098412,20770272,48510028,20770272,28733175,48510028,28733175,39367879,48510028,39367879,25696300,48510028,25696300,20751255,48510028,20751255,
医疗服务	上海	
	墨凰	24077433,24077433,60233271,60233271,345453921,345453921,298702250,298702250,60004193,60004193,28544155,28544155,26290430,26290430,20034974,20034974,20526294,20526294,24171867,24171867,
证券投资	上海	
计算机软件	西雅图（Seattle）	337481109,337481109,352498895,352498895,352171277,352171277,351386257,351386257,350801376,350801376,343979039,343979039,352116266,352116266,351820283,351820283,347670274,347670274,341544600,341544600,
	北京市	328571237,328571237,320611448,320611448,351701308,351701308,351886861,351886861,351273870,351273870,350997351,350997351,346658239,346658239,348318313,348318313,349566175,349566175,338423080,338423080,
	匹兹堡	350675490,350675490,350952691,350952691,345835565,345835565,346871581,346871581,346872434,346872434,347597898,347597898,343282857,343282857,345612064,345612064,346210568,346210568,341168993,341168993,
咨询分析	台北	28793652,28793652,64821236,64821236,
	白眉道长	337493135,337493135,263884029,263884029,53140304,53140304,325173949,325173949,324121374,324121374,316516619,316516619,316708459,316708459,300415423,300415423,304029363,304029363,279834720,279834720,
	香港	321245626,48510028,321245626,28109978,48510028,28109978,309818306,48510028,309818306,20104381,48510028,20104381,284209426,48510028,284209426,22821862,48510028,22821862,40161363,48510028,40161363,23730582,48510028,23730582,304473490,48510028,304473490,19573169,48510028,19573169,
医疗服务	广州市	
互联网	济南	22826351,22826351,284375622,284375622,270306923,270306923,274250755,274250755,270912578,270912578,270394987,270394987,269266195,269266195,22813479,22813479,61237536,61237536,55258627,55258627,
图书馆	南京	335866812,335866812,31491914,31491914,42084375,42084375,53591945,53591945,301393487,301393487,318444911,318444911,19848752,19848752,304421794,304421794,316565354,316565354,39387048,39387048,
	lincooperi	38219371,38219371,
金融	上海	23913984,23913984,21409001,21409001,339173893,339173893,21032699,21032699,334001724,334001724,319913113,267331217,267331217,60589071,60589071,336209443,336209443,335243761,335243761,319913113,319913113,
科研	珀斯	351766115,48510028,351766115,342066985,48510028,342066985,37712150,48510028,37712150,350292725,48510028,350292725,349045610,48510028,349045610,349697452,48510028,349697452,348931011,48510028,348931011,347646586,48510028,347646586,347208973,48510028,347208973,346901236,48510028,346901236,
	北京市	351728964,351728964,349566175,349566175,349554492,349554492,31107721,31107721,344546627,344546627,36486450,36486450,343489112,343489112,341926844,341926844,20489674,20489674,339406812,339406812,
土砂石开采	Art Center College of Design & 上海交通大学	319267328,319267328,312362822,312362822,265930996,265930996,47340150,47340150,46814168,46814168,42031465,42031465,41880433,41880433,39991488,39991488,35328771,35328771,20510792,20510792,
	剑桥大学	352177887,352177887,351546211,351546211,351525979,351525979,351542747,351542747,351508151,351508151,351498732,351498732,350713408,350713408,350427723,350427723,349441413,349441413,349636463,349636463,
保险	北京	350018198,350018198,350829727,350829727,351918370,351918370,350471928,350471928,351121225,351121225,350966193,350966193,350263472,350263472,349641798,349641798,349762777,349762777,348987493,348987493,
	
	北京	28161270,48509984,28161270,327421935,48509984,327421935,51429662,48509984,51429662,282956653,48509984,282956653,29288818,48509984,29288818,304751380,48509984,304751380,282931198,48509984,282931198,276638436,48509984,276638436,39196386,48509984,39196386,30902178,48509984,30902178,
金融	上海	
	北京	345606113,345606113,328429744,328429744,319637812,319637812,339446777,339446777,38088787,38088787,304202618,304202618,58594329,58594329,347343875,347343875,29174460,29174460,320694344,320694344,
	中山大学	
	
	卦婶	320882344,320882344,320767486,320767486,320308018,320308018,319641115,319641115,319261569,319261569,318377635,318377635,318258557,318258557,308494517,308494517,
互联网	北京	351693402,48510028,351693402,344440064,48510028,344440064,347412787,48510028,347412787,339110538,48510028,339110538,343950491,48510028,343950491,278336349,48510028,278336349,343491156,48510028,343491156,342127453,48510028,342127453,342945853,48510028,342945853,337464914,48510028,337464914,
	36氪江苏	347692093,48510028,347692093,337729365,48510028,337729365,338274525,48510028,338274525,338555707,48510028,338555707,336233401,48510028,336233401,301318590,48510028,301318590,333022816,48510028,333022816,330326548,48510028,330326548,329620520,48510028,329620520,328445910,48510028,328445910,
	北京	275462890,275462890,308841981,308841981,49552737,49552737,284553801,284553801,47419097,47419097,29267998,29267998,40046091,40046091,32197634,32197634,46443363,46443363,29077475,29077475,
高等教育	吉林大学	25248460,48509984,25248460,40459416,48509984,40459416,35580938,48509984,35580938,280518886,48509984,280518886,282009605,48509984,282009605,53961096,48509984,53961096,21822074,48509984,21822074,68150666,48509984,68150666,67022777,48509984,67022777,20939281,48509984,20939281,
渔业	成都	59293342,59293342,22005152,22005152,21875107,21875107,24372363,24372363,34416443,34416443,54442786,54442786,46471756,46471756,52462273,52462273,51392406,51392406,42306982,42306982,
互联网	丁香医生	296368004,296368004,47471413,47471413,26057352,26057352,65462889,65462889,20160110,20160110,27837895,27837895,48423595,48423595,318749074,318749074,268163243,268163243,269918057,269918057,
汽车		
计算机软件		
互联网	浙江省	312542839,312542839,348957764,348957764,319491056,319491056,46825754,46825754,24579805,24579805,315001976,315001976,28703711,28703711,341940408,341940408,263508906,263508906,325038574,325038574,
铁路运输	巴黎（Paris）	
互联网		275815256,275815256,309722018,309722018,287248107,287248107,271772067,271772067,31150518,31150518,
广播电视	刘骁骞	313564280,48510028,313564280,290765640,48510028,290765640,295447800,48510028,295447800,293362001,48510028,293362001,
电子游戏	上海市	345475782,345475782,326713859,326713859,336832990,336832990,333241202,333241202,64938261,64938261,264968594,264968594,313910150,313910150,309294195,309294195,64052271,64052271,
互联网	北京	307567200,307567200,303137080,303137080,267782048,267782048,283238236,283238236,34998416,34998416,283510016,283510016,281759438,281759438,275018274,275018274,52681595,52681595,272399894,272399894,
房地产		351275139,351275139,62114631,62114631,28444782,28444782,268169877,268169877,55235683,55235683,264285024,264285024,344054306,344054306,342056290,342056290,340424050,340424050,339916382,339916382,
	Fort Knox	351512686,351512686,332897003,332897003,271680368,271680368,333199024,333199024,315175118,315175118,325856003,325856003,326493762,326493762,318731200,318731200,323177906,323177906,314776095,314776095,
互联网	北京	20186355,20186355,20068310,20068310,19595713,19595713,19612517,19612517,
大宗交易	上海	351122222,351122222,350605172,350605172,349971137,349971137,349863411,349863411,347596759,347596759,347759035,347759035,267050910,267050910,335193049,335193049,331363926,331363926,320934777,320934777,
互联网	乔治王	350937329,350937329,337895103,337895103,67168122,67168122,332684032,332684032,333156154,333156154,331409374,331409374,330542873,330542873,325354990,325354990,325173949,325173949,321450574,321450574,
互联网	南京	30472773,30472773,36442613,36442613,29753074,29753074,48109458,48109458,35165938,35165938,39101301,39101301,36525989,36525989,39339268,39339268,32201872,32201872,35689407,35689407,
基础教育	军潇潇	351706847,351706847,36895602,36895602,343661811,343661811,342679386,342679386,342670177,342670177,342463513,342463513,338855472,338855472,333897597,333897597,333409011,333409011,333308829,333308829,
科研	北京	299741613,299741613,45729553,45729553,21274651,21274651,20985115,20985115,21278186,21278186,38233845,38233845,20064030,20064030,29124536,29124536,
	郎朗	
	北京	
非营利组织	深圳市	339268473,339268473,352574251,352574251,22850715,22850715,344220807,344220807,352139939,352139939,351782671,351782671,346631685,346631685,351431356,351431356,341397173,341397173,351033398,351033398,
餐饮	湖北省	351033398,48509984,351033398,53307696,48509984,53307696,345383749,48509984,345383749,324654668,48509984,324654668,306467814,48509984,306467814,300887288,48509984,300887288,300886864,48509984,300886864,301625077,48509984,301625077,301521736,48509984,301521736,299636854,48509984,299636854,
	Purple Onion	267806277,267806277,267010578,267010578,264876866,264876866,263418498,263418498,19682756,19682756,67922589,67922589,66439126,66439126,21933602,21933602,64927996,64927996,40621119,40621119,
	知乎汽车	343499950,48510028,343499950,327035700,
互联网	香港	308029384,48510028,308029384,350121618,48510028,350121618,347827005,48510028,347827005,48438850,48510028,48438850,347533602,48510028,347533602,347585177,48510028,347585177,305480112,48510028,305480112,346629368,48510028,346629368,346583741,48510028,346583741,345235188,48510028,345235188,
	晓琼	265946523,265946523,264800993,264800993,64038766,64038766,263719879,263719879,263593215,263593215,263416738,263416738,263493212,263493212,263373949,263373949,263345263,263345263,263313914,263313914,
	接地气的陈老师	305387898,305387898,305700729,305700729,267542221,267542221,305422763,305422763,305507128,305507128,301459876,301459876,305210407,305210407,304174916,304174916,47760443,47760443,23913984,23913984,
	杭州	53905339,48509984,53905339,52957728,48509984,52957728,52178718,48509984,52178718,29702276,48509984,29702276,28422616,48509984,28422616,26610910,48509984,26610910,24126869,48509984,24126869,22984519,48509984,22984519,22865677,48509984,22865677,19737833,48509984,19737833,
互联网	上海	
咨询分析	北京	348783386,348783386,334849966,334849966,306078094,306078094,335094537,335094537,328429744,328429744,339446777,339446777,320694344,320694344,315370573,315370573,346844872,346844872,327635458,327635458,
家具	北京	352173424,48510028,352173424,23932178,48510028,23932178,351782671,48510028,351782671,351179285,48510028,351179285,59140775,48510028,59140775,299598737,48510028,299598737,347276611,48510028,347276611,63580473,48510028,63580473,19855515,48510028,19855515,35688510,48510028,35688510,
互联网	北京	27298881,27298881,292189961,292189961,345658024,345658024,345217861,345217861,340478420,340478420,35979329,35979329,321423286,321423286,24175129,24175129,38522339,38522339,325616798,325616798,
	咕噜噜	28891984,28891984,271171520,271171520,59408786,59408786,264856798,264856798,66004349,66004349,65462889,65462889,54955850,54955850,
创意艺术		331145297,331145297,330499835,330499835,320128989,320128989,317890573,317890573,22092633,22092633,23597994,23597994,313827313,313827313,313724741,313724741,312485152,312485152,313751127,313751127,
创意艺术	尼堪巴图鲁	337568352,337568352,21442920,21442920,
	北海鲤	349678436,349678436,346198994,346198994,333471808,333471808,332713682,332713682,343844104,343844104,340626682,340626682,333769627,333769627,338245522,338245522,337290738,337290738,337212632,337212632,
餐饮	北京	339096379,339096379,339509684,339509684,337486846,337486846,337493135,337493135,336685554,336685554,34812534,34812534,50041252,50041252,323540011,323540011,321337007,321337007,323376723,323376723,
出版业		346547184,346547184,26978611,26978611,342016897,342016897,326125696,326125696,20877227,20877227,329789715,329789715,41216771,41216771,329036532,329036532,323510525,323510525,324121374,324121374,
	Sir电影	26953763,48510028,26953763,67080789,48510028,67080789,347687797,48510028,347687797,347742898,48510028,347742898,297741145,48510028,297741145,22727115,48510028,22727115,326221396,48510028,326221396,342563317,48510028,342563317,342085101,48510028,342085101,338316989,48510028,338316989,
	听无可说	350887642,350887642,351372306,351372306,340333428,340333428,336702881,336702881,298289487,298289487,297836996,297836996,297990365,297990365,295821421,295821421,293046584,293046584,293019168,293019168,
	
	豌豆荚	20393494,48510028,20393494,31921094,48510028,31921094,63536668,48510028,63536668,42125974,48510028,42125974,26903707,48510028,26903707,47984618,48510028,47984618,22765589,48510028,22765589,38574255,48510028,38574255,24479295,48510028,24479295,24696823,48510028,24696823,
临床医疗	北京	351116257,48509984,351116257,349705422,48509984,349705422,343862428,48509984,343862428,342402784,48509984,342402784,342201008,48509984,342201008,340994102,48509984,340994102,340923924,48509984,340923924,30674383,48509984,30674383,338364708,48509984,338364708,340963157,48509984,340963157,
	言安堂	35111610,35111610,37106837,37106837,36456232,36456232,28123736,28123736,291227564,291227564,287700275,287700275,287700275,27701755,27701755,278025985,278025985,285550885,285550885,
	嘉宝Gerber	275452790,275452790,266712284,266712284,266800458,266800458,265674565,265674565,265663706,265663706,33554094,33554094,
服装业	杭州	327751374,48510028,327751374,328661772,48510028,328661772,328430259,48510028,328430259,326026506,48510028,326026506,327678795,48510028,327678795,
	陈佩斯	274629543,48510028,274629543,274989914,48510028,274989914,43475432,48510028,43475432,36704909,48510028,36704909,23038648,48510028,23038648,
军火	网络安全	349668587,48509984,349668587,329056193,48509984,329056193,349937232,48509984,349937232,264311135,48509984,264311135,345660118,48509984,345660118,310021423,48509984,310021423,323926365,48509984,323926365,340272932,48509984,340272932,59697770,48509984,59697770,337189344,48509984,337189344,
	本真	33490933,33490933,20840356,20840356,24849311,24849311,21713613,21713613,25059587,25059587,21540923,21540923,22916605,22916605,19769883,19769883,19653261,19653261,19556105,19556105,
互联网		34011097,34011097,20516844,20516844,22613456,22613456,51715307,51715307,300361304,300361304,306192313,306192313,290543744,290543744,297080761,297080761,305507128,305507128,304042267,304042267,
公关	上海市	23035564,48510028,23035564,348419019,48510028,348419019,264818636,48510028,264818636,342091014,48510028,342091014,345383749,48510028,345383749,340917587,48510028,340917587,340988510,48510028,340988510,332546275,48510028,332546275,337696478,48510028,337696478,61348045,48510028,61348045,
	支付宝	20516844,48510028,20516844,351810026,48510028,351810026,40543633,48510028,40543633,20995758,48510028,20995758,350119582,48510028,350119582,346932256,48510028,346932256,346708717,48510028,346708717,344204972,48510028,344204972,41194412,48510028,41194412,319158572,48510028,319158572,
互联网		351143845,351143845,348054802,348054802,344382291,344382291,337302173,337302173,333022816,333022816,331313590,331313590,328270045,328270045,328198853,328198853,276764302,276764302,24170911,24170911,
高新科技	上海	19589306,19589306,290787072,290787072,40570615,40570615,33567259,33567259,36830480,36830480,40188262,40188262,37007071,37007071,30693393,30693393,27011504,27011504,27912365,27912365,
高等教育	南京	28288541,28288541,350383254,350383254,350351013,350351013,349656790,349656790,349548263,349548263,315940760,315940760,29682293,29682293,316636724,316636724,41380989,41380989,43377108,43377108,
	灵童	342513793,342513793,
	TCL电视	22083084,48510028,22083084,350952922,48510028,350952922,329230764,48510028,329230764,67425132,48510028,67425132,36262243,48510028,36262243,38340228,48510028,38340228,267647085,48510028,267647085,26976416,48510028,26976416,27040603,48510028,27040603,298905854,48510028,298905854,
博彩		
娱乐休闲	张全蛋	348987952,48510028,348987952,347662115,48510028,347662115,344754554,48510028,344754554,341845915,48510028,341845915,341871922,48510028,341871922,332045053,48510028,332045053,61068647,48510028,61068647,320207422,48510028,320207422,315243399,48510028,315243399,310445717,48510028,310445717,
法律	合肥	346655267,48510028,346655267,313564280,48510028,313564280,344480944,48510028,344480944,341991844,48510028,341991844,339266482,48510028,339266482,19831242,48510028,19831242,335189221,48510028,335189221,338270736,48510028,338270736,19671232,48510028,19671232,310186247,48510028,310186247,
	疯子老师	349981512,349981512,350417268,350417268,349358594,349358594,349615486,349615486,348260816,348260816,63693782,63693782,
金融	进击的外汇作手	328647272,328647272,325892634,325892634,315996860,315996860,301090779,301090779,296305447,296305447,309907740,309907740,30348020,30348020,33587452,33587452,41840547,41840547,308088754,308088754,
体育健身	得克萨斯州（Texas）	273579567,273579567,24869852,24869852,341818752,341818752,340889162,340889162,306379951,306379951,328735550,328735550,319849151,319849151,323988210,323988210,40236248,40236248,323054558,323054558,
	美丽君Maggie	20508057,20508057,271687874,271687874,28070249,28070249,342907179,342907179,344039942,344039942,343426120,343426120,34490697,34490697,340310905,340310905,337974980,337974980,28738225,28738225,
	地球	
零售	吉隆坡	352080473,352080473,350529757,350529757,348016350,348016350,346829317,346829317,343306897,343306897,344453437,344453437,343075259,343075259,342999457,342999457,313901943,313901943,337898437,337898437,
资本投资	成都	317634097,317634097,349386368,349386368,346244006,346244006,344830077,344830077,341551803,341551803,344391915,344391915,344941878,344941878,320897284,320897284,339153788,339153788,337519430,337519430,
广告	湖南省	19717687,19717687,339244253,339244253,31516542,31516542,348987005,348987005,348942803,348942803,316608391,316608391,349304426,349304426,343685354,343685354,318847299,318847299,347953882,347953882,
互联网	北京	345282592,48509984,345282592,35516811,48509984,35516811,345303992,48509984,345303992,339855206,48509984,339855206,28646541,48509984,28646541,330202046,48509984,330202046,329177841,48509984,329177841,26713170,48509984,26713170,22131241,48509984,22131241,323056715,48509984,323056715,
广告	创业者	345339431,345339431,27480022,27480022,26956872,26956872,343767724,343767724,317341514,317341514,275166871,275166871,20743279,20743279,330132377,330132377,23842317,23842317,22100326,22100326,
	北京	20389100,20389100,19890890,19890890,19904425,19904425,19872544,19872544,19870089,19870089,19869635,19869635,19869645,19869645,19558409,19558409,19623819,19623819,19569416,19569416,
	李四	
互联网	杭州	351426844,351426844,352084212,352084212,351106143,351106143,351180302,351180302,350411823,350411823,308115396,308115396,336267047,336267047,319158572,319158572,347469966,347469966,21287801,21287801,

	
互联网	北京	30835066,48510028,30835066,347298280,48510028,347298280,345105962,48510028,345105962,344763924,48510028,344763924,344025518,48510028,344025518,36602163,48510028,36602163,19689626,48510028,19689626,334329380,48510028,334329380,333572155,48510028,333572155,332733540,48510028,332733540,
互联网	厦门	323429280,323429280,317877074,317877074,274765997,274765997,27941707,27941707,
	小螺号	351441090,351441090,351111646,351111646,345207473,345207473,335219025,335219025,350351013,350351013,339762248,339762248,348072857,348072857,343585330,343585330,35771382,35771382,338321561,338321561,
电子游戏	南京	34676099,34676099,31984189,31984189,34489431,34489431,
	北京	348351096,48510028,348351096,338818657,48510028,338818657,329802213,48510028,329802213,327450549,48510028,327450549,307906704,48510028,307906704,335709559,48510028,335709559,40175858,48510028,40175858,330068726,48510028,330068726,311841841,48510028,311841841,40730965,48510028,40730965,
互联网		323966917,323966917,23161736,23161736,309141897,309141897,290003248,290003248,313462176,313462176,53299143,53299143,350128174,350128174,58811726,58811726,21125334,21125334,23849076,23849076,
	Myhome设计家	49971072,48510028,49971072,331434969,48510028,331434969,351820107,48510028,351820107,21234392,48510028,21234392,22457926,48510028,22457926,266708364,48510028,266708364,19723898,48510028,19723898,344030711,48510028,344030711,25277371,48510028,25277371,20816068,48510028,20816068,
	昱洲凤儿	
高新科技	深圳市	345525447,48509984,345525447,345082409,48509984,345082409,309460268,48509984,309460268,340134550,48509984,340134550,266135193,48509984,266135193,263974508,48509984,263974508,298690027,48509984,298690027,39387048,48509984,39387048,280335144,48509984,280335144,278514163,48509984,278514163,
	军事作家陈曦	334133972,334133972,348515819,348515819,306060626,306060626,322725441,322725441,324127284,324127284,277641908,277641908,55071280,55071280,284128568,284128568,300723940,300723940,278730696,278730696,
电子商务	北京市	313805990,313805990,352359428,352359428,348305410,348305410,350614145,350614145,350786596,350786596,22925179,22925179,349998035,349998035,342111899,342111899,347899440,347899440,346965791,346965791,
	北京	286511124,286511124,
	科普	352387157,48510028,352387157,351320383,48510028,351320383,350632093,48510028,350632093,64423726,48510028,64423726,295297327,48510028,295297327,349697452,48510028,349697452,349548263,48510028,349548263,348481104,48510028,348481104,345804190,48510028,345804190,20039741,48510028,20039741,
法律	南昌市	23271389,23271389,352026926,352026926,352391875,352391875,19798040,19798040,276248841,276248841,351431356,351431356,351033398,351033398,351133657,351133657,349710754,349710754,348446136,348446136,

	上海市	346805059,48509984,346805059,337581201,48509984,337581201,337570699,48509984,337570699,326486872,48509984,326486872,325453964,48509984,325453964,308782428,48509984,308782428,314920036,48509984,314920036,314519437,48509984,314519437,305898425,48509984,305898425,306651541,48509984,306651541,
	小桃几	351912438,351912438,340910340,340910340,345799177,345799177,345606642,345606642,345453726,345453726,341337360,341337360,330292476,330292476,335949834,335949834,317257765,317257765,324671154,324671154,
	武汉	30073147,30073147,268891582,268891582,28446369,28446369,56375334,56375334,
广播电视	副主编	
	北京	303610199,303610199,21321799,21321799,
	
电子商务	北京	65389849,48510028,65389849,54210045,48510028,54210045,27847609,48510028,27847609,62925135,48510028,62925135,63300645,48510028,63300645,21251843,48510028,21251843,62715521,48510028,62715521,22242112,48510028,22242112,60843056,48510028,60843056,21138261,48510028,21138261,
旅游	东京	318322067,318322067,55177239,55177239,307414042,307414042,313376591,313376591,23415480,23415480,304844787,304844787,22821323,22821323,19712947,19712947,28247984,28247984,27886949,27886949,
	众引传播	
	本科	19760251,19760251,304501898,304501898,304501889,304501889,304551454,304551454,294586715,294586715,304206966,304206966,36595690,36595690,
高新科技	圣地亚哥	54680196,48509984,54680196,24256129,48509984,24256129,52712742,48509984,52712742,52093346,48509984,52093346,50191421,48509984,50191421,46019950,48509984,46019950,35398673,48509984,35398673,28367567,48509984,28367567,41270297,48509984,41270297,41075488,48509984,41075488,
创意艺术		
地产建筑	旧金山 (San Francisco)	352391599,48510028,352391599,351724046,48510028,351724046,351806204,48510028,351806204,346645820,48510028,346645820,31318753,48510028,31318753,345322111,48510028,345322111,344169070,48510028,344169070,343924561,48510028,343924561,343499950,48510028,343499950,342813158,48510028,342813158,
保健		31729045,31729045,350283760,350283760,329056193,329056193,341049470,341049470,343685354,343685354,347888264,347888264,348029701,348029701,299256126,299256126,346522169,346522169,346369886,346369886,
互联网	上海市	23159126,48509984,23159126,290941427,48509984,290941427,37338679,48509984,37338679,19803439,48509984,19803439,19980571,48509984,19980571,23978536,48509984,23978536,21598827,48509984,21598827,22583500,48509984,22583500,33406340,48509984,33406340,21644143,48509984,21644143,
房地产	知乎用户	
证券投资	上海	20874888,20874888,26594258,26594258,
互联网	北京市	314235326,314235326,305670257,305670257,266919326,266919326,23713916,23713916,292189961,292189961,345338901,345338901,348007522,348007522,32276442,32276442,340129137,340129137,340313114,340313114,
艺术娱乐	北京	
信息传媒	中国	351825376,48510028,351825376,352338606,48510028,352338606,22734120,48510028,22734120,28834990,48510028,28834990,349944053,48510028,349944053,350401307,48510028,350401307,351503468,48510028,351503468,350436568,48510028,350436568,349568449,48510028,349568449,33498987,48510028,33498987,
临床医疗		
	知乎用户	
		63727821,63727821,337584891,337584891,314890650,314890650,333264576,333264576,265629001,265629001,328457531,328457531,20372174,20372174,
法律	北京	352026926,352026926,21395669,21395669,350243609,350243609,348478699,348478699,344238261,344238261,329971551,329971551,346602215,346602215,345052269,345052269,52311241,52311241,334641663,334641663,
互联网	董事长	62126661,48510028,62126661,43933460,48510028,43933460,37272458,48510028,37272458,37375103,48510028,37375103,36482764,48510028,36482764,30138638,48510028,30138638,19552576,48510028,19552576,19555984,48510028,19555984,19558804,48510028,19558804,
互联网		294357403,294357403,29154590,29154590,263512171,263512171,68336858,68336858,39080952,39080952,51987410,51987410,55226710,55226710,39722495,39722495,37121295,37121295,61817459,61817459,
旅游	北京	29517463,48510028,29517463,312747301,48510028,312747301,30447146,48510028,30447146,22159864,48510028,22159864,59304414,48510028,59304414,48397252,48510028,48397252,50702972,48510028,50702972,27070392,48510028,27070392,23699748,48510028,23699748,61341735,48510028,61341735,
高等教育	北京	349028925,48510028,349028925,349548263,48510028,349548263,267676068,48510028,267676068,315810002,48510028,315810002,303760154,48510028,303760154,54656254,48510028,54656254,280686596,48510028,280686596,56436534,48510028,56436534,37093377,48510028,37093377,268198172,48510028,268198172,
地产建筑	上海	323985794,323985794,341463110,341463110,61408894,61408894,324309790,324309790,352173424,352173424,348220976,348220976,352162714,352162714,347244638,347244638,351810026,351810026,314235326,314235326,
	飞喵情感实验室	303420956,303420956,267160890,267160890,265661002,265661002,37796651,37796651,20436486,20436486,48478070,48478070,21448914,21448914,29277415,29277415,296975344,296975344,304664508,304664508,
	糖护士	352086090,48510028,352086090,263953798,48510028,263953798,352082236,48510028,352082236,351673538,48510028,351673538,349972837,48510028,349972837,346729202,48510028,346729202,349943989,48510028,349943989,351467076,48510028,351467076,351362956,48510028,351362956,351021332,48510028,351021332,
培训	香港	24561242,24561242,28701151,28701151,21438128,21438128,28699771,28699771,28694495,28694495,
互联网	莆田	291555490,291555490,284778650,284778650,283258854,283258854,
金融	上海	
	
计算机硬件	悉尼	296061472,296061472,274498093,274498093,294293207,294293207,28225105,28225105,281204290,281204290,270840345,270840345,275852258,275852258,271428221,271428221,66134119,66134119,266712963,266712963,
互联网	广州市	349670965,349670965,349385305,349385305,351567732,351567732,348742264,348742264,344019917,344019917,349378789,349378789,343519209,343519209,349198472,349198472,349199028,349199028,346162314,346162314,
互联网	周杰伦的小粉丝	23040459,23040459,
高新科技	北京	
	滚键盘asd	315266810,315266810,292776193,292776193,271292355,271292355,
互联网	不二小	349763770,349763770,341988101,341988101,349014495,349014495,339446777,339446777,341511829,341511829,346972954,346972954,335475478,335475478,301793024,301793024,296774554,296774554,64824383,64824383,
临床医疗	合肥市	30562165,48510028,30562165,352059823,48510028,352059823,19850048,48510028,19850048,38827553,48510028,38827553,351447353,48510028,351447353,263465293,48510028,263465293,21148187,48510028,21148187,21132926,48510028,21132926,279883514,48510028,279883514,35139807,48510028,35139807,
体育健身	健身房	37205341,37205341,29172757,29172757,24972957,24972957,26229951,26229951,24782858,24782858,31828509,31828509,21705794,21705794,22106137,22106137,60078959,60078959,53058215,53058215,
电子游戏	上海	23228636,23228636,27766384,27766384,20377221,20377221,292064468,292064468,24918249,24918249,58604885,58604885,23568198,23568198,22383021,22383021,47115084,47115084,277226927,277226927,
创意艺术	同名公众号  黄静格子	
高新科技	王小川	311776816,48510028,311776816,309939951,48510028,309939951,309939836,48510028,309939836,52748698,48510028,52748698,309679406,48510028,309679406,264068661,48510028,264068661,306509803,48510028,306509803,64825610,48510028,64825610,47117628,48510028,47117628,57052349,48510028,57052349,
	feby	351937599,351937599,351806204,351806204,352389200,352389200,348460737,348460737,351105205,351105205,351312949,351312949,341294095,341294095,341690024,341690024,347744137,347744137,21887119,21887119,
	佳同学	346344867,346344867,342970780,342970780,338316989,338316989,337974980,337974980,334734173,334734173,334526010,334526010,334715752,334715752,327151685,327151685,332245052,332245052,27484486,27484486,
互联网	人工智能研究所	352566003,352566003,274033827,274033827,352171277,352171277,352108632,352108632,296681129,296681129,351165549,351165549,352080473,352080473,351976514,351976514,351806204,351806204,279823971,279823971,
资本投资	旧金山 (San Francisco)	
互联网	宁波	67870993,67870993,298523503,298523503,283303767,283303767,299161079,299161079,24465165,24465165,292359078,292359078,29183631,29183631,23524562,23524562,289555563,289555563,264239712,264239712,
	国际红色通讯	316248991,316248991,318488879,318488879,268674860,268674860,277155838,277155838,
咨询分析	彭畦钰	343102702,343102702,345606113,345606113,303546096,303546096,350827215,350827215,307183171,307183171,348049253,348049253,23819007,23819007,52135892,52135892,291786772,291786772,269070865,269070865,
制造加工	善生的善生	316056620,48510028,316056620,321406606,48510028,321406606,318791092,48510028,318791092,318719470,48510028,318719470,
互联网	北京市	321811738,321811738,31728184,315361987,315361987,313401223,313401223,311596513,311596513,307106209,307106209,32001782,32001782,291700127,291700127,279256702,279256702,265304832,265304832,264580669,264580669,
互联网	北京	23346131,23346131,315891070,315891070,287254369,287254369,276231342,276231342,19570458,19570458,268233002,268233002,68161840,68161840,60248137,60248137,55991462,55991462,19705539,19705539,
咨询分析	上海	352299328,352299328,352228356,352228356,351806204,351806204,351125954,351125954,351014096,351014096,350675490,350675490,350043460,350043460,348350686,348350686,347469966,347469966,346450641,346450641,
互联网	北京	275058151,275058151,273631724,273631724,271684990,271684990,271120036,271120036,270351399,270351399,270200894,270200894,265283961,265283961,266560841,266560841,268423514,268423514,268514854,268514854,


















































































































































































































































































































































