
电子商务	北京	20340392,20340392,21307917,21307917,20695141,20695141,20479372,20479372,20477142,20477142,20361180,20361180,20319404,20319404,20282614,20282614,20159164,20159164,20133437,20133437,
教育	美国加州	
装饰装潢	成都	33188458,33188458,320810371,320810371,315958918,315958918,21128507,21128507,25832339,25832339,324647270,324647270,29696932,29696932,22556043,22556043,47358550,47358550,328775527,328775527,
	灰灰	20374227,20374227,
创意艺术	北京	346673824,346673824,46372656,46372656,51118341,51118341,24403285,24403285,46152993,46152993,33961740,33961740,37809732,37809732,40245582,40245582,19785007,19785007,22268622,22268622,
	稻香村	34490046,48510028,34490046,350693282,48510028,350693282,39713752,48510028,39713752,348508571,48510028,348508571,308456695,48510028,308456695,306078094,48510028,306078094,299771921,48510028,299771921,346899381,48510028,346899381,336804843,48510028,336804843,302376685,48510028,302376685,
互联网	
	刺猬大学	304838170,48510028,304838170,347938061,48510028,347938061,268961398,48510028,268961398,288290769,48510028,288290769,318628129,48510028,318628129,315012080,48510028,315012080,290543744,48510028,290543744,35953016,48510028,35953016,33635478,48510028,33635478,41088875,48510028,41088875,
	第一反应急救	308375308,48510028,308375308,316482179,48510028,316482179,315713538,48510028,315713538,315717421,48510028,315717421,315712065,48510028,315712065,294428001,48510028,294428001,290573192,48510028,290573192,21237389,48510028,21237389,34643605,48510028,34643605,19760394,48510028,19760394,
餐饮	四川	352231492,352231492,352143972,352143972,351190633,351190633,302479879,302479879,339489489,339489489,348508571,348508571,350823185,350823185,350336215,350336215,349022103,349022103,343141235,343141235,
互联网	上海	350734884,48509984,350734884,347599120,48509984,347599120,59057417,48509984,59057417,350941114,48509984,350941114,347495430,48509984,347495430,350243609,48509984,350243609,349675424,48509984,349675424,348478699,48509984,348478699,348308828,48509984,348308828,53727502,48509984,53727502,
食品饮料业	上海	21738443,48510028,21738443,343850790,48510028,343850790,344865142,48510028,344865142,344788683,48510028,344788683,342272475,48510028,342272475,338376650,48510028,338376650,336253512,48510028,336253512,333463946,48510028,333463946,323400514,48510028,323400514,321107584,48510028,321107584,
民用航空业	广州市	351798864,48509984,351798864,349598228,48509984,349598228,346282105,48509984,346282105,348000596,48509984,348000596,329473987,48509984,329473987,339340250,48509984,339340250,334886900,48509984,334886900,332285306,336692697,48509984,336692697,330165233,48509984,330165233,336119216,48509984,336119216,
教育		351853752,351853752,21866727,21866727,347343309,347343309,265325761,265325761,337037313,337037313,343292107,343292107,54231137,54231137,350861425,350861425,30612971,30612971,55227382,55227382,
装饰装潢	上海市	345685144,48510028,345685144,
	太平洋家居网	295090749,48510028,295090749,284797552,48510028,284797552,270338374,48510028,270338374,279657328,48510028,279657328,276463302,48510028,276463302,63929248,48510028,63929248,274385420,48510028,274385420,38530346,48510028,38530346,57725955,48510028,57725955,278056336,48510028,278056336,
互联网	北京	
	红创意包装设计	35092946,35092946,
高等教育	英国	352473175,48510028,352473175,351920965,48510028,351920965,346862321,48510028,346862321,23448791,48510028,23448791,349870265,48510028,349870265,346198994,48510028,346198994,348916228,48510028,348916228,345282592,48510028,345282592,334189586,48510028,334189586,340516766,48510028,340516766,
	new student	47387826,47387826,63001281,63001281,49031718,49031718,47279914,47279914,40271811,40271811,35196471,35196471,33703677,33703677,26716568,26716568,
保险	北京	28184959,28184959,325475739,325475739,20250619,328006633,328006633,49957227,49957227,321921760,321921760,288490355,288490355,292028360,292028360,23355311,23355311,23563419,23563419,20250619,315930540,315930540,
	
	藩篱	
养老服务	乌苏里斯克	277807298,48509984,277807298,31639400,48509984,31639400,19565754,48509984,19565754,23553937,48509984,23553937,281768686,48509984,281768686,19912844,48509984,19912844,291361863,48509984,291361863,27198493,48509984,27198493,27996454,48509984,27996454,26771121,48509984,26771121,
	投影网	36648039,48510028,36648039,41126368,48510028,41126368,267736806,48510028,267736806,352379871,48510028,352379871,290589288,48510028,290589288,352162100,48510028,352162100,351036264,48510028,351036264,28309568,48510028,28309568,32031040,48510028,32031040,351774748,48510028,351774748,
	华农兄弟	51976252,51976252,275608259,275608259,
互联网	广州市	270883846,270883846,26161562,26161562,266230601,266230601,26784045,26784045,43607087,43607087,20270540,20270540,54244634,54244634,46726145,46726145,27751139,27751139,263909521,263909521,
	
教育	上海	319220336,319220336,44675155,44675155,24852133,24852133,19906791,19906791,23933679,23933679,304543883,304543883,35852799,35852799,57832426,57832426,24725117,24725117,299979848,299979848,
法律	上海市	351779111,48509984,351779111,351118441,48509984,351118441,350655387,48509984,350655387,29861427,48509984,29861427,348350686,48509984,348350686,349120697,48509984,349120697,346897709,48509984,346897709,61427887,48509984,61427887,347354112,48509984,347354112,345411976,48509984,345411976,
互联网	北京	
互联网	上海	
互联网	北京	348029701,48510028,348029701,318496731,48510028,318496731,304499020,
	
互联网	北京	32286048,32286048,349690861,349690861,351399437,351399437,350346078,350346078,343936996,343936996,348318705,348318705,274891133,274891133,345040600,345040600,26049547,26049547,350662445,350662445,
	360安全卫士	349776529,48510028,349776529,24824414,48510028,24824414,348025779,48510028,348025779,337392748,48510028,337392748,336272564,340979343,48510028,340979343,340498260,48510028,340498260,341988588,48510028,341988588,339871216,48510028,339871216,21003494,48510028,21003494,338828058,48510028,338828058,336272564,
	深圳市	284206141,284206141,58503121,58503121,21289752,21289752,27169866,27169866,38632401,38632401,24497666,24497666,21945165,21945165,29269620,29269620,23558504,23558504,
广播电视	南宁市	19749415,19749415,66279601,66279601,64995362,64995362,58315886,58315886,58216986,58216986,57881041,57881041,37672919,37672919,19615646,19615646,55027391,55027391,54844984,54844984,
广播电视	打杂	
	碳云智能	296374184,48510028,296374184,308094956,48510028,308094956,28381521,48510028,28381521,20191226,48510028,20191226,269490332,48510028,269490332,21135078,48510028,21135078,21627935,48510028,21627935,22632481,48510028,22632481,303677011,48510028,303677011,294675877,48510028,294675877,
家具	郑州	350413947,350413947,349036513,349036513,348463992,348463992,346965791,346965791,346024815,346024815,345177084,345177084,341274229,341274229,337024044,337024044,343273016,343273016,343126340,343126340,
	
装饰装潢	上海	343848355,343848355,346987961,346987961,349059479,349059479,347567283,347567283,345027620,345027620,328382637,328382637,339480737,339480737,342248779,342248779,339084504,339084504,24332886,24332886,
互联网	北京	296651647,48509984,296651647,68284420,48509984,68284420,312130103,48509984,312130103,310045649,48509984,310045649,34813332,48509984,34813332,302134655,48509984,302134655,266700195,48509984,266700195,21828662,48509984,21828662,47783379,48509984,47783379,39420364,48509984,39420364,
	小鹿	342153356,342153356,326568352,326568352,324348012,324348012,64797585,64797585,61249135,61249135,49413088,49413088,51946208,51946208,
	鱼爪	338033916,48510028,338033916,351835380,48510028,351835380,352125130,48510028,352125130,347418896,48510028,347418896,352486423,48510028,352486423,320507085,48510028,320507085,25065241,48510028,25065241,323985794,48510028,323985794,349576507,48510028,349576507,346709712,48510028,346709712,
	电气工程师	352321760,48509984,352321760,351918727,48509984,351918727,352374275,48509984,352374275,352200405,48509984,352200405,266836494,48509984,266836494,351046928,48509984,351046928,351875122,48509984,351875122,350768129,48509984,350768129,351967113,48509984,351967113,351919585,48509984,351919585,
	聚商圈集团	347103330,48510028,347103330,342826214,48510028,342826214,343548212,48510028,343548212,68441898,48510028,68441898,58998796,48510028,58998796,36996031,48510028,36996031,342936488,48510028,342936488,341926440,48510028,341926440,340067141,48510028,340067141,339589162,48510028,339589162,
	知乎用户	
高等教育	多伦多	351894873,351894873,346049678,346049678,338061411,338061411,347011915,347011915,346122954,346122954,343403115,343403115,339384135,339384135,339525331,339525331,48865367,48865367,335530471,335530471,
家具	苏州	25160832,25160832,346403872,346403872,339704420,339704420,310264063,310264063,330256879,330256879,24715834,24715834,325059728,325059728,317398256,317398256,322928291,322928291,309350628,309350628,
出版业	北京	350738975,350738975,288688040,288688040,320786240,320786240,320686059,320686059,319774219,319774219,318322067,318322067,308232247,308232247,288747253,288747253,275392685,275392685,277788710,277788710,
高等教育	重庆	352387157,48510028,352387157,349197561,48510028,349197561,349745019,48510028,349745019,266608049,48510028,266608049,350252837,48510028,350252837,349785562,48510028,349785562,347544107,48510028,347544107,348775919,48510028,348775919,340860437,48510028,340860437,347393555,48510028,347393555,
	留学快问	
	北京	349862723,48510028,349862723,290146606,48510028,290146606,283029618,48510028,283029618,280245540,48510028,280245540,63393032,48510028,63393032,61854502,48510028,61854502,45596317,48510028,45596317,57860261,48510028,57860261,21678294,48510028,21678294,24483447,48510028,24483447,
互联网	北京	
装饰装潢	厦门市湖里区金钟路5号万达写字楼C2栋1501室	68716621,48510028,68716621,31690345,48510028,31690345,28834317,48510028,28834317,308553467,48510028,308553467,266901539,48510028,266901539,44876109,48510028,44876109,27023282,48510028,27023282,62891331,48510028,62891331,24009215,48510028,24009215,296030605,48510028,296030605,
艺术娱乐	调色师	264572774,264572774,50575876,50575876,
	孟母生活研究所	
	好工长家居	64351318,64351318,64550075,64550075,31099598,31099598,29815842,29815842,46721128,46721128,19870594,19870594,65197035,65197035,65530698,65530698,31219162,31219162,20327568,20327568,
	上海	37544512,37544512,53838846,53838846,270793077,270793077,21812264,21812264,26960125,26960125,61185598,61185598,343523989,343523989,20638562,20638562,323550307,323550307,26346184,26346184,
金融	北京	20719727,48510028,20719727,36082481,48510028,36082481,345316124,48510028,345316124,326998351,48510028,326998351,313449571,48510028,313449571,341665138,48510028,341665138,31454653,48510028,31454653,319405464,48510028,319405464,318105959,48510028,318105959,313776438,48510028,313776438,
互联网	上海	348079217,48510028,348079217,351741173,48510028,351741173,351122226,48510028,351122226,352085186,48510028,352085186,352076986,48510028,352076986,352080473,48510028,352080473,351878598,48510028,351878598,348101584,48510028,348101584,351008278,48510028,351008278,350806549,48510028,350806549,
	逸舟	31825290,31825290,31810308,31810308,31508215,31508215,19728911,19728911,30877784,30877784,30692022,30692022,30783915,30783915,30391704,30391704,30314978,30314978,29552475,29552475,
装饰装潢	执北	24914488,24914488,31333146,31333146,19722055,19722055,287318331,287318331,26620889,26620889,268911206,268911206,300380359,300380359,270934835,270934835,22518335,22518335,24452688,24452688,
	大梦想程序商店	29147727,48510028,29147727,21940510,48510028,21940510,36546814,48510028,36546814,265726340,48510028,265726340,277398226,48510028,277398226,47045516,48510028,47045516,266021832,48510028,266021832,55262852,48510028,55262852,272485925,48510028,272485925,54580383,48510028,54580383,
	广州市	349872638,349872638,340745974,340745974,338904971,338904971,24972957,24972957,286733591,286733591,330140084,330140084,21324597,21324597,327053942,327053942,325011307,325011307,326780069,326780069,
	天华建筑	57077229,48510028,57077229,46284112,48510028,46284112,30686748,48510028,30686748,335358060,48510028,335358060,32028135,48510028,32028135,20342520,48510028,20342520,323467627,48510028,323467627,23729493,48510028,23729493,316550346,48510028,316550346,34788299,48510028,34788299,
汽车	杭州	
医疗服务		350126182,350126182,351902990,351902990,31557238,31557238,347372020,347372020,344477978,344477978,344338112,344338112,344156081,344156081,338134502,338134502,325605528,325605528,324786943,324786943,
	工业设计	25526443,48509984,25526443,20551415,48509984,20551415,23079764,48509984,23079764,22468844,48509984,22468844,22362425,48509984,22362425,22431485,48509984,22431485,21988925,48509984,21988925,22368919,48509984,22368919,22363303,48509984,22363303,22360035,48509984,22360035,
互联网	北京	351806204,351806204,36611199,36611199,24676856,24676856,37384745,37384745,329149351,329149351,296689617,296689617,30938058,30938058,24636979,24636979,288685022,288685022,31753048,31753048,
汽车	广东省	337264214,48509984,337264214,28878205,48509984,28878205,350774036,48509984,350774036,348195449,48509984,348195449,346764561,48509984,346764561,325480157,48509984,325480157,25306024,48509984,25306024,340359577,48509984,340359577,275470985,48509984,275470985,340246847,48509984,340246847,
	CHANGEclub	25950263,48510028,25950263,344703969,48510028,344703969,337554161,48510028,337554161,27995234,26614031,48510028,26614031,20337542,48510028,20337542,303484985,48510028,303484985,20478670,48510028,20478670,263824213,48510028,263824213,305856248,48510028,305856248,279931228,48510028,279931228,
政府	济南	294222138,294222138,277455168,277455168,31737565,31737565,23883149,23883149,282065980,282065980,268128492,268128492,278602036,278602036,54659353,54659353,330146668,330146668,326045278,326045278,
	洛杉矶 (Los Angeles)	352237500,352237500,352108632,352108632,351806204,351806204,269160774,269160774,338054098,338054098,352363789,352363789,351089356,351089356,351690475,351690475,23983641,23983641,348258759,348258759,
互联网	苏州	40470022,40470022,33496205,33496205,27454927,20133923,20133923,51715307,51715307,59879654,59879654,27454927,59765277,59765277,50582087,50582087,57809755,57809755,59766996,59766996,59786900,59786900,
	半撇私塾	347466996,48510028,347466996,323895021,48510028,323895021,337374854,48510028,337374854,51650344,48510028,51650344,304136206,48510028,304136206,334446449,48510028,334446449,267467032,48510028,267467032,63305198,48510028,63305198,340859645,48510028,340859645,340672291,48510028,340672291,
	羊驼PTE	348021590,48510028,348021590,55000125,48510028,55000125,325415131,48510028,325415131,334232834,48510028,334232834,325706376,48510028,325706376,330134496,48510028,330134496,328362749,48510028,328362749,330082757,48510028,330082757,316388988,48510028,316388988,277641218,48510028,277641218,
	一兜糖家居APP	266187379,48510028,266187379,48685050,48510028,48685050,338978748,48510028,338978748,25740178,48510028,25740178,23080919,48510028,23080919,330784999,48510028,330784999,31755025,48510028,31755025,45764422,48510028,45764422,337047368,48510028,337047368,31518028,48510028,31518028,
互联网	美国	346283453,346283453,335256425,335256425,331033938,331033938,324436857,324436857,318859461,318859461,316400497,316400497,62924006,62924006,313640088,313640088,306269947,306269947,308122275,308122275,
	AC建筑创作	346369886,48510028,346369886,22663753,48510028,22663753,34898271,48510028,34898271,316826671,48510028,316826671,334906859,48510028,334906859,337554161,48510028,337554161,68209132,48510028,68209132,26106843,48510028,26106843,332128148,48510028,332128148,326923936,48510028,326923936,
食品饮料业	婺源	345660084,345660084,338204831,338204831,338581555,338581555,64501030,64501030,276529543,276529543,337696478,337696478,23913008,23913008,21009384,21009384,23622921,23622921,326469751,326469751,
	
零售	北京	347724251,347724251,331013795,331013795,323767282,323767282,322878902,322878902,322724672,322724672,321119935,321119935,319764288,319764288,316787562,316787562,318302818,318302818,317932270,317932270,
汽车	上海	54826697,54826697,338979833,338979833,333769627,333769627,325094620,325094620,349898069,349898069,22609488,22609488,60813642,60813642,336507623,336507623,346569077,346569077,343902337,343902337,
高等教育	刘伯牙	352209165,352209165,352173424,352173424,352080473,352080473,351694702,351694702,351798864,351798864,351747235,351747235,351583438,351583438,349942003,349942003,348970353,348970353,350113338,350113338,
临床医疗	医学影像	
	陈东来	53480827,53480827,265044469,265044469,264274118,264274118,
	湖南东易日盛	271921402,271921402,271439689,271439689,61199983,61199983,64719179,64719179,269515792,269515792,268882196,268882196,268541376,268541376,268627944,268627944,59227351,59227351,32756865,32756865,
	JusTalk	305575632,305575632,311709592,311709592,26457524,26457524,21127893,21127893,323200178,323200178,49921545,49921545,19593235,19593235,27314565,27314565,41488557,41488557,22526427,22526427,
	屋托邦互联网装修	28683183,28683183,30985975,30985975,26419509,26419509,265615769,265615769,23334600,23334600,22970316,22970316,269168840,269168840,289999416,289999416,51046684,51046684,40939221,40939221,
	暖石	19602934,48510028,19602934,312334607,48510028,312334607,39507727,48510028,39507727,319644715,48510028,319644715,307983298,48510028,307983298,29447490,48510028,29447490,304723139,48510028,304723139,348607535,48510028,348607535,64826941,48510028,64826941,290935221,48510028,290935221,
互联网	郑州	22805396,22805396,25343481,25343481,291506148,291506148,23289709,23289709,31325499,31325499,340604965,340604965,26684822,26684822,325648700,325648700,51861054,51861054,28417938,28417938,
	KOOMIN	351583438,351583438,350320924,350320924,350068777,350068777,342610503,342610503,341542934,341542934,346156769,346156769,345413562,345413562,341104418,341104418,340776704,340776704,335510726,335510726,
计算机软件	上海	
	慕课网	27874103,48510028,27874103,25039418,48510028,25039418,33578075,48510028,33578075,63152623,48510028,63152623,300650155,48510028,300650155,277800597,48510028,277800597,26947538,48510028,26947538,40527320,48510028,40527320,32048560,48510028,32048560,24192778,48510028,24192778,
人力资源	长沙	334165476,334165476,341945366,341945366,344575738,344575738,319325194,319325194,322601732,322601732,345708487,345708487,292901966,292901966,318692201,318692201,23047606,23047606,346596297,346596297,
	
互联网	宁波	351544690,351544690,350264380,350264380,351667348,351667348,350854288,350854288,351312949,351312949,330256444,330256444,351237585,351237585,351106143,351106143,351096666,351096666,332366607,332366607,
互联网	江城	351012533,351012533,345752008,345752008,334282916,334282916,346733471,346733471,344853379,344853379,39766410,39766410,318438489,318438489,339305671,339305671,333098702,333098702,337028861,337028861,
法律	北京	271618627,48510028,271618627,267713450,48510028,267713450,60113195,48510028,60113195,57961848,48510028,57961848,66770322,48510028,66770322,59614208,48510028,59614208,50832573,55642773,48510028,55642773,48840916,48510028,48840916,52959387,48510028,52959387,21140914,48510028,21140914,26840075,
	容易视听	22485924,48510028,22485924,21834948,48510028,21834948,278625538,48510028,278625538,316078088,48510028,316078088,30391915,48510028,30391915,328872889,48510028,328872889,23455508,48510028,23455508,24205632,48510028,24205632,29494871,48510028,29494871,37322363,48510028,37322363,
	采贝HR	344738513,48510028,344738513,55054413,48510028,55054413,341128836,48510028,341128836,36263350,48510028,36263350,343118354,48510028,343118354,49759961,48510028,49759961,342072079,48510028,342072079,330672795,48510028,330672795,335751045,48510028,335751045,333441077,48510028,333441077,
	[已重置]	340301633,340301633,349100846,349100846,343955899,343955899,349447886,349447886,348181968,348181968,349461523,349461523,318913382,318913382,346122954,346122954,348312976,348312976,348207751,348207751,
计算机软件	上海	294635686,294635686,274814109,274814109,281673805,281673805,35485166,35485166,55212991,55212991,62431352,62431352,270007738,270007738,54003912,54003912,31819655,31819655,68528572,68528572,
	知乎用户	
机械设备	北京	291597382,48509984,291597382,20602526,48509984,20602526,348478699,48509984,348478699,346060949,48509984,346060949,312115311,48509984,312115311,337770589,48509984,337770589,346895567,48509984,346895567,339138922,48509984,339138922,335242710,48509984,335242710,330478409,48509984,330478409,
	北京	21552953,48509984,21552953,19929609,48509984,19929609,21872457,48509984,21872457,49681481,48509984,49681481,22999912,48509984,22999912,26166417,48509984,26166417,41993364,48509984,41993364,34864740,48509984,34864740,21443455,48509984,21443455,32164316,48509984,32164316,
	荒井新生	352274276,48510028,352274276,351772162,48510028,351772162,351733298,48510028,351733298,351421958,48510028,351421958,351164606,48510028,351164606,351741235,48510028,351741235,351488237,48510028,351488237,345724591,48510028,345724591,346969826,48510028,346969826,350694326,48510028,350694326,
	玩家生活	56054068,48510028,56054068,34565860,48510028,34565860,27603318,48510028,27603318,22428831,48510028,22428831,35781319,48510028,35781319,25950263,48510028,25950263,21274188,48510028,21274188,19867257,48510028,19867257,20549768,48510028,20549768,21240608,48510028,21240608,
创意艺术	地球	352219802,352219802,28217018,28217018,348996703,348996703,348904824,348904824,351406805,351406805,351262548,351262548,346139525,346139525,350957345,350957345,350272769,350272769,49940883,49940883,
科研	伦敦（Greater London）	348067123,48510028,348067123,338980186,48510028,338980186,334381036,327614103,48510028,327614103,50465242,48510028,50465242,327357864,48510028,327357864,327563015,48510028,327563015,46883195,48510028,46883195,318346341,48510028,318346341,58018004,48510028,58018004,19583765,48510028,19583765,
装饰装潢	成都	39222071,39222071,20287830,20287830,26039287,26039287,290614987,290614987,28896703,28896703,20799466,20799466,274030123,274030123,25044125,25044125,38551761,38551761,24083088,24083088,
	江苏新东方烹饪学校	350967070,48510028,350967070,343203629,48510028,343203629,300810843,48510028,300810843,340794689,48510028,340794689,323546922,48510028,323546922,19980480,48510028,19980480,317242782,48510028,317242782,299292902,48510028,299292902,345213173,48510028,345213173,346127478,48510028,346127478,
	轻流	23360635,48510028,23360635,276995691,48510028,276995691,19577803,48510028,19577803,22546216,48510028,22546216,267074868,48510028,267074868,55311506,48510028,55311506,343033809,48510028,343033809,54662446,48510028,54662446,284299571,48510028,284299571,331039715,48510028,331039715,
生物工程	俄亥俄州	
互联网	北京	45694301,48510028,45694301,45694301,351374778,48510028,351374778,307236773,48510028,307236773,350997351,48510028,350997351,340586328,48510028,340586328,308561495,48510028,308561495,349566175,48510028,349566175,320284967,48510028,320284967,331928351,48510028,331928351,347747158,48510028,347747158,
互联网	北京	54513391,54513391,337192726,337192726,40207910,40207910,331550985,331550985,329282168,329282168,31282157,31282157,322273797,322273797,20899988,20899988,315043909,315043909,298613603,298613603,
互联网		351522903,351522903,350925723,350925723,350857182,350857182,350737448,350737448,332897003,332897003,346596937,346596937,345995782,345995782,345538369,345538369,345198615,345198615,65280775,65280775,
	米兰HOAA国际艺术设计集团	273718135,273718135,271663207,271663207,
装饰装潢	成都高新区	65790980,65790980,25491628,25491628,308981047,308981047,24144153,24144153,281996690,281996690,38147398,38147398,336204622,336204622,20549768,20549768,324647270,324647270,337801747,337801747,
高等教育	北京	341336919,48510028,341336919,23713916,48510028,23713916,348029701,48510028,348029701,306249128,341845058,48510028,341845058,19560612,48510028,19560612,336410972,48510028,336410972,22700005,48510028,22700005,264763117,48510028,264763117,329069499,48510028,329069499,325144561,48510028,325144561,
	简十一	301793024,301793024,321905909,321905909,19581185,19581185,25056214,25056214,35471739,35471739,37708264,37708264,304087708,304087708,36091285,36091285,47908341,47908341,24317568,24317568,
	New York	23995189,23995189,292901966,292901966,
	BoxMe官方	59739313,59739313,275397685,275397685,276143664,276143664,275648832,275648832,275496040,275496040,30525613,30525613,275810345,275810345,27889356,27889356,275709658,275709658,275642598,275642598,
博物馆	北京市	343366307,48510028,343366307,342658585,48510028,342658585,338705766,48510028,338705766,312706857,48510028,312706857,312980482,48510028,312980482,276438817,48510028,276438817,269339532,48510028,269339532,60487154,48510028,60487154,60880564,48510028,60880564,65074012,48510028,65074012,
	帆软	352233691,48510028,352233691,330356466,48510028,330356466,282422336,48510028,282422336,20125503,48510028,20125503,27692329,48510028,27692329,20195209,48510028,20195209,347393555,48510028,347393555,21172229,48510028,21172229,266514417,48510028,266514417,347722370,48510028,347722370,
	DreambigCareer	20856722,48510028,20856722,301686177,48510028,301686177,28852659,48510028,28852659,38776483,48510028,38776483,35316138,48510028,35316138,30108233,48510028,30108233,28924185,48510028,28924185,263772036,48510028,263772036,55655275,48510028,55655275,338065122,48510028,338065122,
	Moka 招聘管理系统	320167250,48510028,320167250,314950495,48510028,314950495,19895061,48510028,19895061,37699644,48510028,37699644,34786516,48510028,34786516,317818543,48510028,317818543,66355033,48510028,66355033,314980278,48510028,314980278,316161077,48510028,316161077,26787893,48510028,26787893,
	青果教育	339330617,48510028,339330617,339332954,48510028,339332954,339467920,48510028,339467920,276269477,48510028,276269477,27826403,48510028,27826403,338933665,48510028,338933665,36159810,48510028,36159810,19556328,48510028,19556328,67844959,48510028,67844959,20016397,48510028,20016397,
	波尔多	342936488,342936488,340096565,340096565,328870392,328870392,299152467,299152467,41535854,41535854,67117799,67117799,48765238,48765238,20390143,20390143,277636394,277636394,23988948,23988948,
高新科技	何静	276340629,276340629,265364136,265364136,64970975,64970975,67018771,67018771,25071875,25071875,66480166,66480166,65909816,65909816,29333191,29333191,51942131,51942131,63596372,63596372,
互联网	北京	351137894,351137894,348516955,348516955,346965791,346965791,278594044,278594044,341688881,341688881,341533064,341533064,341349091,341349091,315894264,315894264,336229256,336229256,334239898,334239898,
	真实故事计划	26765834,48510028,26765834,23716039,48510028,23716039,51690276,48510028,51690276,350996756,48510028,350996756,23969756,48510028,23969756,290210695,48510028,290210695,323446334,48510028,323446334,31421459,48510028,31421459,54619234,48510028,54619234,286175714,48510028,286175714,
	新住	352059134,352059134,348760662,348760662,33559490,33559490,347371272,347371272,333046172,40900697,40900697,345171323,345171323,344485849,344485849,24295073,24295073,291493186,291493186,30946353,30946353,

高新科技		351220222,48510028,351220222,350152787,48510028,350152787,351580205,48510028,351580205,351108273,48510028,351108273,350312870,48510028,350312870,351354562,48510028,351354562,351223280,48510028,351223280,350459997,48510028,350459997,327116799,48510028,327116799,349487224,48510028,349487224,
装饰装潢	张书敏	30200054,30200054,22665390,22665390,273869021,273869021,
环境保护	团宠	348007522,348007522,338075279,338075279,51709138,51709138,278035094,278035094,338947988,338947988,334178804,334178804,318418703,318418703,332680738,332680738,335566817,335566817,306537973,306537973,
	北京	284451770,284451770,30518410,30518410,30518648,30518648,275630227,275630227,290066447,290066447,19840665,19840665,19584369,19584369,25424341,25424341,20105267,20105267,62570926,62570926,
	造作ZAOZUO	22348757,48510028,22348757,47255766,48510028,47255766,23473648,48510028,23473648,269424426,48510028,269424426,36051105,48510028,36051105,38140312,48510028,38140312,56741424,48510028,56741424,46975763,48510028,46975763,290614987,48510028,290614987,24636979,48510028,24636979,
	冠能科学营养研究所	337694970,48510028,337694970,336418720,48510028,336418720,333447425,48510028,333447425,
互联网		
	TUV莱茵	26153747,48510028,26153747,317643726,48510028,317643726,59250926,48510028,59250926,66453582,48510028,66453582,25440925,48510028,25440925,46389259,48510028,46389259,44156497,48510028,44156497,271672907,48510028,271672907,40847461,48510028,40847461,339209083,48510028,339209083,
国防军事	上海	352374502,352374502,349703624,349703624,351301227,351301227,351429013,351429013,351776770,351776770,348608189,348608189,351961632,351961632,352206335,352206335,344496393,344496393,304754067,304754067,
	玫瑰星座婚纱摄影STUDIO	342771119,48510028,342771119,339093492,48510028,339093492,342741624,48510028,342741624,341329268,48510028,341329268,337484376,48510028,337484376,343209109,48510028,343209109,335594350,48510028,335594350,62636943,48510028,62636943,46278506,48510028,46278506,325377391,48510028,325377391,
娱乐休闲	上海市	342616024,342616024,345132630,345132630,351008278,351008278,351200680,351200680,347276611,347276611,350869637,350869637,351074765,351074765,350411823,350411823,350028180,350028180,343820560,343820560,
互联网	北京	350206088,48510028,350206088,345701163,48510028,345701163,345283912,48510028,345283912,344763924,48510028,344763924,340134550,48510028,340134550,332699841,48510028,332699841,19568396,302311885,48510028,302311885,315361987,48510028,315361987,297841881,48510028,297841881,25332314,48510028,25332314,
互联网	洋猫	351552444,351552444,350690005,350690005,279247693,279247693,31551594,31551594,348281572,348281572,346993906,346993906,54311874,54311874,347334475,347334475,
	众安智造局	20328045,48510028,20328045,307578025,48510028,307578025,22638720,48510028,22638720,345380983,48510028,345380983,341722608,48510028,341722608,343055136,48510028,343055136,344653850,48510028,344653850,341670948,48510028,341670948,53315862,48510028,53315862,20975883,48510028,20975883,
临床医疗	上海市	351897906,48510028,351897906,351583622,48510028,351583622,352231492,48510028,352231492,352270843,48510028,352270843,351479801,48510028,351479801,351341267,48510028,351341267,350724508,48510028,350724508,351330539,48510028,351330539,349412723,48510028,349412723,351398961,48510028,351398961,
	时趣	40873563,48510028,40873563,313564280,48510028,313564280,352438371,48510028,352438371,350589725,48510028,350589725,294589239,48510028,294589239,20764464,48510028,20764464,40845027,48510028,40845027,336326249,48510028,336326249,33574522,48510028,33574522,55050505,48510028,55050505,
博物馆	北京	40028642,40028642,47045516,47045516,263678290,263678290,68014919,68014919,29183631,29183631,273866042,273866042,22866524,22866524,321211386,321211386,46680759,46680759,25368703,25368703,
	知乎用户	
保健	北京	318364417,318364417,285330584,285330584,53783828,53783828,53782836,53782836,20272631,20272631,21326267,21326267,20813614,20813614,
汽车	上海市	352228356,48510028,352228356,349828998,48510028,349828998,350787653,48510028,350787653,341363576,48510028,341363576,344905379,48510028,344905379,350191144,48510028,350191144,350123333,48510028,350123333,349952938,48510028,349952938,349598228,48510028,349598228,348898237,48510028,348898237,
高新科技	
科研	粒子物理学	352387157,48510028,352387157,343342308,48510028,343342308,326587329,48510028,326587329,325989432,48510028,325989432,264072638,48510028,264072638,317707332,48510028,317707332,20137814,48510028,20137814,306387564,48510028,306387564,303381175,48510028,303381175,303671507,48510028,303671507,
高等教育	北京市朝阳区东四环	334627619,48509984,334627619,327311693,48509984,327311693,19819957,48509984,19819957,324137789,48509984,324137789,320663787,48509984,320663787,317383267,48509984,317383267,36756803,48509984,36756803,314262952,48509984,314262952,284128568,48509984,284128568,303489055,48509984,303489055,
互联网	南京	342482043,342482043,56741424,56741424,34625252,34625252,36560129,36560129,326312782,326312782,289335655,289335655,296689617,296689617,33559490,33559490,21790578,21790578,319863291,319863291,
	罗辑	58747056,58747056,
	许文文	60160401,60160401,58625672,58625672,33201767,33201767,53978888,53978888,56703762,56703762,55468799,55468799,55326427,55326427,40113000,40113000,51022167,51022167,51145952,51145952,
高新科技	Chief Scientist	22638164,22638164,277985026,277985026,275364161,275364161,270753352,270753352,268193870,268193870,
广告	上海	345899888,345899888,342016897,342016897,326125696,326125696,19736701,19736701,29442001,29442001,27490957,27490957,330135947,330135947,22259244,22259244,30901993,30901993,20054842,20054842,
房地产	成都	351729532,351729532,351261248,351261248,347278467,347278467,350007701,350007701,349803395,349803395,342041699,342041699,349475497,349475497,338800838,338800838,348927978,348927978,348624986,348624986,
	刘看山福利社	351145503,48510028,351145503,36071560,48510028,36071560,351143845,48510028,351143845,343247440,48510028,343247440,343187633,48510028,343187633,340478420,48510028,340478420,21688284,48510028,21688284,295883762,48510028,295883762,323689116,48510028,323689116,275632612,48510028,275632612,
教育	荷兰	349182156,349182156,342953288,342953288,340096565,340096565,333592248,333592248,324802421,324802421,321349350,321349350,324884051,324884051,324266819,324266819,28228384,28228384,316837993,316837993,
	大美	347376128,347376128,351399437,351399437,25973398,25973398,350127823,350127823,279380520,279380520,30645426,30645426,336393845,336393845,348141826,348141826,297157565,297157565,284142076,284142076,
	羊驼日语	312508609,48510028,312508609,28251471,48510028,28251471,22266015,48510028,22266015,287111997,48510028,287111997,19848222,48510028,19848222,28110095,48510028,28110095,343561103,48510028,343561103,30242587,48510028,30242587,20318161,48510028,20318161,25658929,48510028,25658929,
互联网	西安	349911918,349911918,349675424,349675424,349262498,349262498,348949520,348949520,345526207,345526207,337304448,337304448,344607376,344607376,344632668,344632668,338412399,338412399,343935783,343935783,
互联网	萌喵一箩筐	36133977,36133977,
信息传媒		352228356,48509984,352228356,328988589,48509984,328988589,60435187,48509984,60435187,350787653,48509984,350787653,350788155,48509984,350788155,350191144,48509984,350191144,318486006,48509984,318486006,350043460,48509984,350043460,347108878,48509984,347108878,347656365,48509984,347656365,
	子不我思	337090932,337090932,66624238,66624238,299679598,299679598,349936363,349936363,266586355,266586355,50343728,50343728,62687138,62687138,349675424,349675424,28872489,28872489,345103139,345103139,
计算机硬件	河北省石家庄市	348186452,348186452,348101584,348101584,305340610,305340610,349397049,349397049,350935169,350935169,349380207,349380207,349621673,349621673,350043460,350043460,349998035,349998035,347241865,347241865,
	农信互联集团	47825933,47825933,300940143,300940143,29501199,29501199,301964689,301964689,297490677,297490677,
	刀豆网络	344355703,48510028,344355703,334491114,48510028,334491114,281992632,48510028,281992632,19603240,48510028,19603240,339453583,48510028,339453583,34011097,48510028,34011097,62590967,48510028,62590967,21789555,48510028,21789555,23341427,48510028,23341427,320828310,48510028,320828310,
互联网	北京	292287625,292287625,30005797,30005797,285953995,285953995,315925749,315925749,38873484,38873484,21292367,21292367,54270570,54270570,30666623,30666623,27206297,27206297,19660230,19660230,
	《现代广告》杂志社	310965324,48510028,310965324,308319608,48510028,308319608,301499138,48510028,301499138,303482683,48510028,303482683,
广播电视	湖州	349338804,349338804,339259825,339259825,335556499,335556499,335349497,335349497,322984967,322984967,333739485,333739485,330565425,330565425,329924806,329924806,330867781,330867781,329675099,329675099,
	伊利诺伊理工学院（Illinois Institute of Technology）	
	HG华匠留学	21564754,48510028,21564754,37008999,48510028,37008999,25627586,48510028,25627586,43969733,48510028,43969733,22797801,48510028,22797801,23572047,48510028,23572047,55991589,48510028,55991589,19727271,48510028,19727271,294333335,48510028,294333335,39751708,48510028,39751708,
电子游戏	上海市	
装饰装潢	成都生活	24995441,24995441,29907176,29907176,22665390,22665390,34160722,34160722,52564924,52564924,25983092,25983092,24180742,24180742,22428726,22428726,23155156,23155156,21746869,21746869,
装饰装潢	湖南郴州	
	少女的脉搏	
	许晓东	315738204,315738204,325774498,325774498,320858698,320858698,315721305,315721305,290887520,290887520,264064024,264064024,27825456,27825456,19656093,19656093,24292879,24292879,36310571,36310571,
	青岛爱阁印象摄影工作室	343006109,48510028,343006109,337904705,48510028,337904705,263785679,48510028,263785679,297008602,48510028,297008602,268163243,48510028,268163243,26082825,48510028,26082825,268141447,48510028,268141447,47420099,48510028,47420099,21369324,48510028,21369324,263834102,48510028,263834102,
餐饮		29994643,48509984,29994643,28511136,48509984,28511136,23601793,48509984,23601793,35253222,48509984,35253222,332298557,48509984,332298557,324021637,48509984,324021637,36479507,48509984,36479507,21859379,48509984,21859379,19902750,48509984,19902750,20921639,48509984,20921639,
计算机软件	北京	
	一颗菜菜	
培训	店长	352285846,48510028,352285846,351545714,48510028,351545714,350566085,48510028,350566085,340345599,48510028,340345599,349773895,48510028,349773895,351618688,48510028,351618688,351079944,48510028,351079944,351435802,48510028,351435802,350709702,48510028,350709702,350695315,48510028,350695315,
	北京	27082514,48510028,27082514,301325350,48510028,301325350,298556481,48510028,298556481,279009347,48510028,279009347,
服务业	广州市	351508202,351508202,337360831,337360831,60035353,60035353,306249128,306249128,34607755,34607755,20469267,20469267,305130944,305130944,36037648,36037648,294564853,294564853,301436834,301436834,
	日本	349576507,349576507,57085946,57085946,350212277,350212277,349361051,349361051,344683628,344683628,28866004,28866004,342750184,342750184,333918110,333918110,340424050,340424050,338656621,338656621,
	腾讯科技	352173424,48510028,352173424,352080473,48510028,352080473,349994906,48510028,349994906,349998035,48510028,349998035,349697452,48510028,349697452,349615849,48510028,349615849,349548263,48510028,349548263,347899440,48510028,347899440,347845021,48510028,347845021,346965791,48510028,346965791,
市场推广	上海	346364908,346364908,311673722,311673722,
策展	北京	342482043,342482043,34587107,34587107,317662677,317662677,310913737,310913737,55330529,55330529,54114510,54114510,65316844,65316844,297798182,297798182,279387872,279387872,280558706,280558706,
信息传媒	山西省	352564739,352564739,352163988,352163988,351683211,351683211,350386446,350386446,348833749,348833749,317168724,317168724,350122192,350122192,349583958,349583958,349182735,349182735,349151028,349151028,
广播电视	会长	352211856,352211856,352481584,352481584,352285995,352285995,351958376,351958376,352060806,352060806,352026526,352026526,351185742,351185742,282077362,282077362,349262750,349262750,349172813,349172813,
临床医疗	飒姐	345606113,48510028,345606113,35682635,48510028,35682635,38827553,48510028,38827553,275605748,48510028,275605748,351341159,48510028,351341159,45676793,48510028,45676793,340502307,48510028,340502307,350961606,48510028,350961606,348049253,48510028,348049253,329880884,48510028,329880884,
	积美思享定制	65867821,65867821,283038314,283038314,22516608,22516608,24373884,24373884,29720958,29720958,38733023,38733023,33913345,33913345,24144153,24144153,24776539,24776539,19718003,19718003,
计算机软件	西雅图（Seattle）	337481109,337481109,352498895,352498895,352171277,352171277,351386257,351386257,350801376,350801376,343979039,343979039,352116266,352116266,351820283,351820283,347670274,347670274,341544600,341544600,
	hnzklsx	64835446,64835446,
	香港	321245626,48510028,321245626,28109978,48510028,28109978,309818306,48510028,309818306,20104381,48510028,20104381,284209426,48510028,284209426,22821862,48510028,22821862,40161363,48510028,40161363,23730582,48510028,23730582,304473490,48510028,304473490,19573169,48510028,19573169,
互联网	深圳市	352002502,352002502,350087161,350087161,38827553,38827553,68044048,68044048,347295614,347295614,351496924,351496924,352387157,352387157,61138306,61138306,352115462,352115462,352061495,352061495,
互联网	you	64880463,64880463,
科研	珀斯	351766115,48510028,351766115,342066985,48510028,342066985,37712150,48510028,37712150,350292725,48510028,350292725,349045610,48510028,349045610,349697452,48510028,349697452,348931011,48510028,348931011,347646586,48510028,347646586,347208973,48510028,347208973,346901236,48510028,346901236,
	跨考考研	285052840,48510028,285052840,20579555,48510028,20579555,281090293,48510028,281090293,51542708,48510028,51542708,328628142,48510028,328628142,311371787,48510028,311371787,312462761,48510028,312462761,311381300,48510028,311381300,324564216,48510028,324564216,22942540,48510028,22942540,
	北京市	351728964,351728964,349566175,349566175,349554492,349554492,31107721,31107721,344546627,344546627,36486450,36486450,343489112,343489112,341926844,341926844,20489674,20489674,339406812,339406812,
互联网	上海市	351948626,351948626,348882312,348882312,350407919,350407919,346839401,346839401,350151039,350151039,347869019,347869019,348132267,348132267,308115396,308115396,24937466,24937466,345318553,345318553,
房地产	上海	311714195,311714195,299007910,299007910,325924037,325924037,20813905,20813905,38469581,38469581,31583274,31583274,57448693,57448693,321466144,321466144,317791296,317791296,270172906,270172906,
	skinsorb智妆	297183491,297183491,335342590,335342590,331851975,331851975,327175054,327175054,319490833,319490833,317899411,317899411,318279913,318279913,309193863,309193863,316498783,316498783,316505595,316505595,
装饰装潢	成都	37015823,37015823,23858771,23858771,36560129,36560129,26039287,26039287,19754430,19754430,33913345,33913345,36668973,36668973,34161214,34161214,31611032,31611032,24286490,24286490,
	小码王在线少儿编程	342740733,48510028,342740733,351720960,48510028,351720960,351731436,48510028,351731436,351459301,48510028,351459301,351835904,48510028,351835904,349806491,48510028,349806491,317993541,48510028,317993541,291506148,48510028,291506148,311425713,48510028,311425713,351330492,48510028,351330492,

互联网	北京	286652815,286652815,55785311,55785311,20105144,20105144,27160221,27160221,41969285,41969285,19869956,19869956,
	36氪江苏	347692093,48510028,347692093,337729365,48510028,337729365,338274525,48510028,338274525,338555707,48510028,338555707,336233401,48510028,336233401,301318590,48510028,301318590,333022816,48510028,333022816,330326548,48510028,330326548,329620520,48510028,329620520,328445910,48510028,328445910,
	
	上海	280651361,48509984,280651361,47581654,48509984,47581654,307263436,48509984,307263436,333436260,48509984,333436260,68480751,48509984,68480751,50895523,48509984,50895523,323763825,48509984,323763825,322844188,48509984,322844188,296753623,48509984,296753623,19866749,48509984,19866749,
	小鹅通	326990952,48510028,326990952,307732689,48510028,307732689,305572392,48510028,305572392,23982992,48510028,23982992,25334262,48510028,25334262,22691098,48510028,22691098,37184967,48510028,37184967,62113626,48510028,62113626,30178891,48510028,30178891,285896222,48510028,285896222,
	上海市	347533056,347533056,266586355,266586355,275419316,275419316,59097425,59097425,47164223,47164223,49346528,49346528,266452728,266452728,20209414,20209414,
互联网	丁香医生	296368004,296368004,47471413,47471413,26057352,26057352,65462889,65462889,20160110,20160110,27837895,27837895,48423595,48423595,318749074,318749074,268163243,268163243,269918057,269918057,
	
互联网	北京	
教育		308831338,308831338,53590257,53590257,346093904,346093904,333913267,333913267,326333190,326333190,327527790,327527790,326135165,326135165,327433503,327433503,20364076,20364076,304924099,304924099,
	宝妈Yuanplus	345186357,345186357,303049436,303049436,62583606,62583606,
	六月	26956872,26956872,27201150,27201150,23374538,23374538,323208603,323208603,274308597,274308597,270510308,270510308,269019503,269019503,268356229,268356229,268815102,268815102,
政府	千寻	303482683,303482683,28087919,28087919,318110108,318110108,51745756,51745756,296357070,296357070,27651788,27651788,272137973,272137973,61222243,61222243,23668398,23668398,266852047,266852047,
装饰装潢	成都	28470266,28470266,41550277,41550277,308981047,308981047,31637075,31637075,33977239,33977239,33913345,33913345,338558347,338558347,337801747,337801747,275630227,313548748,313548748,269424426,269424426,
计算机软件		
	即刻运动Official	311518017,48510028,311518017,24161916,48510028,24161916,344909027,48510028,344909027,21724420,48510028,21724420,34975691,48510028,34975691,347244638,48510028,347244638,35950533,48510028,35950533,267994426,48510028,267994426,49947465,48510028,49947465,301681246,48510028,301681246,
汽车	北京市	351706516,351706516,29079423,29079423,326408486,326408486,349705396,349705396,57534124,57534124,287549076,287549076,342250329,342250329,273693912,273693912,39738309,39738309,341953977,341953977,
	上海市	36704299,36704299,345475782,345475782,339776178,339776178,21350123,21350123,325330685,325330685,33599039,33599039,318927654,318927654,336692514,336692514,332408225,332408225,268447272,268447272,
餐饮	湖北省	351033398,48509984,351033398,53307696,48509984,53307696,345383749,48509984,345383749,324654668,48509984,324654668,306467814,48509984,306467814,300887288,48509984,300887288,300886864,48509984,300886864,301625077,48509984,301625077,301521736,48509984,301521736,299636854,48509984,299636854,
	知乎汽车	343499950,48510028,343499950,327035700,
互联网	滑铁卢	351726271,351726271,341249505,341249505,333162205,333162205,345743309,345743309,330505702,330505702,330411236,330411236,329326082,329326082,322753680,322753680,327323081,327323081,322621069,322621069,
咨询分析	上海	346569077,48509984,346569077,343504344,48509984,343504344,344233234,48509984,344233234,23589839,48509984,23589839,337515715,48509984,337515715,337704972,48509984,337704972,25654410,48509984,25654410,331563715,48509984,331563715,314254632,48509984,314254632,326262856,48509984,326262856,
	家的要素	20996696,48510028,20996696,33602748,48510028,33602748,36410973,48510028,36410973,25259437,48510028,25259437,266322057,48510028,266322057,23991059,48510028,23991059,268278879,48510028,268278879,24195824,48510028,24195824,37284137,48510028,37284137,34788614,48510028,34788614,
家具	北京	352173424,48510028,352173424,23932178,48510028,23932178,351782671,48510028,351782671,351179285,48510028,351179285,59140775,48510028,59140775,299598737,48510028,299598737,347276611,48510028,347276611,63580473,48510028,63580473,19855515,48510028,19855515,35688510,48510028,35688510,
创意艺术	尼堪巴图鲁	337568352,337568352,21442920,21442920,
	知乎用户	
创意艺术		331145297,331145297,330499835,330499835,320128989,320128989,317890573,317890573,22092633,22092633,23597994,23597994,313827313,313827313,313724741,313724741,312485152,312485152,313751127,313751127,
互联网	北京	340590218,340590218,28253356,28253356,266586687,266586687,300840760,300840760,296256378,296256378,290895525,290895525,289017119,289017119,283093946,283093946,55729084,55729084,268873123,268873123,
互联网		22210090,22210090,36847530,36847530,21175572,21175572,20158063,20158063,23228162,23228162,34668044,34668044,21285861,21285861,
	略知平台	341285904,48510028,341285904,344184886,48510028,344184886,339842231,48510028,339842231,338081434,48510028,338081434,61153604,48510028,61153604,337474603,48510028,337474603,337169632,48510028,337169632,338547109,48510028,338547109,336379390,48510028,336379390,337418202,48510028,337418202,
互联网	北京	348599568,48510028,348599568,323403640,48510028,323403640,347823484,48510028,347823484,343385341,48510028,343385341,345145839,48510028,345145839,343550429,48510028,343550429,340878015,48510028,340878015,342780852,48510028,342780852,267861726,48510028,267861726,336943990,48510028,336943990,
	御泥坊	47089002,48510028,47089002,267119565,48510028,267119565,20829553,48510028,20829553,311711812,48510028,311711812,269706064,48510028,269706064,66864681,48510028,66864681,303584561,48510028,303584561,277505410,48510028,277505410,37899736,48510028,37899736,316967478,48510028,316967478,
	豌豆荚	20393494,48510028,20393494,31921094,48510028,31921094,63536668,48510028,63536668,42125974,48510028,42125974,26903707,48510028,26903707,47984618,48510028,47984618,22765589,48510028,22765589,38574255,48510028,38574255,24479295,48510028,24479295,24696823,48510028,24696823,
	脑洞故事板	340639712,340639712,333842651,333842651,327421856,327421856,334062832,334062832,324473155,324473155,47383779,47383779,53932675,53932675,310247178,310247178,265635368,265635368,60347845,60347845,
	上海	
	陈佩斯	274629543,48510028,274629543,274989914,48510028,274989914,43475432,48510028,43475432,36704909,48510028,36704909,23038648,48510028,23038648,
	支付宝	20516844,48510028,20516844,351810026,48510028,351810026,40543633,48510028,40543633,20995758,48510028,20995758,350119582,48510028,350119582,346932256,48510028,346932256,346708717,48510028,346708717,344204972,48510028,344204972,41194412,48510028,41194412,319158572,48510028,319158572,
信息传媒	重庆市渝北区	347437216,347437216,323460513,323460513,324152362,324152362,68244003,68244003,64503628,64503628,64321990,64321990,63986235,63986235,62608670,62608670,61760814,61760814,61819130,61819130,
互联网	深圳市	
资本投资	贵阳	351174386,351174386,349126598,349126598,333220171,333220171,344665341,344665341,343185990,343185990,339697128,339697128,61509230,61509230,333022816,333022816,31730814,31730814,325267037,325267037,
互联网	深圳市	49065128,49065128,350004287,350004287,291252727,291252727,28592283,28592283,63882664,63882664,20175774,20175774,
法律	合肥	346655267,48510028,346655267,313564280,48510028,313564280,344480944,48510028,344480944,341991844,48510028,341991844,339266482,48510028,339266482,19831242,48510028,19831242,335189221,48510028,335189221,338270736,48510028,338270736,19671232,48510028,19671232,310186247,48510028,310186247,
互联网	北京	49803668,49803668,23259367,23259367,273564498,273564498,283457029,283457029,23440472,23440472,266638870,266638870,264399735,264399735,264404028,264404028,264005758,264005758,26190592,26190592,

高等教育	中山	349703116,349703116,349148829,349148829,328637093,328637093,326370252,326370252,328072523,328072523,265248931,265248931,24431769,24431769,323813571,323813571,314814264,314814264,26975215,26975215,
计算机硬件	加州大学伯克利分校 (UC Berkeley)	352400282,352400282,351257731,351257731,349987804,349987804,350666028,350666028,349621673,349621673,347579229,347579229,348381977,348381977,348377250,348377250,348500889,348500889,21796777,21796777,
资本投资	成都	317634097,317634097,349386368,349386368,346244006,346244006,344830077,344830077,341551803,341551803,344391915,344391915,344941878,344941878,320897284,320897284,339153788,339153788,337519430,337519430,
通信	武汉	351143845,48510028,351143845,281185483,48510028,281185483,344026095,48510028,344026095,290003248,48510028,290003248,351387793,48510028,351387793,352173424,48510028,352173424,352060534,48510028,352060534,304924099,48510028,304924099,351928284,48510028,351928284,346331738,48510028,346331738,
	Jeffrey	
互联网	杭州	351426844,351426844,352084212,352084212,351106143,351106143,351180302,351180302,350411823,350411823,308115396,308115396,336267047,336267047,319158572,319158572,347469966,347469966,21287801,21287801,
互联网	
互联网	北京	30835066,48510028,30835066,347298280,48510028,347298280,345105962,48510028,345105962,344763924,48510028,344763924,344025518,48510028,344025518,36602163,48510028,36602163,19689626,48510028,19689626,334329380,48510028,334329380,333572155,48510028,333572155,332733540,48510028,332733540,
博物馆	北京	
	晓析心理	311752133,48510028,311752133,315932151,48510028,315932151,317603264,48510028,317603264,316145613,48510028,316145613,316610564,48510028,316610564,316934566,48510028,316934566,311669300,48510028,311669300,314255327,48510028,314255327,316915699,48510028,316915699,316920457,48510028,316920457,
	Myhome设计家	49971072,48510028,49971072,331434969,48510028,331434969,351820107,48510028,351820107,21234392,48510028,21234392,22457926,48510028,22457926,266708364,48510028,266708364,19723898,48510028,19723898,344030711,48510028,344030711,25277371,48510028,25277371,20816068,48510028,20816068,
	芥末留学	342925787,48510028,342925787,304905601,48510028,304905601,324412210,48510028,324412210,51881337,48510028,51881337,33296595,48510028,33296595,59744880,48510028,59744880,348312706,48510028,348312706,319454695,48510028,319454695,279966141,48510028,279966141,39734411,48510028,39734411,
高新科技	深圳市	345525447,48509984,345525447,345082409,48509984,345082409,309460268,48509984,309460268,340134550,48509984,340134550,266135193,48509984,266135193,263974508,48509984,263974508,298690027,48509984,298690027,39387048,48509984,39387048,280335144,48509984,280335144,278514163,48509984,278514163,
	科技数码控	344156081,344156081,
	短书平台	50837256,48510028,50837256,307232964,48510028,307232964,342729349,48510028,342729349,39238684,48510028,39238684,67018764,48510028,67018764,275843427,48510028,275843427,294286378,48510028,294286378,21339188,48510028,21339188,312845859,48510028,312845859,285927346,48510028,285927346,
互联网	上海	49725911,48509984,49725911,342812810,48509984,342812810,26970047,48509984,26970047,324480309,48509984,324480309,323117245,48509984,323117245,22122194,48509984,22122194,52638483,48509984,52638483,53087488,48509984,53087488,36560129,48509984,36560129,33652387,48509984,33652387,
电子商务		341201523,48509984,341201523,65481822,48509984,65481822,285277994,48509984,285277994,320507085,48509984,320507085,352103103,48509984,352103103,30987987,48509984,30987987,36667085,48509984,36667085,336835694,48509984,336835694,64802427,48509984,64802427,351652345,48509984,351652345,
法律	南昌市	23271389,23271389,352026926,352026926,352391875,352391875,19798040,19798040,276248841,276248841,351431356,351431356,351033398,351033398,351133657,351133657,349710754,349710754,348446136,348446136,

金融	北京	
	迪卡侬	345119349,48510028,345119349,349642434,48510028,349642434,334720561,48510028,334720561,22537613,48510028,22537613,26725204,48510028,26725204,337039038,48510028,337039038,268375276,48510028,268375276,270588334,48510028,270588334,276154403,48510028,276154403,25280644,48510028,25280644,
房地产	厦门	46462487,46462487,
广播电视	香港	20433433,48510028,20433433,317012455,48510028,317012455,19750624,48510028,19750624,27600561,48510028,27600561,307704765,48510028,307704765,303888717,48510028,303888717,38485891,48510028,38485891,301459876,48510028,301459876,292285486,48510028,292285486,22037733,48510028,22037733,
	索菲亚家居	314817498,48510028,314817498,28499760,48510028,28499760,38921677,48510028,38921677,24144153,48510028,24144153,54718391,48510028,54718391,23890218,48510028,23890218,49706304,48510028,49706304,308981047,48510028,308981047,22046576,48510028,22046576,282153342,48510028,282153342,
	马莉莉	324922441,324922441,267032447,267032447,300078456,300078456,
服务业	吉林省辽源市	67919942,48509984,67919942,29421942,48509984,29421942,338705949,48509984,338705949,325267116,48509984,325267116,332728959,48509984,332728959,327566634,48509984,327566634,330569356,48509984,330569356,20374593,48509984,20374593,323257167,48509984,323257167,25273236,48509984,25273236,
		352259123,352259123,351125152,351125152,31358636,31358636,41182911,41182911,350707711,350707711,350438408,350438408,349885189,349885189,350188265,350188265,338228190,341373217,341373217,349193218,349193218,
	
	雅思哥	349598228,48510028,349598228,346358935,48510028,346358935,322666481,48510028,322666481,319198640,48510028,319198640,336717781,48510028,336717781,319685915,48510028,319685915,335086577,48510028,335086577,337975134,48510028,337975134,336533652,48510028,336533652,335111995,48510028,335111995,
	FANXISHOP凡茜	306650378,48510028,306650378,301461173,48510028,301461173,304022621,48510028,304022621,300441823,48510028,300441823,287987596,48510028,287987596,299537409,48510028,299537409,271222471,48510028,271222471,293166535,48510028,293166535,
创意艺术	武汉市	
电子游戏	上海	347817748,48509984,347817748,336306912,48509984,336306912,303907735,48509984,303907735,297904149,48509984,297904149,279246699,48509984,279246699,29556265,48509984,29556265,276120763,48509984,276120763,273921958,48509984,273921958,269089374,48509984,269089374,60235732,48509984,60235732,
	小蓝优品	31101107,31101107,321102296,321102296,41861060,41861060,47676661,47676661,19937567,19937567,314941945,314941945,27408419,27408419,315213163,315213163,
互联网		343771500,343771500,349983608,349983608,350336215,350336215,350960554,350960554,348045838,348045838,52519119,52519119,345011069,345011069,347745552,347745552,41767913,41767913,347495742,347495742,
地产建筑	旧金山 (San Francisco)	352391599,48510028,352391599,351724046,48510028,351724046,351806204,48510028,351806204,346645820,48510028,346645820,31318753,48510028,31318753,345322111,48510028,345322111,344169070,48510028,344169070,343924561,48510028,343924561,343499950,48510028,343499950,342813158,48510028,342813158,
国防军事	Colorado	340127772,340127772,338904499,338904499,334523295,334523295,329481540,329481540,326432025,326432025,319255961,319255961,20784338,20784338,321547427,321547427,316657177,316657177,314398149,314398149,
法律		346930548,346930548,346648714,346648714,276307864,276307864,268387460,268387460,299528616,299528616,263954039,263954039,265849570,265849570,35035813,35035813,338661820,338661820,28037924,28037924,
	
	天山童姥	27391031,27391031,
旅游	北京	29517463,48510028,29517463,312747301,48510028,312747301,30447146,48510028,30447146,22159864,48510028,22159864,59304414,48510028,59304414,48397252,48510028,48397252,50702972,48510028,50702972,27070392,48510028,27070392,23699748,48510028,23699748,61341735,48510028,61341735,
	aliliu72	264920586,264920586,
创意艺术	北京	341753367,341753367,337323642,337323642,267193353,267193353,23360635,23360635,294760872,294760872,39047259,39047259,346534710,346534710,329149351,329149351,37201909,37201909,59641649,59641649,
房地产	上海	37855026,48509984,37855026,20093223,48509984,20093223,345685884,48509984,345685884,22256995,48509984,22256995,339111382,48509984,339111382,34681109,48509984,34681109,63484482,48509984,63484482,66442824,48509984,66442824,32189846,48509984,32189846,31633227,48509984,31633227,
互联网	深圳市	314416465,314416465,23694182,23694182,278526058,278526058,34011097,34011097,282333969,282333969,282397855,282397855,277257494,277257494,270826602,270826602,38384705,38384705,266908616,266908616,
	思塔迪留学	335295613,335295613,329380453,329380453,329380453,331395039,331395039,333902219,333902219,329518848,329518848,329199592,329199592,330497864,330497864,330828292,330828292,265525420,265525420,280999513,280999513,
证券投资	上海	323579900,48510028,323579900,319999053,48510028,319999053,309147553,48510028,309147553,305439199,48510028,305439199,304358371,48510028,304358371,65449024,48510028,65449024,287466732,48510028,287466732,268809425,48510028,268809425,271295407,48510028,271295407,62140718,48510028,62140718,
临床医疗	合肥市	30562165,48510028,30562165,352059823,48510028,352059823,19850048,48510028,19850048,38827553,48510028,38827553,351447353,48510028,351447353,263465293,48510028,263465293,21148187,48510028,21148187,21132926,48510028,21132926,279883514,48510028,279883514,35139807,48510028,35139807,
	iColor	38538295,48510028,38538295,36410973,48510028,36410973,20688045,48510028,20688045,269424426,48510028,269424426,50673346,48510028,50673346,25491628,48510028,25491628,31010042,48510028,31010042,36978617,48510028,36978617,40415974,48510028,40415974,35634268,48510028,35634268,
	巴塞罗那	307328563,307328563,309264384,309264384,268308954,268308954,68327884,68327884,52513412,52513412,67125363,67125363,46535237,46535237,56287050,56287050,61902951,61902951,61676183,61676183,
互联网	金华	
	另一个21	336840672,336840672,26297181,26297181,328171718,328171718,29815334,29815334,26920344,26920344,278552153,278552153,281794511,281794511,288438013,288438013,280244985,280244985,268032427,268032427,
	国际妈咪母婴商城	56309963,48510028,56309963,286899924,48510028,286899924,351837160,48510028,351837160,351918426,48510028,351918426,352083577,48510028,352083577,303366388,48510028,303366388,300045988,48510028,300045988,290927338,48510028,290927338,351933022,48510028,351933022,326963307,48510028,326963307,
	入画独立设计平台	269453356,48510028,269453356,277557835,48510028,277557835,275575649,48510028,275575649,28735326,48510028,28735326,271931018,48510028,271931018,33868608,48510028,33868608,47592869,48510028,47592869,286725777,48510028,286725777,23723859,48510028,23723859,300125647,296306547,48510028,296306547,
	知乎读书会	46599887,48510028,46599887,316843290,48510028,316843290,65854099,48510028,65854099,
	国际红色通讯	316248991,316248991,318488879,318488879,268674860,268674860,277155838,277155838,
制造加工	善生的善生	316056620,48510028,316056620,321406606,48510028,321406606,318791092,48510028,318791092,318719470,48510028,318719470,
服装业	深圳市	350706759,350706759,350849651,350849651,351061827,351061827,351074765,351074765,327398945,327398945,334587481,334587481,335730846,335730846,339347921,339347921,334222771,334222771,337847886,337847886,
教育	硅谷	349617188,48510028,349617188,306755192,48510028,306755192,325926441,48510028,325926441,344827837,48510028,344827837,342851317,48510028,342851317,58389726,48510028,58389726,47045516,48510028,47045516,334437374,48510028,334437374,331318550,48510028,331318550,328706215,48510028,328706215,
	溪岸定制	20762571,20762571,31672022,31672022,26764085,26764085,24114364,24114364,297510890,297510890,35068829,35068829,29261090,29261090,286317441,286317441,57498678,57498678,22335855,22335855,
种植业	吉林大学	36642771,48510028,36642771,318983653,48510028,318983653,280968276,48510028,280968276,27908489,48510028,27908489,
金融	深圳市	302978093,302978093,312782430,312782430,312782343,312782343,61072806,61072806,268494044,268494044,326422896,326422896,288221934,288221934,299219658,299219658,283778931,283778931,306404542,306404542,
互联网	北京	
创意艺术	上海	351454247,48510028,351454247,348883644,48510028,348883644,345385558,48510028,345385558,341753367,48510028,341753367,337162150,48510028,337162150,335373618,48510028,335373618,331266576,48510028,331266576,332953439,48510028,332953439,329599406,48510028,329599406,331281158,48510028,331281158,
	绿城育华学校	
	双叶幼稚园向日葵班	36169798,36169798,311931065,311931065,21844915,21844915,268395554,268395554,26564548,26564548,20914859,20914859,301647971,301647971,298051361,298051361,26928568,26928568,46209374,46209374,
互联网	杭州	290727512,290727512,31640744,31640744,58622691,58622691,339829770,339829770,308141648,308141648,41945609,41945609,20728931,20728931,33577743,33577743,340745057,340745057,29257755,29257755,
医疗服务	北京	
教育	天津	351242456,351242456,347334622,347334622,31937124,31937124,350552124,350552124,349898069,349898069,344289956,344289956,36021616,36021616,340994927,340994927,333250627,333250627,343585330,343585330,
	南京市	333173814,333173814,274217788,274217788,27648526,27648526,37015823,37015823,30781418,30781418,277769627,277769627,270836742,270836742,33913345,33913345,20062767,20062767,
互联网	北京	351312949,351312949,290410827,290410827,351031937,351031937,337986875,337986875,350484084,350484084,347272172,347272172,351077204,351077204,339405132,339405132,351018078,351018078,350379767,350379767,
	青锐创投	30261645,48510028,30261645,58725265,48510028,58725265,292152745,48510028,292152745,288727773,48510028,288727773,62954760,48510028,62954760,287101252,48510028,287101252,61769737,48510028,61769737,27697789,48510028,27697789,57379210,48510028,57379210,60906012,48510028,60906012,
科研		351262118,48510028,351262118,265738229,48510028,265738229,351826304,48510028,351826304,350928177,48510028,350928177,352186653,48510028,352186653,335206368,48510028,335206368,349201227,48510028,349201227,277508190,48510028,277508190,351176432,48510028,351176432,350351674,48510028,350351674,
互联网	交互设计师	284128568,284128568,63175444,63175444,268757933,268757933,64414702,64414702,48649374,48649374,56196096,56196096,29785445,29785445,30782161,30782161,31141761,31141761,21280028,21280028,
信息传媒	北京	302402544,48510028,302402544,28061064,48510028,28061064,40223190,48510028,40223190,22920543,48510028,22920543,59890985,48510028,59890985,22411485,48510028,22411485,310816922,48510028,310816922,20158633,48510028,20158633,67575625,48510028,67575625,20291124,48510028,20291124,
	阿里巴巴	352085312,48510028,352085312,299203094,48510028,299203094,347692093,48510028,347692093,345282592,48510028,345282592,345325189,48510028,345325189,25252525,48510028,25252525,345312135,48510028,345312135,345303992,48510028,345303992,313564280,48510028,313564280,345313123,48510028,345313123,
	杜绍斐	20554389,20554389,29720783,29720783,21556327,21556327,23109007,23109007,54718516,54718516,21613029,21613029,27019406,27019406,23070672,23070672,21494744,21494744,51994862,51994862,
	杭州市	36945020,36945020,
信息传媒	调查记者	284876873,48510028,284876873,271569087,48510028,271569087,21569299,48510028,21569299,278493824,48510028,278493824,274967755,48510028,274967755,65089674,48510028,65089674,65090447,48510028,65090447,278156775,48510028,278156775,37093821,48510028,37093821,60209246,48510028,60209246,
医疗服务	美国	352410821,352410821,352380451,352380451,352114714,352114714,352229447,352229447,352206521,352206521,352068322,352068322,352144210,352144210,349216929,349216929,33491280,33491280,316747539,316747539,
创意艺术	合肥	43610525,43610525,43489543,43489543,43052546,43052546,41972289,41972289,41805131,41805131,32140365,41712944,41712944,41700549,41700549,41511902,41511902,41186891,41186891,41096026,41096026,
	猪八戒洋骠驹	19801291,48510028,19801291,38023692,48510028,38023692,37373680,48510028,37373680,54457296,48510028,54457296,67986264,48510028,67986264,21601714,48510028,21601714,20200995,48510028,20200995,338296557,48510028,338296557,21835713,48510028,21835713,52181137,48510028,52181137,
政府	朝阳区	310200238,310200238,310662570,310662570,59130958,59130958,59670343,59670343,58589149,58589149,59736917,59736917,58755239,58755239,60652616,60652616,58683080,58683080,61800066,61800066,
铁路运输	成都市	318208068,318208068,315741607,315741607,315657072,315657072,315590812,315590812,312976465,312976465,312610058,312610058,304179708,304179708,311655371,311655371,311050262,311050262,310604613,310604613,
	小美姐	23503018,23503018,301832567,301832567,23447107,23447107,265662462,265662462,325140088,325140088,352099668,352099668,26464494,26464494,19790657,19790657,40113000,40113000,263904713,263904713,
	游离子	
艺术娱乐	北京	344019917,48510028,344019917,292347411,48510028,292347411,351106143,48510028,351106143,41101588,48510028,41101588,318913382,48510028,318913382,350243609,48510028,350243609,346282105,48510028,346282105,349113933,48510028,349113933,348181968,48510028,348181968,340452938,48510028,340452938,
互联网	深圳市	
	烘焙帮	20303161,48510028,20303161,345492393,48510028,345492393,350310407,48510028,350310407,333220171,48510028,333220171,347761166,48510028,347761166,295108312,48510028,295108312,343499950,48510028,343499950,337054276,48510028,337054276,340740180,48510028,340740180,35917754,48510028,35917754,
互联网	上海	25308230,25308230,
	高顿CPA研究院	351472505,48510028,351472505,351881143,48510028,351881143,350911922,48510028,350911922,335343858,48510028,335343858,29088965,48510028,29088965,334953567,48510028,334953567,277428972,48510028,277428972,335315070,48510028,335315070,66798733,48510028,66798733,264091202,48510028,264091202,
	艾享理科塾	335770668,335770668,38670440,38670440,320896510,320896510,320920893,320920893,318984425,318984425,319642317,319642317,319199735,319199735,319341723,319341723,316557040,316557040,37956866,37956866,
	网易看客	329692400,48510028,329692400,320784313,48510028,320784313,340882059,48510028,340882059,31937124,48510028,31937124,40378429,48510028,40378429,345031012,48510028,345031012,308558976,48510028,308558976,283049200,48510028,283049200,19683263,48510028,19683263,339253435,48510028,339253435,
	新宁波人的感受者	22674307,22674307,67655933,67655933,
	
政府		33259306,33259306,26741990,26741990,300678164,300678164,36876900,36876900,335196947,335196947,55095645,55095645,53986357,53986357,22341844,22341844,31830972,31830972,20250565,20250565,
装饰装潢	成都市	351959569,48509984,351959569,24232919,48509984,24232919,20902336,48509984,20902336,268122785,48509984,268122785,288247235,48509984,288247235,34004791,48509984,34004791,26406529,48509984,26406529,322252053,48509984,322252053,317872661,48509984,317872661,27080834,48509984,27080834,
	蜗牛保险	263473942,48510028,263473942,21887219,48510028,21887219,265383805,48510028,265383805,324222500,48510028,324222500,323933032,48510028,323933032,324340505,48510028,324340505,50231967,48510028,50231967,23563419,48510028,23563419,48572920,48510028,48572920,42057438,48510028,42057438,
科研	日本	351766115,48509984,351766115,348029701,48509984,348029701,352077900,48509984,352077900,352082410,48509984,352082410,350654168,48509984,350654168,349697452,48509984,349697452,347913431,48509984,347913431,344795065,48509984,344795065,344557158,48509984,344557158,319997919,48509984,319997919,
	
	XMind思维导图	23489177,48510028,23489177,22578656,48510028,22578656,317368311,48510028,317368311,337898721,48510028,337898721,26812365,48510028,26812365,35251600,48510028,35251600,324766011,48510028,324766011,337554161,48510028,337554161,27603479,48510028,27603479,31593341,48510028,31593341,
艺术娱乐	破词儿	344268087,344268087,345799555,345799555,267023567,267023567,37850670,37850670,298611342,298611342,341490189,341490189,344200096,344200096,342016897,342016897,320028644,320028644,333581767,333581767,

	监理豆爷	
	网易人间	309933233,48510028,309933233,297618574,48510028,297618574,285105011,48510028,285105011,267253776,48510028,267253776,313564280,48510028,313564280,298521066,48510028,298521066,319637158,48510028,319637158,343965012,48510028,343965012,295831233,48510028,295831233,45147755,48510028,45147755,
	极合新媒	34625086,48510028,34625086,349834304,48510028,349834304,336393845,48510028,336393845,51709138,48510028,51709138,339220192,48510028,339220192,286534732,48510028,286534732,343162310,48510028,343162310,34550565,48510028,34550565,337510561,48510028,337510561,20911489,48510028,20911489,
	掌阅读书	342207069,48510028,342207069,343550429,48510028,343550429,337201669,48510028,337201669,37553693,48510028,37553693,68484929,266574241,307414042,333264576,48510028,333264576,302250211,48510028,302250211,332413749,48510028,332413749,47126105,48510028,47126105,297279418,48510028,297279418,318847299,48510028,318847299,
出版业		311080388,311080388,309807663,309807663,309382915,309382915,299651366,299651366,305872685,305872685,278924939,278924939,289923529,289923529,288922261,288922261,20127883,20127883,284818659,284818659,
医疗服务	美国	352112402,352112402,351898763,351898763,349684476,349684476,350418562,350418562,350283745,350283745,349658033,349658033,349476611,349476611,349594584,349594584,349482593,349482593,349291133,349291133,
	野菜护肤	31794802,48510028,31794802,333548129,48510028,333548129,36068041,48510028,36068041,325623450,48510028,325623450,50935146,48510028,50935146,21979305,48510028,21979305,312129042,48510028,312129042,333055642,48510028,333055642,48312967,48510028,48312967,312748279,48510028,312748279,
农林牧渔	武夷学院	295754519,295754519,326831916,326831916,323245623,323245623,60694835,60694835,327296306,327296306,318826748,318826748,55399862,55399862,317933703,317933703,318514128,318514128,295766691,295766691,
广告	北京市	352080473,48510028,352080473,347897060,48510028,347897060,346236024,48510028,346236024,346808901,48510028,346808901,346762535,48510028,346762535,344453437,48510028,344453437,339567108,48510028,339567108,29612156,48510028,29612156,325337636,48510028,325337636,321189332,48510028,321189332,
科研	圣路易斯	351493185,48510028,351493185,352387157,48510028,352387157,352108632,48510028,352108632,350326810,48510028,350326810,350289019,48510028,350289019,39496244,48510028,39496244,350655973,48510028,350655973,348651975,48510028,348651975,303210043,48510028,303210043,344763924,48510028,344763924,
非营利组织	上海	351165549,351165549,351139821,351139821,351955380,351955380,328563708,328563708,23169844,23169844,349944053,349944053,34607586,34607586,27234737,27234737,349568449,349568449,350126182,350126182,
互联网	广州市	
汽车		351023864,351023864,345953564,345953564,349611553,349611553,348968673,348968673,349840070,349840070,349976414,349976414,279861980,279861980,31964355,31964355,349648640,349648640,19946750,19946750,
	禾描	35743718,48510028,35743718,24518464,48510028,24518464,338964519,48510028,338964519,39847810,48510028,39847810,29829465,48510028,29829465,335346341,48510028,335346341,339799537,48510028,339799537,339030804,48510028,339030804,337748997,48510028,337748997,335595372,48510028,335595372,
	wiki赵	300046913,300046913,346232833,346232833,28173025,28173025,38553178,38553178,337761533,337761533,305508173,305508173,278299759,278299759,49617793,49617793,41684500,41684500,42919100,42919100,
互联网	福建	20095658,20095658,36508400,36508400,38739108,38739108,34267147,34267147,32258213,32258213,36069936,36069936,
幼儿教育	温哥华	294442656,48509984,294442656,324307473,48509984,324307473,320682886,48509984,320682886,320366813,48509984,320366813,269170817,48509984,269170817,267929820,48509984,267929820,68243031,48509984,68243031,24961751,48509984,24961751,63813001,48509984,63813001,27374524,48509984,27374524,
旅游	深圳市	264130663,264130663,20356773,20356773,27858646,27858646,326432025,326432025,65594708,65594708,32320483,32320483,23668953,23668953,264569885,264569885,39867626,39867626,279904268,279904268,
	云锋金融	351179505,48510028,351179505,351040814,48510028,351040814,349870265,48510028,349870265,346260925,48510028,346260925,346696497,48510028,346696497,56650948,48510028,56650948,346369886,48510028,346369886,345368361,48510028,345368361,344713145,48510028,344713145,338121179,48510028,338121179,
	北京理工大学	
法律	南昌	23480564,48509984,23480564,352405724,48509984,352405724,351779111,48509984,351779111,351334782,48509984,351334782,351118441,48509984,351118441,41182911,48509984,41182911,52946036,48509984,52946036,269160774,48509984,269160774,280706855,48509984,280706855,349000519,48509984,349000519,
	ChicHome趣享家居	312828927,48510028,312828927,310132560,48510028,310132560,61751706,48510028,61751706,309813859,48510028,309813859,308268072,48510028,308268072,308729841,48510028,308729841,308842086,48510028,308842086,308714725,48510028,308714725,308665488,48510028,308665488,55720694,48510028,55720694,
	邓子就邓子	35504009,35504009,350249790,350249790,347722631,347722631,348972135,348972135,35456747,35456747,312347828,312347828,342318692,342318692,30985975,30985975,27655896,27655896,347999050,347999050,
科研	知乎用户	
装饰装潢	上海	30286281,48509984,30286281,326486872,48509984,326486872,23402994,48509984,23402994,305508173,48509984,305508173,57468994,48509984,57468994,39388689,48509984,39388689,64026921,48509984,64026921,326312782,48509984,326312782,32670281,48509984,32670281,36560129,48509984,36560129,
互联网	北京	20566600,20566600,20219092,20219092,35228823,35228823,20067277,20067277,20746965,20746965,20164573,20164573,51233963,51233963,31930926,31930926,24995484,24995484,21515074,21515074,
	闲蛋旅行	19774209,19774209,
	静静醒了吗	62214996,62214996,56878592,56878592,
艺术娱乐	上海	339517925,339517925,327712666,327712666,318346341,318346341,290357327,290357327,23588867,23588867,276657010,276657010,50097688,50097688,52299014,52299014,33440850,33440850,41830599,41830599,
	老爸评测	352231492,48510028,352231492,318744375,48510028,318744375,306631844,48510028,306631844,266736380,48510028,266736380,322309938,48510028,322309938,22138447,48510028,22138447,350655973,48510028,350655973,20811706,48510028,20811706,271171780,48510028,271171780,20709493,48510028,20709493,
	Nature自然科研	351859700,48510028,351859700,352209529,48510028,352209529,343550429,48510028,343550429,349665617,48510028,349665617,348424443,48510028,348424443,345628210,48510028,345628210,345467073,48510028,345467073,344039567,48510028,344039567,341336919,48510028,341336919,339138223,48510028,339138223,
家具	深圳工作	319714636,319714636,313776923,313776923,309685766,309685766,61820497,61820497,307959187,307959187,307152983,307152983,306394200,306394200,305462554,305462554,304588964,304588964,46754509,46754509,
	第一财经周刊	287038344,48510028,287038344,282431563,48510028,282431563,38801154,48510028,38801154,265017296,48510028,265017296,264750381,48510028,264750381,65270701,48510028,65270701,54210045,48510028,54210045,68129062,48510028,68129062,264249187,48510028,264249187,263818550,48510028,263818550,
计算机软件	北京	265902481,265902481,40017595,40017595,55572435,55572435,
	中国联通	340552238,48510028,340552238,333124840,48510028,333124840,350693619,48510028,350693619,351420560,48510028,351420560,348594459,48510028,348594459,351300400,48510028,351300400,349107190,48510028,349107190,350668971,48510028,350668971,294339867,48510028,294339867,305702263,48510028,305702263,
	绘装	351213665,48510028,351213665,350291659,48510028,350291659,350437247,48510028,350437247,270350807,48510028,270350807,351145207,48510028,351145207,352347188,48510028,352347188,352105219,48510028,352105219,349943868,48510028,349943868,350057881,48510028,350057881,349106078,48510028,349106078,
互联网	北京	336267047,48509984,336267047,269424426,48509984,269424426,348028812,48509984,348028812,350988251,48509984,350988251,334662925,48509984,334662925,329149351,48509984,329149351,331434969,48509984,331434969,29177879,48509984,29177879,331649438,48509984,331649438,340926970,48509984,340926970,
	金螳螂·趣加	286972675,48510028,286972675,342826082,48510028,342826082,338232209,48510028,338232209,331443650,48510028,331443650,334204742,48510028,334204742,330118859,48510028,330118859,67483607,48510028,67483607,
创意艺术	zouzoulong	341178858,48510028,341178858,328982313,48510028,328982313,327845793,48510028,327845793,328060428,48510028,328060428,325935231,48510028,325935231,325674297,48510028,325674297,321679425,48510028,321679425,318759741,48510028,318759741,49754447,48510028,49754447,321765937,48510028,321765937,
	味道	350872787,350872787,347586157,347586157,328544035,328544035,268086014,331987507,331987507,31966785,31966785,328148216,328148216,326551307,326551307,327544185,327544185,28077855,28077855,321157108,321157108,
政府	中国	345207473,345207473,348272484,348272484,276146726,276146726,341758477,341758477,312158298,312158298,24694875,24694875,34575436,34575436,21208468,21208468,335751235,335751235,337906954,337906954,
	Wallpaper卷宗	309827843,48510028,309827843,19855543,48510028,19855543,36777422,48510028,36777422,26674955,48510028,26674955,21617390,48510028,21617390,24076371,48510028,24076371,29635624,48510028,29635624,59364337,48510028,59364337,56426889,48510028,56426889,45382314,48510028,45382314,
	成都朗阁英语	31917401,48510028,31917401,29568376,48510028,29568376,328824450,48510028,328824450,27784308,48510028,27784308,20834800,48510028,20834800,
	高老庄装修	339261730,339261730,335514587,335514587,335121044,335121044,335221415,335221415,335238888,335238888,66726476,66726476,26495738,26495738,35372018,35372018,48491155,48491155,30363051,30363051,
互联网	北京市	295744767,295744767,338121179,338121179,340096565,340096565,339422830,339422830,338751000,338751000,21207683,21207683,337933018,337933018,338065122,338065122,337389555,337389555,336588164,336588164,
创意艺术	北京	40223190,40223190,340823422,340823422,320650054,320650054,312380057,312380057,317203695,317203695,310675395,310675395,23561870,23561870,264976486,264976486,305697441,305697441,296896134,296896134,
创意艺术	广州市	37539600,37539600,55534196,55534196,318759741,318759741,264651505,264651505,67312630,67312630,312371325,312371325,27600883,27600883,300733065,300733065,277161085,277161085,47130245,47130245,
	光明城	347685677,48510028,347685677,20684927,48510028,20684927,59665067,48510028,59665067,346309585,48510028,346309585,47467791,48510028,47467791,334200740,48510028,334200740,338288161,48510028,338288161,335278108,48510028,335278108,336603609,48510028,336603609,40630241,48510028,40630241,
地产建筑	福冈	344699370,48509984,344699370,284504044,48509984,284504044,324733091,48509984,324733091,20076370,48509984,20076370,22923832,48509984,22923832,294354034,48509984,294354034,279779480,48509984,279779480,27391031,277361879,48509984,277361879,24048075,48509984,24048075,265820735,48509984,265820735,
	易灵微课	30978728,48510028,30978728,25684380,48510028,25684380,59419840,48510028,59419840,27035859,48510028,27035859,301990435,48510028,301990435,317368311,48510028,317368311,314950154,48510028,314950154,27720960,48510028,27720960,307591213,48510028,307591213,29359486,48510028,29359486,
	WordSunny留学平台	20979530,48510028,20979530,347639022,48510028,347639022,41533755,48510028,41533755,52197197,48510028,52197197,20253678,48510028,20253678,25488263,48510028,25488263,347684866,48510028,347684866,24372976,48510028,24372976,276732494,48510028,276732494,21036131,48510028,21036131,
装饰装潢	北京	19910896,48510028,19910896,266187379,48510028,266187379,327398945,48510028,327398945,336267047,48510028,336267047,350868589,48510028,350868589,24812821,48510028,24812821,31181577,48510028,31181577,329149351,48510028,329149351,37867575,48510028,37867575,41854964,48510028,41854964,
创意艺术	导演张小策	
创意艺术	上海	338558347,338558347,334662925,334662925,277361137,277361137,26431690,26431690,318622035,318622035,331434969,331434969,343144723,343144723,290990080,290990080,350006790,350006790,329149351,329149351,
装饰装潢	上海	346620988,48509984,346620988,300977631,48509984,300977631,302703400,48509984,302703400,297652170,48509984,297652170,63537524,48509984,63537524,22718621,48509984,22718621,323889314,48509984,323889314,266177406,48509984,266177406,268828846,48509984,268828846,292964844,48509984,292964844,
	17小鱼儿	61830063,61830063,
	明象	321941806,321941806,328057590,328057590,326662703,326662703,314984309,314984309,313272306,313272306,312663233,312663233,309519538,309519538,309801428,309801428,299806029,299806029,307366340,307366340,
	杭州市	
金融	深圳市	308351728,308351728,324508190,324508190,34309719,34309719,299175219,299175219,291555911,291555911,293697804,293697804,50494890,50494890,268451207,268451207,57200887,57200887,26376658,26376658,
法律	天雨白	352171277,352171277,351772206,351772206,346602758,346602758,351728964,351728964,351360044,351360044,347886109,347886109,347875645,347875645,339329734,339329734,335946791,335946791,23978853,294817354,294817354,
互联网	北京市海淀区	311689143,48510028,311689143,312692348,48510028,312692348,64376336,48510028,64376336,64414948,48510028,64414948,65010611,48510028,65010611,64114972,48510028,64114972,64854709,48510028,64854709,64835446,48510028,64835446,63291009,48510028,63291009,
	贝尔地板	278523519,278523519,277978274,277978274,277093752,277093752,276518502,276518502,275510937,275510937,27143850,27143850,274251344,274251344,272038574,272038574,271478287,271478287,270799786,270799786,
高等教育	
互联网	首席体验官	303985265,303985265,61390670,61390670,35545724,35545724,280335859,280335859,26656153,26656153,350692548,350692548,21606103,21606103,38166864,38166864,295498033,295498033,320632424,320632424,
	有调App	27325555,27325555,297510890,297510890,34523794,34523794,22070299,22070299,27501847,27501847,21565205,21565205,21910929,21910929,34664264,34664264,296531774,296531774,48320274,48320274,
	欧深移民	59257447,59257447,318671369,318671369,63692397,63692397,317560743,317560743,286565904,286565904,60529182,60529182,37391962,37391962,312640483,312640483,312879822,312879822,19607125,19607125,
	一周进步	65019555,48510028,65019555,264080300,48510028,264080300,314855191,48510028,314855191,28013848,48510028,28013848,320226763,48510028,320226763,347499041,48510028,347499041,24523653,48510028,24523653,24369655,48510028,24369655,292372507,48510028,292372507,290952318,48510028,290952318,
装饰装潢	独立室内设计师	348541327,48509984,348541327,51464931,48509984,51464931,276638436,48509984,276638436,274812470,48509984,274812470,29870169,48509984,29870169,267616821,48509984,267616821,267191895,48509984,267191895,24399575,48509984,24399575,68589625,48509984,68589625,22084816,48509984,22084816,
	uemo魔艺	314016519,48510028,314016519,316315575,48510028,316315575,313706830,48510028,313706830,304491894,313453848,48510028,313453848,314928506,48510028,314928506,315712065,48510028,315712065,301461842,48510028,301461842,287910185,309791414,48510028,309791414,308944728,48510028,308944728,26009615,19573039,298891461,48510028,298891461,
	科技	352080473,48510028,352080473,348970353,48510028,348970353,350786596,48510028,350786596,349998035,48510028,349998035,349705396,48510028,349705396,343191468,48510028,343191468,347899440,48510028,347899440,347545402,48510028,347545402,346965791,48510028,346965791,347530825,48510028,347530825,
教育		
	李银河	
汽车		321699296,48509984,321699296,28801374,48509984,28801374,316202908,48509984,316202908,315423961,48509984,315423961,314715703,48509984,314715703,307423955,48509984,307423955,56787286,48509984,56787286,308953474,48509984,308953474,20915773,48509984,20915773,277121088,48509984,277121088,
高新科技	深圳市	
计算机软件	新泽西	349756939,48509984,349756939,349203766,48509984,349203766,332293687,48509984,332293687,322628956,48509984,322628956,310485097,48509984,310485097,305246119,48509984,305246119,301860721,48509984,301860721,301791037,48509984,301791037,294210442,48509984,294210442,277094266,48509984,277094266,

	知一声	306455395,48510028,306455395,26726794,48510028,26726794,19890335,48510028,19890335,26292855,48510028,26292855,34365723,21039981,65347328,
	平安北京	62352863,48510028,62352863,58292407,48510028,58292407,326429999,48510028,326429999,58299355,48510028,58299355,275342436,48510028,275342436,34986506,48510028,34986506,311080765,48510028,311080765,310942259,48510028,310942259,39004511,48510028,39004511,
	Awehome海外租房	268912387,48510028,268912387,34867444,48510028,34867444,340007309,48510028,340007309,20830287,48510028,20830287,265815670,48510028,265815670,60660647,48510028,60660647,19782404,48510028,19782404,68363033,48510028,68363033,24440904,48510028,24440904,23822577,48510028,23822577,
高等教育		317523085,317523085,313492534,313492534,273515179,273515179,309235715,309235715,296010897,296010897,64732104,64732104,60353835,60353835,62905791,62905791,62113439,62113439,56385389,56385389,
银行	至诚小爱	347107650,347107650,333381641,333381641,335140750,335140750,267407563,267407563,330743758,330743758,329517634,329517634,271379355,271379355,52999000,52999000,325722786,325722786,325183640,325183640,
创意艺术	北京	263857594,263857594,29901929,29901929,30062423,30062423,20184884,20184884,41475366,41475366,33054403,33054403,20043508,20043508,19667155,19667155,19564268,19564268,





























